Var1,Var2,y,pred
1,1,0.0,0.030703487
1,2,0.0,0.0034245085
1,3,0.0,0.0032468298
1,4,0.0,0.003363702
1,5,0.0,0.0027220347
1,6,0.0,0.0032249317
1,7,0.0,0.003493749
1,8,0.0,0.0025578444
1,9,0.0,0.002646173
1,10,0.0,0.0024068244
1,11,0.0,0.0024358626
1,12,0.0,0.002610268
1,13,0.0,0.0022029914
1,14,0.0,0.0022077635
1,15,0.0,0.0014625951
1,16,0.0,0.001850157
1,17,0.0,0.0025923294
1,18,0.0,0.0035410784
1,19,0.0,0.002783467
1,20,0.0,0.0024420768
1,21,0.168232831306886,0.0022867392
1,22,0.0,0.0014835154
1,23,0.0,0.0023618774
1,24,0.193537247164001,0.00245158
1,25,0.0,0.0024793223
1,26,0.0,0.0031153564
1,27,0.0,0.0015858915
1,28,0.0,0.001486185
1,29,0.0,0.0023027156
1,30,0.0,0.0028807796
1,31,0.0,0.0025893468
1,32,0.0,0.0023158211
1,33,-0.167148523052502,0.002160455
1,34,0.0,0.0014890241
1,35,0.0,0.002335527
1,36,-0.168789808156552,0.0023885928
1,37,0.0,0.0015396094
1,38,0.0,0.002693073
1,39,0.0,0.0014931886
1,40,0.0,0.0024266774
1,41,0.0,0.0025946773
1,42,0.0,0.0020150729
1,43,0.173885825340524,0.0023926445
1,44,0.0,0.0020435578
1,45,-0.161769024504145,0.0018905303
1,46,0.0,0.003487506
1,47,0.0,0.0027575353
1,48,0.0,0.0023913612
1,49,0.0,0.0027746055
1,50,0.0,0.0027685184
1,51,-0.182139185025224,0.0027362178
1,52,0.0,0.0018895897
1,53,0.167061974241682,0.002468842
1,54,0.0,0.0026254929
1,55,0.0,0.002706355
1,56,0.0,0.0023421776
1,57,0.0,0.0023083868
1,58,0.0,0.0024427855
1,59,0.0,0.0014916067
1,60,0.0,0.0027001533
1,61,0.0,0.0019277483
1,62,0.0,0.0015689819
1,63,0.0,0.0023872955
1,64,0.0,0.003656839
1,65,0.163975696598098,0.0017857198
1,66,0.0,0.0019036634
1,67,0.162032689832701,0.002466306
1,68,0.0,0.0014812192
1,69,0.0,0.002559465
1,70,0.0,0.0017917035
1,71,0.0,0.0027362653
1,72,0.0,0.002619741
1,73,0.0,0.0019445661
1,74,-0.176348847002727,0.0014702748
1,75,0.0,0.0025607636
1,76,0.0,0.0027642758
1,77,0.0,0.0016690847
1,78,0.0,0.0025456524
1,79,0.0,0.0023352527
1,80,0.0,0.0020781006
1,81,0.0,0.0025927695
1,82,0.0,0.0024009524
1,83,0.0,0.0025506201
1,84,0.0,0.0022028456
1,85,0.0,0.0025933739
1,86,0.0,0.0025276411
1,87,0.0,0.002237508
1,88,-0.166941618362018,0.0032842075
1,89,0.0,0.003203529
1,90,0.0,0.0034789094
1,91,0.0,0.0023563416
1,92,-0.163702569963786,0.0033000861
1,93,0.0,0.0014935872
1,94,0.0,0.0014690356
1,95,0.160135078175838,0.0022152453
1,96,0.0,0.0029542511
1,97,0.0,0.0024841568
1,98,0.0,0.002426013
1,99,0.0,0.0017455625
1,100,0.0,0.0026666918
1,101,0.0,0.0023912373
1,102,0.0,0.0036675967
1,103,0.0,0.0032081455
1,104,0.0,0.0023921118
1,105,0.0,0.0033288258
1,106,0.0,0.0017746487
1,107,0.0,0.0028845337
1,108,0.0,0.0024262355
1,109,0.0,0.003339902
1,110,0.0,0.0020878343
1,111,0.0,0.002459379
1,112,-0.168829956806245,0.0024678688
1,113,0.0,0.00196167
1,114,0.0,0.002549789
1,115,0.0,0.0017398358
1,116,0.0,0.0014839983
1,117,0.0,0.0016756481
1,118,0.0,0.0020370758
1,119,0.0,0.001703206
1,120,0.0,0.0019553453
1,121,0.0,0.0022977786
1,122,0.0,0.002198514
1,123,0.157488394749359,0.0024896706
1,124,-0.16368428518251,0.0034906482
1,125,0.0,0.0025196406
1,126,0.0,0.0026245867
1,127,0.163138610203708,0.0023661745
1,128,0.0,0.0028041876
1,129,0.0,0.0014754375
1,130,0.0,0.0016973177
1,131,0.0,0.0021770075
1,132,0.0,0.001841607
1,133,0.0,0.003627921
1,134,0.0,0.0017623799
1,135,0.0,0.002384605
1,136,0.167163295024619,0.0017744387
1,137,0.0,0.0016363161
1,138,0.0,0.002704918
1,139,0.0,0.0035043568
1,140,0.0,0.0018676436
1,141,0.0,0.0021698913
1,142,0.0,0.0017002281
1,143,0.0,0.0021897494
1,144,0.175952278650154,0.0025517922
1,145,0.0,0.0026118616
1,146,0.0,0.0035863053
1,147,0.0,0.0025444282
1,148,-0.15498442995086,0.0027839313
1,149,0.0,0.0017424342
1,150,0.0,0.0014873715
1,151,0.0,0.0035629296
1,152,0.0,0.0016478156
1,153,0.0,0.0031434936
1,154,0.0,0.002104343
1,155,0.0,0.0022930247
1,156,0.0,0.0014900845
1,157,0.165543742711443,0.0020701792
1,158,0.0,0.0035530431
1,159,0.0,0.0035358397
1,160,0.0,0.002569226
1,161,0.0,0.0019539078
1,162,0.0,0.0030964124
1,163,-0.1676817835928,0.0017309459
1,164,0.0,0.002780904
1,165,0.0,0.0023175972
1,166,0.0,0.0014806953
1,167,0.0,0.0030098618
1,168,0.0,0.0032845289
1,169,0.0,0.0025834264
1,170,0.0,0.0016877125
1,171,0.0,0.0027427548
1,172,0.0,0.0027305493
1,173,0.0,0.0023787888
1,174,0.0,0.002323287
1,175,0.0,0.002613043
1,176,0.0,0.002875404
1,177,0.0,0.0025931364
1,178,0.159113694476504,0.002159777
1,179,0.0,0.0015865387
1,180,0.0,0.0019671917
1,181,0.0,0.0021250993
1,182,0.0,0.0015086732
1,183,0.0,0.0024951603
1,184,0.0,0.0018515736
1,185,0.0,0.0018542549
1,186,0.0,0.002744696
1,187,0.0,0.0027703764
1,188,0.0,0.0014740168
1,189,0.0,0.0020455709
1,190,0.0,0.0027719089
1,191,0.0,0.003437532
1,192,0.0,0.0022011073
1,193,0.0,0.0014992077
1,194,0.0,0.0023640082
1,195,0.0,0.002915706
1,196,0.0,0.0025094147
1,197,0.0,0.0024972297
1,198,0.0,0.0021858262
1,199,0.0,0.0016358914
1,200,0.0,0.002790826
1,201,0.0,0.0026779217
1,202,0.0,0.0014807009
1,203,0.0,0.0019852458
1,204,0.0,0.0025713723
1,205,0.0,0.0016606147
1,206,0.0,0.0017415257
1,207,0.0,0.0025467868
1,208,0.0,0.0021398356
1,209,0.0,0.0033079102
1,210,0.0,0.0024105324
1,211,0.0,0.0026078057
1,212,0.0,0.0023996742
1,213,0.0,0.0025152536
1,214,0.0,0.0026824302
1,215,0.0,0.0024469658
1,216,0.0,0.0027848417
1,217,0.0,0.0025519729
1,218,0.0,0.00174753
1,219,0.0,0.0032989113
1,220,-0.17168570928924,0.0026344424
1,221,0.0,0.0015230887
1,222,0.0,0.0014928374
1,223,0.0,0.002312724
1,224,0.166406970581966,0.0015620822
1,225,0.0,0.0028008884
1,226,0.0,0.0026119133
1,227,0.0,0.0024400367
1,228,-0.157172528723672,0.0023484775
1,229,0.0,0.0029031718
1,230,0.0,0.0019613393
1,231,0.0,0.0017418205
1,232,0.0,0.0025010947
1,233,0.0,0.001616233
1,234,0.0,0.0019361549
1,235,0.0,0.002333194
1,236,0.0,0.0017390056
1,237,0.0,0.0020376667
1,238,0.0,0.002380238
1,239,0.0,0.003193906
1,240,-0.16209903365656,0.0019512014
1,241,0.0,0.0027992963
1,242,0.0,0.0014791442
1,243,0.0,0.0023605684
1,244,0.0,0.0035440666
1,245,0.0,0.0015413337
1,246,0.0,0.0019841436
1,247,0.0,0.002419223
1,248,0.0,0.002773161
1,249,0.0,0.002780348
1,250,0.0,0.0025552493
1,251,0.0,0.001491894
1,252,0.0,0.0036031478
1,253,0.0,0.0019422295
1,254,0.0,0.0023418204
1,255,0.158293089621553,0.002746914
1,256,0.0,0.0022577667
1,257,0.0,0.0024713576
1,258,0.0,0.0017558695
1,259,0.0,0.00219473
1,260,0.0,0.0023706993
1,261,0.0,0.0022618393
1,262,0.0,0.001663473
1,263,-0.154154170050965,0.0025957809
1,264,0.0,0.0031635906
1,265,0.0,0.0035250792
1,266,0.0,0.0016703708
1,267,-0.167039289117575,0.0023390828
1,268,0.0,0.003279584
2,1,0.0,0.0034245085
2,2,0.0,0.030703487
2,3,0.0,0.0025746985
2,4,0.0,0.0024309158
2,5,0.0,0.0034610745
2,6,0.0,0.0024341457
2,7,0.0,0.0025534774
2,8,0.0,0.0034861942
2,9,0.0,0.0021770648
2,10,0.0,0.0026892726
2,11,0.0,0.0025612968
2,12,-0.134835698180934,0.0025913497
2,13,0.0,0.0024475325
2,14,0.0,0.0035732011
2,15,0.0,0.0023292135
2,16,0.0,0.0015555336
2,17,0.0,0.0034245793
2,18,0.0,0.0023412448
2,19,0.0,0.0025415076
2,20,0.0,0.0020822752
2,21,0.0,0.0025212052
2,22,0.0,0.0036187107
2,23,0.0,0.0027507334
2,24,0.0,0.003509242
2,25,0.0,0.0032696174
2,26,0.0,0.0026528877
2,27,0.0,0.0018766318
2,28,0.0,0.002423429
2,29,0.0,0.002566956
2,30,0.0,0.0035020448
2,31,0.0,0.0015441426
2,32,0.0,0.002844023
2,33,0.0,0.0034617484
2,34,0.0,0.0026301066
2,35,0.0,0.0024451981
2,36,0.0,0.0027697878
2,37,0.0,0.0023078062
2,38,0.0,0.0022266158
2,39,0.138552586063496,0.0017877962
2,40,0.0,0.0035745543
2,41,0.0,0.0024566124
2,42,0.153436703781963,0.002784518
2,43,0.0,0.0027607018
2,44,0.0,0.0024645585
2,45,0.0,0.0033602086
2,46,0.0,0.0030074432
2,47,0.0,0.0025104247
2,48,0.0,0.0034453268
2,49,0.0,0.0027645812
2,50,0.0,0.0023154137
2,51,0.0,0.0023994804
2,52,0.0,0.0027672895
2,53,0.0,0.0015940471
2,54,0.0,0.0023025717
2,55,0.0,0.002133815
2,56,0.149760231417445,0.002782188
2,57,0.0,0.0027845367
2,58,0.0,0.0031413026
2,59,0.0,0.0027333973
2,60,0.0,0.002496536
2,61,0.0,0.0034844782
2,62,0.0,0.002770864
2,63,0.0,0.0035504955
2,64,0.0,0.0023377794
2,65,0.0,0.002589066
2,66,0.149607489534704,0.00338959
2,67,0.0,0.0014980403
2,68,0.0,0.0024480922
2,69,0.0,0.0026054578
2,70,0.0,0.00362735
2,71,0.0,0.0027516293
2,72,0.0,0.002369822
2,73,0.0,0.0023085293
2,74,0.0,0.003577571
2,75,0.0,0.0034998995
2,76,0.0,0.0024543237
2,77,0.0,0.0023698085
2,78,0.0,0.0025644577
2,79,0.0,0.0025994037
2,80,0.0,0.0024490976
2,81,0.0,0.0018347166
2,82,0.0,0.0026517422
2,83,0.0,0.0035921717
2,84,0.0,0.0022501936
2,85,0.0,0.002610281
2,86,0.0,0.003605816
2,87,0.0,0.002719866
2,88,0.0,0.0027432386
2,89,0.0,0.002787517
2,90,0.0,0.002499614
2,91,0.0,0.0027660918
2,92,0.0,0.0031009926
2,93,0.0,0.002383097
2,94,0.0,0.003109564
2,95,0.0,0.0023204684
2,96,0.0,0.0026024194
2,97,0.0,0.00164604
2,98,0.0,0.0024825307
2,99,0.0,0.0018791882
2,100,0.0,0.0023330543
2,101,0.0,0.0027699578
2,102,0.0,0.0031634402
2,103,0.0,0.003133947
2,104,0.0,0.0015957076
2,105,0.0,0.002297901
2,106,0.0,0.0027487553
2,107,0.0,0.0035624192
2,108,0.0,0.0024235756
2,109,0.0,0.003116127
2,110,0.0,0.0033925474
2,111,0.0,0.002635316
2,112,0.0,0.0031291503
2,113,0.0,0.0026262864
2,114,0.0,0.0023872163
2,115,0.0,0.0029201265
2,116,0.0,0.0018576626
2,117,0.0,0.0027606566
2,118,0.0,0.002624188
2,119,-0.160006758500383,0.0033165254
2,120,0.0,0.0023963568
2,121,0.0,0.003154526
2,122,0.0,0.0017297212
2,123,0.0,0.0024932404
2,124,0.0,0.002366025
2,125,0.0,0.001837214
2,126,0.0,0.0034405058
2,127,0.0,0.0032502846
2,128,-0.144345663563475,0.0027226675
2,129,0.0,0.0015927032
2,130,0.0,0.002501416
2,131,0.0,0.0035767606
2,132,0.0,0.0027865134
2,133,0.0,0.0027615875
2,134,0.0,0.0031876294
2,135,0.0,0.0025176061
2,136,0.0,0.0027747964
2,137,0.0,0.0027603488
2,138,0.0,0.00245183
2,139,0.0,0.002465956
2,140,0.0,0.0028948705
2,141,0.0,0.002637763
2,142,0.0,0.0032644938
2,143,0.0,0.0024565891
2,144,0.0,0.0036113458
2,145,0.0,0.0024963575
2,146,0.0,0.0032634032
2,147,0.0,0.0026046657
2,148,0.0,0.002390734
2,149,0.0,0.0026004692
2,150,0.0,0.0027689985
2,151,0.0,0.0024530059
2,152,0.0,0.0025851442
2,153,0.0,0.0026682308
2,154,0.0,0.0031414805
2,155,0.0,0.0033660987
2,156,0.0,0.0035808985
2,157,0.0,0.0023914077
2,158,0.141059082762677,0.0014830129
2,159,0.136539790724327,0.0034060641
2,160,0.0,0.0018069046
2,161,0.0,0.002489511
2,162,0.0,0.002528681
2,163,0.0,0.0015033954
2,164,0.0,0.003456647
2,165,0.0,0.002417867
2,166,0.0,0.0035255905
2,167,0.0,0.0024432172
2,168,0.0,0.0023838715
2,169,0.133328144302621,0.0023862305
2,170,0.143594706147822,0.0023404006
2,171,0.151425133360334,0.0029397253
2,172,0.0,0.0036110673
2,173,0.0,0.0023712986
2,174,0.0,0.0024043927
2,175,0.0,0.0027690032
2,176,0.0,0.0034105498
2,177,0.0,0.0035974677
2,178,0.0,0.0018265974
2,179,0.0,0.0015353253
2,180,0.0,0.003426034
2,181,0.0,0.0030634124
2,182,0.0,0.0015835799
2,183,0.0,0.0020842664
2,184,0.0,0.0024079983
2,185,0.0,0.0033712317
2,186,0.0,0.002728139
2,187,0.149025039710085,0.003487558
2,188,0.0,0.002445946
2,189,0.0,0.002309654
2,190,0.0,0.0025496073
2,191,0.0,0.0027807476
2,192,0.0,0.0028866301
2,193,0.0,0.002483245
2,194,0.0,0.0034451447
2,195,0.0,0.0016744873
2,196,0.0,0.001598876
2,197,0.0,0.0015362366
2,198,0.0,0.0030659907
2,199,0.0,0.0035377918
2,200,0.0,0.0026002442
2,201,0.0,0.002139201
2,202,0.0,0.002387355
2,203,0.0,0.0028804732
2,204,-0.154539827682984,0.0024493146
2,205,0.0,0.0033302964
2,206,0.0,0.0030633276
2,207,0.0,0.002396604
2,208,-0.144345254719932,0.0017523104
2,209,0.0,0.002578699
2,210,0.0,0.0026216
2,211,0.0,0.003610517
2,212,0.0,0.00255717
2,213,0.0,0.0030301302
2,214,0.0,0.0035603796
2,215,0.0,0.0017963229
2,216,0.0,0.0016992595
2,217,0.0,0.0026038438
2,218,0.0,0.0026051388
2,219,0.0,0.00309736
2,220,0.0,0.0025964952
2,221,0.0,0.0029227766
2,222,0.0,0.0015099081
2,223,0.0,0.0025728955
2,224,0.0,0.0025489214
2,225,0.0,0.0023175091
2,226,0.0,0.0033739726
2,227,0.0,0.0027021966
2,228,0.0,0.0024076253
2,229,0.0,0.002939512
2,230,0.0,0.0020366963
2,231,0.0,0.001592333
2,232,0.0,0.0034575178
2,233,-0.139770693099562,0.0027177064
2,234,0.0,0.002511873
2,235,0.134104063240397,0.0027400386
2,236,-0.129045835001834,0.0026209136
2,237,0.0,0.0027137701
2,238,0.0,0.003627494
2,239,0.0,0.0027786656
2,240,0.0,0.0025921124
2,241,0.0,0.0027174633
2,242,0.0,0.0034528915
2,243,0.0,0.0035095704
2,244,0.0,0.002355393
2,245,0.0,0.0024837726
2,246,0.0,0.00228662
2,247,0.0,0.0026124483
2,248,0.0,0.001538205
2,249,0.0,0.0023475047
2,250,0.0,0.0025505512
2,251,0.0,0.0026625856
2,252,0.0,0.0015399782
2,253,0.136801109255554,0.0019890713
2,254,0.0,0.002727782
2,255,0.0,0.00246601
2,256,0.0,0.0027694022
2,257,0.0,0.0035708514
2,258,0.0,0.0032748198
2,259,0.0,0.0029526562
2,260,0.0,0.0024855258
2,261,0.0,0.0033988827
2,262,0.0,0.0027991007
2,263,0.0,0.0015432024
2,264,0.0,0.0029055653
2,265,0.0,0.0026721857
2,266,0.0,0.0027596839
2,267,0.0,0.0022338033
2,268,-0.147834861449196,0.0025582793
3,1,0.0,0.0032468298
3,2,0.0,0.0025746985
3,3,0.0,0.030703487
3,4,0.143433611460165,0.00202101
3,5,0.0,0.002691017
3,6,0.0,0.0029998897
3,7,0.0,0.0022788607
3,8,0.0,0.003094201
3,9,0.0,0.001960319
3,10,0.0,0.0029705553
3,11,0.0,0.0034288024
3,12,0.0,0.0027621826
3,13,0.0,0.001659221
3,14,0.0,0.003567549
3,15,0.0,0.0016951934
3,16,0.0,0.0027707228
3,17,0.0,0.002614005
3,18,0.0,0.002281908
3,19,0.0,0.0035577333
3,20,0.0,0.0014949143
3,21,0.0,0.0027797823
3,22,0.0,0.0026608403
3,23,0.0,0.0028598644
3,24,0.0,0.0031482931
3,25,0.0,0.0036318442
3,26,0.0,0.0018973649
3,27,0.0,0.0015446548
3,28,0.0,0.0020024343
3,29,0.0,0.0017124037
3,30,0.0,0.0035626325
3,31,0.0,0.0025629667
3,32,0.0,0.0025767996
3,33,0.0,0.00218766
3,34,0.0,0.0022038054
3,35,0.0,0.0026138513
3,36,0.0,0.0025645592
3,37,0.0,0.0026915665
3,38,0.0,0.0019667265
3,39,0.0,0.0018152101
3,40,0.160890565925217,0.0022834302
3,41,0.0,0.0026085912
3,42,0.0,0.0025300626
3,43,0.0,0.0021902658
3,44,0.0,0.0025766618
3,45,0.0,0.0027797613
3,46,0.140163701046366,0.0027943212
3,47,0.0,0.0027108924
3,48,0.0,0.0023098714
3,49,0.0,0.002660554
3,50,0.0,0.0026301919
3,51,0.0,0.0017164014
3,52,-0.139550441850809,0.001819158
3,53,0.0,0.002709697
3,54,0.0,0.0022380254
3,55,0.0,0.0024042614
3,56,0.0,0.0019855895
3,57,0.0,0.0025526453
3,58,0.0,0.0026158416
3,59,0.0,0.0023474353
3,60,0.0,0.0021774676
3,61,0.0,0.0025510383
3,62,0.0,0.0023402036
3,63,0.0,0.0015388327
3,64,0.0,0.002638687
3,65,0.0,0.0014923224
3,66,-0.152180468125069,0.0024784924
3,67,0.0,0.0026792237
3,68,0.0,0.0016756216
3,69,0.0,0.0026089847
3,70,0.0,0.0027648443
3,71,0.0,0.00297641
3,72,0.0,0.0025268584
3,73,0.0,0.0026212414
3,74,0.0,0.0030004312
3,75,0.0,0.0026264586
3,76,0.0,0.002215595
3,77,0.0,0.0022569825
3,78,0.0,0.0023409268
3,79,0.0,0.002433753
3,80,0.0,0.0027106865
3,81,0.0,0.002739862
3,82,0.0,0.0025956337
3,83,0.0,0.0022686794
3,84,0.0,0.0027650148
3,85,0.0,0.002368533
3,86,0.0,0.001483581
3,87,0.0,0.0027708588
3,88,0.0,0.0029113581
3,89,0.0,0.0031888462
3,90,0.0,0.001530257
3,91,0.0,0.0022704145
3,92,0.0,0.0036228383
3,93,0.0,0.003609464
3,94,0.0,0.0016758279
3,95,0.0,0.0029909858
3,96,0.0,0.0027704504
3,97,0.147946812253303,0.0024469378
3,98,0.0,0.0024225763
3,99,0.0,0.0029807235
3,100,0.0,0.0032104142
3,101,0.0,0.003508178
3,102,0.0,0.0023860782
3,103,0.0,0.0024083885
3,104,0.0,0.0018079472
3,105,0.0,0.0019079759
3,106,0.0,0.003067451
3,107,0.0,0.0026207194
3,108,0.0,0.0029611895
3,109,0.0,0.0029384317
3,110,0.0,0.0024765949
3,111,0.0,0.002384448
3,112,0.0,0.0024915882
3,113,0.0,0.0024465504
3,114,0.0,0.0019184984
3,115,0.0,0.0026087891
3,116,0.0,0.0024234187
3,117,0.145882519391742,0.0036148224
3,118,0.0,0.0022951444
3,119,0.0,0.0022534444
3,120,0.0,0.0026613632
3,121,0.0,0.002576794
3,122,0.0,0.0017381427
3,123,0.0,0.0025073104
3,124,0.0,0.0014921986
3,125,0.0,0.002860691
3,126,0.141921278639183,0.003445445
3,127,0.0,0.0020780936
3,128,0.0,0.0024232245
3,129,0.0,0.0024255537
3,130,0.0,0.0017042779
3,131,0.0,0.0027756384
3,132,0.0,0.002761528
3,133,0.0,0.003585359
3,134,0.0,0.002767596
3,135,0.0,0.0034843679
3,136,0.0,0.0018125847
3,137,0.0,0.0026772767
3,138,0.0,0.0023882147
3,139,0.0,0.0026341584
3,140,0.0,0.0014888411
3,141,0.0,0.002096069
3,142,0.0,0.0015625218
3,143,0.0,0.0017426214
3,144,0.0,0.002512352
3,145,0.0,0.0021974524
3,146,0.0,0.0025944584
3,147,0.0,0.0014883117
3,148,0.0,0.0022032652
3,149,0.0,0.0031755632
3,150,0.139971824533068,0.0018220237
3,151,0.0,0.0023197574
3,152,0.0,0.002319164
3,153,0.146189434907551,0.0027970346
3,154,0.0,0.0025490932
3,155,0.0,0.002634917
3,156,0.0,0.0031844475
3,157,0.0,0.0024295053
3,158,0.0,0.002619599
3,159,0.138888028498781,0.002387694
3,160,0.0,0.0023819148
3,161,0.0,0.0025322144
3,162,0.0,0.0033130315
3,163,0.0,0.0024863607
3,164,0.0,0.0023401603
3,165,0.0,0.0021885112
3,166,-0.149651608164756,0.0024556443
3,167,0.0,0.0019734306
3,168,0.0,0.0024134582
3,169,0.0,0.0023858594
3,170,0.0,0.0016256878
3,171,0.154029372141367,0.0023806584
3,172,0.0,0.002550535
3,173,0.0,0.0026898868
3,174,0.152109980657036,0.0020808782
3,175,0.0,0.0022904375
3,176,0.0,0.0032370398
3,177,0.0,0.0022962354
3,178,0.0,0.0017090114
3,179,0.0,0.002032794
3,180,0.0,0.001937164
3,181,0.147965749499158,0.0031544059
3,182,0.0,0.00303776
3,183,0.0,0.0026015504
3,184,0.0,0.0022898759
3,185,0.0,0.0024844194
3,186,0.0,0.0023896606
3,187,0.0,0.0024515595
3,188,0.0,0.0025718543
3,189,0.0,0.0026137298
3,190,0.0,0.0019242121
3,191,0.0,0.0027919533
3,192,0.0,0.002358846
3,193,-0.136275055532867,0.0023560785
3,194,0.0,0.0025823517
3,195,0.0,0.0021593762
3,196,0.0,0.003230751
3,197,0.0,0.0026259157
3,198,0.0,0.0029424746
3,199,0.0,0.0023343787
3,200,0.0,0.0032559596
3,201,0.0,0.0022654836
3,202,0.0,0.002572557
3,203,0.0,0.0027482477
3,204,0.0,0.0023126067
3,205,0.0,0.0022282968
3,206,0.0,0.0024637794
3,207,-0.140261528932886,0.00184632
3,208,0.0,0.0029703933
3,209,0.0,0.0023816032
3,210,0.0,0.002645081
3,211,0.0,0.0022205398
3,212,0.0,0.0024076626
3,213,0.0,0.002533752
3,214,0.0,0.0020636031
3,215,0.0,0.0030950936
3,216,0.0,0.0029721241
3,217,0.139275566553445,0.0024162661
3,218,0.0,0.002391248
3,219,0.0,0.0020164205
3,220,0.0,0.0031491108
3,221,0.0,0.0016569351
3,222,0.0,0.002420641
3,223,0.0,0.0021072896
3,224,0.0,0.0020597223
3,225,-0.146857293811672,0.0025159516
3,226,0.0,0.0020601563
3,227,0.0,0.0025234045
3,228,0.138688307989798,0.0025038123
3,229,0.0,0.0015941365
3,230,0.0,0.0028019752
3,231,0.0,0.0027652155
3,232,0.0,0.002461655
3,233,0.0,0.0024172878
3,234,0.0,0.0028645424
3,235,0.0,0.002504446
3,236,0.0,0.0018235301
3,237,0.0,0.0034961086
3,238,0.0,0.0023181718
3,239,0.145886694780904,0.0034052832
3,240,0.0,0.0024241796
3,241,0.0,0.0034860815
3,242,0.0,0.0020100926
3,243,0.0,0.0016821311
3,244,0.0,0.0025585028
3,245,0.0,0.0016399366
3,246,0.0,0.003080056
3,247,0.0,0.0023394795
3,248,0.0,0.0031667626
3,249,0.0,0.0033122874
3,250,0.0,0.0016551074
3,251,0.0,0.002299422
3,252,0.0,0.0030854112
3,253,0.0,0.002075274
3,254,0.143648255553304,0.0014933744
3,255,0.0,0.0015079915
3,256,0.0,0.002502751
3,257,0.0,0.0023564766
3,258,0.0,0.0023897528
3,259,0.0,0.002004725
3,260,0.0,0.0023050085
3,261,0.0,0.0025783493
3,262,0.0,0.0021603918
3,263,0.0,0.0034997729
3,264,0.0,0.0018237415
3,265,0.0,0.0025383178
3,266,0.0,0.0024531977
3,267,0.0,0.0023670592
3,268,0.0,0.0032449444
4,1,0.0,0.003363702
4,2,0.0,0.0024309158
4,3,0.0,0.00202101
4,4,-0.499493948416784,0.030703487
4,5,0.0,0.0029882835
4,6,0.0,0.002367396
4,7,0.0,0.0023644809
4,8,0.0,0.001509143
4,9,0.0,0.002248858
4,10,0.0,0.0031199013
4,11,0.0,0.0027520182
4,12,-0.141776775406771,0.0026798374
4,13,0.0,0.0032261629
4,14,0.0,0.0023009148
4,15,-0.173024592601734,0.0018574996
4,16,0.0,0.0032882784
4,17,0.0,0.0021705744
4,18,0.0,0.0024140337
4,19,0.0,0.0027670856
4,20,0.0,0.00236692
4,21,0.0,0.0027602278
4,22,0.0,0.0022495873
4,23,0.0,0.0027633249
4,24,0.0,0.002319823
4,25,0.0,0.002581344
4,26,0.0,0.0023017088
4,27,-0.158712772007282,0.0027000746
4,28,0.0,0.0024048104
4,29,0.0,0.0025797193
4,30,0.155934827736323,0.0026412136
4,31,0.0,0.0027152244
4,32,0.0,0.0026138355
4,33,0.0,0.0024694162
4,34,0.150305047528726,0.0030174055
4,35,0.0,0.0031937012
4,36,0.0,0.0018770532
4,37,0.0,0.0022735978
4,38,0.0,0.0021013967
4,39,0.0,0.002325208
4,40,0.0,0.0035391166
4,41,0.0,0.002471792
4,42,0.161335324285262,0.0025256653
4,43,0.0,0.0031615864
4,44,0.0,0.002803889
4,45,0.0,0.002446808
4,46,0.0,0.0027842773
4,47,0.0,0.0027443636
4,48,0.0,0.0022384622
4,49,0.0,0.0027073952
4,50,0.0,0.0031541102
4,51,0.0,0.0020527602
4,52,0.0,0.0018704198
4,53,0.0,0.0027348213
4,54,0.0,0.0035131671
4,55,0.0,0.0026175966
4,56,0.0,0.0024720258
4,57,0.0,0.0029538032
4,58,0.0,0.0024733478
4,59,0.0,0.0032739947
4,60,0.0,0.0024538934
4,61,0.0,0.002012175
4,62,0.0,0.0027720393
4,63,0.0,0.0026503643
4,64,0.0,0.0031086355
4,65,0.0,0.0024884264
4,66,0.0,0.0023184344
4,67,0.0,0.0022780304
4,68,0.0,0.002286653
4,69,-0.147257056700557,0.0025096545
4,70,0.0,0.00356559
4,71,0.0,0.00337438
4,72,0.0,0.0022731172
4,73,0.0,0.0027560713
4,74,0.0,0.0022659823
4,75,0.0,0.00284304
4,76,0.0,0.0030713635
4,77,0.0,0.0025565703
4,78,0.0,0.0015690341
4,79,0.0,0.0029913075
4,80,0.154252224701396,0.0024076523
4,81,0.0,0.0015026317
4,82,0.0,0.0026843674
4,83,0.0,0.0027423478
4,84,0.0,0.0030087456
4,85,0.0,0.0023695137
4,86,0.0,0.0024399487
4,87,0.0,0.0034598643
4,88,0.0,0.0030369526
4,89,0.0,0.0023145168
4,90,0.0,0.0025905129
4,91,0.0,0.0023801406
4,92,0.0,0.0024235174
4,93,0.0,0.0025626188
4,94,0.0,0.00271481
4,95,0.0,0.0021115746
4,96,0.0,0.0026226644
4,97,0.0,0.0031778798
4,98,0.0,0.0034050979
4,99,0.0,0.0036202162
4,100,0.0,0.0022288589
4,101,0.0,0.002463617
4,102,0.0,0.0024774931
4,103,0.0,0.002285961
4,104,0.0,0.0023138714
4,105,0.0,0.0024550594
4,106,0.0,0.0023392276
4,107,0.0,0.0023081969
4,108,0.0,0.0023066802
4,109,0.0,0.0027411524
4,110,0.0,0.003498056
4,111,0.0,0.0025511663
4,112,0.0,0.002375831
4,113,0.0,0.0027706497
4,114,0.0,0.0025808928
4,115,0.0,0.003559887
4,116,0.150619911817458,0.0015569963
4,117,0.0,0.0023661284
4,118,0.0,0.0023183813
4,119,-0.168243592531655,0.0026332727
4,120,0.0,0.0015912312
4,121,0.0,0.0022802986
4,122,0.0,0.002787874
4,123,0.0,0.002625632
4,124,0.0,0.002507131
4,125,0.0,0.0024820995
4,126,0.0,0.0025046375
4,127,0.0,0.0023865756
4,128,0.0,0.002647793
4,129,0.0,0.0027736202
4,130,0.0,0.002613421
4,131,0.0,0.002556705
4,132,0.156278752724537,0.0024178075
4,133,0.0,0.0027859043
4,134,0.0,0.0023240391
4,135,0.0,0.0026685842
4,136,0.0,0.0023063873
4,137,0.0,0.0027730367
4,138,0.0,0.0027393005
4,139,0.0,0.0018589688
4,140,0.0,0.0026718602
4,141,0.0,0.002885953
4,142,0.0,0.0025825663
4,143,0.0,0.0021083602
4,144,0.0,0.002601081
4,145,0.0,0.0017458773
4,146,0.0,0.0015278943
4,147,0.0,0.0023631542
4,148,0.0,0.0015931688
4,149,0.0,0.00277422
4,150,0.144688911534636,0.0034861146
4,151,0.0,0.0016727471
4,152,0.0,0.002406275
4,153,0.0,0.003366767
4,154,0.0,0.0028039967
4,155,0.0,0.002753106
4,156,0.0,0.0024151467
4,157,0.0,0.0022693877
4,158,-0.148320527617938,0.0025404766
4,159,0.0,0.0024241144
4,160,0.0,0.002684176
4,161,0.0,0.0027886322
4,162,0.0,0.0026999936
4,163,0.0,0.0027396427
4,164,0.0,0.0024985196
4,165,0.0,0.0016859006
4,166,0.0,0.00241085
4,167,0.0,0.0028023762
4,168,0.0,0.0023065764
4,169,0.0,0.0019911546
4,170,0.0,0.0015667803
4,171,0.0,0.0027473015
4,172,0.0,0.0027900846
4,173,0.0,0.0024170233
4,174,0.0,0.0026630517
4,175,0.0,0.0024432759
4,176,0.152115900322388,0.0030103251
4,177,-0.145065927678224,0.0017709066
4,178,0.0,0.0027558436
4,179,0.15321451199851,0.0036244951
4,180,0.0,0.0027461895
4,181,0.0,0.0025012325
4,182,0.0,0.0025222888
4,183,0.0,0.0017281566
4,184,0.0,0.00278138
4,185,0.0,0.0025445586
4,186,0.151497045207574,0.0021934202
4,187,0.0,0.0025592307
4,188,0.0,0.0026076147
4,189,0.0,0.002600906
4,190,0.0,0.0022290973
4,191,0.0,0.0023995056
4,192,-0.157175886576633,0.002529726
4,193,0.0,0.0020381557
4,194,0.0,0.0023378725
4,195,0.0,0.003051347
4,196,0.0,0.002487637
4,197,0.0,0.003503236
4,198,0.0,0.0034111268
4,199,0.0,0.003058339
4,200,0.0,0.0025634062
4,201,0.0,0.0036065946
4,202,0.0,0.0025955075
4,203,0.0,0.002427381
4,204,0.0,0.0023616045
4,205,0.0,0.0026084138
4,206,0.0,0.0035544438
4,207,0.0,0.0026595294
4,208,0.0,0.0023431806
4,209,0.0,0.0036268695
4,210,0.0,0.002334165
4,211,0.0,0.0022719325
4,212,0.0,0.003522004
4,213,0.0,0.0027257944
4,214,0.0,0.0026611136
4,215,0.0,0.0027498715
4,216,0.0,0.002786545
4,217,0.0,0.00269221
4,218,0.154641520016051,0.0027923402
4,219,0.0,0.0027611302
4,220,0.0,0.0023869136
4,221,0.0,0.0026727645
4,222,0.0,0.0035567344
4,223,0.0,0.0017986139
4,224,0.0,0.0033162278
4,225,0.151806422924159,0.002341739
4,226,0.0,0.0022728462
4,227,0.0,0.0028195973
4,228,0.0,0.0023002797
4,229,0.0,0.0025800397
4,230,0.0,0.002590496
4,231,0.0,0.002334739
4,232,-0.141830458311328,0.002609971
4,233,0.0,0.0025914595
4,234,0.0,0.0024282038
4,235,0.0,0.0025861952
4,236,0.0,0.0016245423
4,237,0.0,0.0027641896
4,238,0.0,0.0035155523
4,239,0.150803114452852,0.0034854286
4,240,0.147855764425282,0.002359021
4,241,0.0,0.0025355294
4,242,0.0,0.0024852385
4,243,0.0,0.003575198
4,244,0.0,0.0031950446
4,245,0.0,0.0026145582
4,246,0.0,0.0029187147
4,247,0.0,0.0025002416
4,248,0.0,0.00260454
4,249,0.0,0.0016344972
4,250,0.0,0.0021297308
4,251,0.0,0.003599409
4,252,0.152953714200969,0.0024483707
4,253,0.0,0.0023744488
4,254,0.0,0.0016139317
4,255,0.0,0.0024234126
4,256,0.0,0.0024029296
4,257,0.0,0.0035125385
4,258,0.0,0.002380283
4,259,0.0,0.0021024765
4,260,0.0,0.0024991129
4,261,0.0,0.0019420283
4,262,0.0,0.0021134033
4,263,0.0,0.0029734354
4,264,0.0,0.001535479
4,265,0.0,0.0017068353
4,266,-0.162952742976592,0.0023166612
4,267,0.0,0.002593644
4,268,0.0,0.0024548378
5,1,0.0,0.0027220347
5,2,0.0,0.0034610745
5,3,0.0,0.002691017
5,4,0.0,0.0029882835
5,5,0.0,0.030703487
5,6,0.0,0.0025967103
5,7,0.0,0.0019340236
5,8,0.0,0.0023308424
5,9,0.0,0.0015141219
5,10,0.0,0.0025008302
5,11,0.0,0.001701301
5,12,0.0,0.003083645
5,13,0.0,0.0026125452
5,14,0.0,0.0034885248
5,15,0.0,0.0025677825
5,16,0.164908010915699,0.0023959083
5,17,0.0,0.002422948
5,18,0.0,0.0016214945
5,19,0.0,0.0023938343
5,20,0.0,0.0027467543
5,21,-0.169133764551926,0.0027113776
5,22,0.0,0.0027525863
5,23,0.0,0.0023273458
5,24,0.0,0.0024219444
5,25,0.0,0.0016274578
5,26,0.159355092199298,0.0028286525
5,27,-0.174933748839485,0.0030778279
5,28,0.0,0.0030790982
5,29,0.180621220487157,0.0026069293
5,30,0.0,0.0033493512
5,31,-0.165365395482391,0.0030952096
5,32,0.0,0.0035263817
5,33,0.0,0.0023726653
5,34,0.0,0.0025614914
5,35,0.0,0.0026270594
5,36,0.0,0.002222512
5,37,0.0,0.0027557774
5,38,0.0,0.0025891787
5,39,0.0,0.0018366715
5,40,0.0,0.0024047517
5,41,0.0,0.0035075834
5,42,0.0,0.0024297591
5,43,0.0,0.0034923991
5,44,0.0,0.002669767
5,45,0.162635342279702,0.0031894147
5,46,0.0,0.0024351724
5,47,0.0,0.0024455716
5,48,0.0,0.003260781
5,49,0.0,0.0031994795
5,50,0.0,0.0022423249
5,51,0.0,0.0023995875
5,52,0.0,0.0016077193
5,53,0.0,0.0034805285
5,54,0.0,0.0024590609
5,55,0.0,0.0027853074
5,56,0.0,0.0026487461
5,57,0.0,0.0027418286
5,58,0.0,0.0024775746
5,59,0.0,0.0025595715
5,60,0.0,0.0032843319
5,61,0.0,0.0023057149
5,62,0.0,0.0015567341
5,63,0.0,0.0024756696
5,64,0.0,0.0021123951
5,65,0.0,0.003458655
5,66,0.0,0.0025903704
5,67,0.0,0.0035079755
5,68,0.0,0.0025336696
5,69,0.162307221062934,0.0034959754
5,70,0.0,0.0033467389
5,71,0.0,0.0024128575
5,72,0.0,0.0036188136
5,73,0.0,0.0023986828
5,74,0.0,0.0027698525
5,75,0.0,0.0031929105
5,76,0.0,0.0017198087
5,77,0.0,0.0026959167
5,78,-0.174550139735182,0.0026300917
5,79,0.0,0.002951324
5,80,0.0,0.0027658395
5,81,0.0,0.0027194517
5,82,0.0,0.0026137829
5,83,0.0,0.0024510347
5,84,0.0,0.0018649483
5,85,0.0,0.0016375729
5,86,0.0,0.002486493
5,87,0.0,0.002826604
5,88,0.0,0.0031315903
5,89,0.0,0.0031216824
5,90,0.0,0.0022586002
5,91,0.0,0.0023977295
5,92,0.0,0.0016655568
5,93,0.0,0.0032608355
5,94,0.0,0.0023827585
5,95,0.0,0.002706734
5,96,0.0,0.002573329
5,97,0.0,0.0024813078
5,98,0.0,0.0026656128
5,99,0.0,0.002837224
5,100,0.0,0.0026480593
5,101,0.0,0.0026942464
5,102,0.0,0.002633755
5,103,0.166483894541732,0.0022024792
5,104,0.0,0.0025831456
5,105,0.0,0.002948814
5,106,0.0,0.0027022595
5,107,0.0,0.003323562
5,108,0.0,0.0014831228
5,109,0.0,0.0034080856
5,110,0.164034047997787,0.0024285102
5,111,0.0,0.0024739266
5,112,0.0,0.00294148
5,113,0.0,0.002740373
5,114,0.0,0.0031161085
5,115,0.0,0.0031461027
5,116,0.0,0.003280614
5,117,0.0,0.0021728845
5,118,0.0,0.002788426
5,119,0.0,0.0025511035
5,120,0.0,0.0025736848
5,121,0.0,0.0022395272
5,122,0.16675262460951,0.0036316095
5,123,0.0,0.0024235412
5,124,0.0,0.0024027904
5,125,0.163553980498087,0.0032228907
5,126,0.0,0.002311801
5,127,0.0,0.0025618454
5,128,0.167288340817888,0.0025632228
5,129,0.0,0.0035213162
5,130,0.0,0.001642975
5,131,0.0,0.0026988871
5,132,0.0,0.002852941
5,133,-0.170404816624017,0.0024594269
5,134,0.0,0.0023747985
5,135,0.0,0.002735518
5,136,0.0,0.0027112244
5,137,0.0,0.002162993
5,138,0.0,0.002651563
5,139,0.0,0.003294752
5,140,0.0,0.0036033606
5,141,0.0,0.0020519271
5,142,0.0,0.0018617492
5,143,0.161611363843179,0.0022908882
5,144,0.176894551666336,0.0035310523
5,145,0.0,0.0026809964
5,146,0.0,0.0031066206
5,147,0.0,0.0025428776
5,148,0.0,0.002443125
5,149,0.0,0.0016021035
5,150,0.0,0.0022951183
5,151,0.0,0.0034321551
5,152,-0.171539632811192,0.0024179658
5,153,0.0,0.0035837279
5,154,0.0,0.0025129542
5,155,0.0,0.0025691055
5,156,0.0,0.0026367963
5,157,-0.166430275144848,0.0016728872
5,158,0.0,0.0034851641
5,159,0.0,0.0023734644
5,160,0.0,0.0021133623
5,161,0.0,0.0029908675
5,162,0.0,0.0019385652
5,163,0.0,0.00258742
5,164,0.155411745250223,0.0024324702
5,165,0.0,0.0034984057
5,166,0.0,0.0024302062
5,167,0.0,0.0027385051
5,168,0.166123711387925,0.00259068
5,169,0.0,0.0027632955
5,170,0.166418024266714,0.0031334516
5,171,0.0,0.0036151134
5,172,0.0,0.002530485
5,173,0.0,0.0027749366
5,174,0.0,0.0027401187
5,175,0.0,0.0027676811
5,176,0.0,0.0024047736
5,177,0.0,0.0034812563
5,178,0.0,0.0025016316
5,179,-0.168873548244005,0.0025872285
5,180,0.0,0.0027711932
5,181,0.0,0.0015379377
5,182,0.0,0.0021621794
5,183,0.165659159090299,0.0023626112
5,184,0.0,0.0019462081
5,185,0.0,0.0015444802
5,186,-0.166980550595196,0.0018835315
5,187,0.0,0.0030415803
5,188,0.1521531852371,0.0026783166
5,189,0.0,0.0026188428
5,190,0.0,0.002608736
5,191,0.0,0.0028684833
5,192,0.173239788570755,0.0019718576
5,193,0.0,0.0027675824
5,194,0.0,0.0024189255
5,195,0.0,0.0026262444
5,196,0.0,0.002380541
5,197,0.0,0.0014894847
5,198,0.0,0.0035707182
5,199,0.0,0.002305924
5,200,0.0,0.0025469922
5,201,0.0,0.0025880267
5,202,0.0,0.0026502796
5,203,0.0,0.0025142813
5,204,0.0,0.0027162652
5,205,0.0,0.0026949286
5,206,0.0,0.0026027248
5,207,0.0,0.0025418284
5,208,0.0,0.0026160683
5,209,0.0,0.0023072907
5,210,0.0,0.0029287003
5,211,0.0,0.0028494787
5,212,0.0,0.0023735175
5,213,0.0,0.0023992918
5,214,0.0,0.0025899196
5,215,0.0,0.002308486
5,216,0.0,0.0030191094
5,217,0.0,0.0023859655
5,218,0.0,0.0025455118
5,219,0.0,0.0023734714
5,220,0.0,0.0033829277
5,221,0.0,0.0024921377
5,222,0.0,0.0026312508
5,223,0.0,0.0025324165
5,224,0.167298125838874,0.0019283984
5,225,0.0,0.0020099254
5,226,0.0,0.001477628
5,227,0.0,0.0026227129
5,228,0.0,0.0024594408
5,229,0.0,0.002612086
5,230,0.166827613055374,0.0016450854
5,231,0.0,0.0015616291
5,232,0.0,0.0033185952
5,233,0.0,0.0022450788
5,234,0.0,0.0031247595
5,235,0.0,0.0024244497
5,236,-0.149556717493093,0.0027550478
5,237,0.0,0.0029635667
5,238,0.0,0.0026508067
5,239,0.0,0.0025225868
5,240,0.0,0.002780436
5,241,0.0,0.002465262
5,242,0.0,0.002287948
5,243,0.0,0.0034699268
5,244,0.0,0.0025229594
5,245,0.0,0.0026327688
5,246,0.0,0.0025285808
5,247,0.165247778364962,0.002186784
5,248,0.0,0.0023658369
5,249,0.0,0.0034871628
5,250,0.0,0.0024568257
5,251,0.167152547579687,0.0030976585
5,252,0.0,0.0023081983
5,253,0.0,0.0026102276
5,254,0.0,0.0027001812
5,255,0.159140792806432,0.0035822685
5,256,0.0,0.0024607847
5,257,0.0,0.00156355
5,258,0.0,0.0022608745
5,259,0.0,0.003133817
5,260,0.0,0.0034796717
5,261,0.165515872793404,0.0025675548
5,262,0.0,0.002769461
5,263,0.0,0.0014776625
5,264,0.0,0.0035361974
5,265,0.0,0.0026278556
5,266,0.179607059041627,0.002686982
5,267,-0.167933830614766,0.003256252
5,268,0.171332120940391,0.002321038
6,1,0.0,0.0032249317
6,2,0.0,0.0024341457
6,3,0.0,0.0029998897
6,4,-0.151743709800198,0.002367396
6,5,0.0,0.0025967103
6,6,0.0,0.030703487
6,7,0.160256047651738,0.0014946973
6,8,0.0,0.0020367969
6,9,0.0,0.0026857052
6,10,0.0,0.0035912953
6,11,0.0,0.0035900166
6,12,0.0,0.0030026985
6,13,0.0,0.0030908636
6,14,0.0,0.002570746
6,15,0.0,0.0023559104
6,16,-0.156480586704564,0.003620857
6,17,0.0,0.0026157922
6,18,0.0,0.0036160424
6,19,0.0,0.0025195954
6,20,0.0,0.0016388521
6,21,0.0,0.0025550332
6,22,0.0,0.0030170619
6,23,0.0,0.0020233886
6,24,0.0,0.0015231138
6,25,0.0,0.0035141255
6,26,0.151211443175149,0.0025797677
6,27,0.0,0.0025538197
6,28,0.0,0.0029300675
6,29,0.0,0.001716698
6,30,0.0,0.0034381156
6,31,0.156914597186822,0.0024289074
6,32,0.0,0.003290283
6,33,0.0,0.0025376128
6,34,0.0,0.002539318
6,35,0.0,0.0030728434
6,36,-0.16102173187455,0.0027538934
6,37,0.0,0.0022413693
6,38,0.0,0.0034035798
6,39,0.0,0.0025013522
6,40,0.173942474438052,0.002341989
6,41,0.0,0.0026146625
6,42,0.0,0.0033694399
6,43,0.0,0.002676434
6,44,0.0,0.0027491972
6,45,0.0,0.002636429
6,46,0.151534186272504,0.003631196
6,47,0.0,0.0029669763
6,48,0.0,0.0023530154
6,49,0.0,0.0035033938
6,50,0.0,0.0026138355
6,51,0.0,0.0025388338
6,52,0.0,0.0026385332
6,53,0.0,0.0025760042
6,54,-0.176017462154955,0.0024924702
6,55,0.0,0.0015446511
6,56,0.0,0.0034979205
6,57,0.0,0.0020419443
6,58,0.0,0.0022903485
6,59,0.0,0.0018949341
6,60,0.0,0.0026163058
6,61,0.0,0.0022873296
6,62,0.0,0.0034469715
6,63,0.0,0.0025142785
6,64,0.0,0.0033732532
6,65,0.0,0.0018489119
6,66,0.0,0.0024171802
6,67,0.0,0.0017700219
6,68,0.0,0.001778678
6,69,0.0,0.003137644
6,70,0.0,0.0029083341
6,71,-0.164500900633776,0.0018886654
6,72,0.0,0.0025499077
6,73,0.0,0.0034294007
6,74,0.0,0.002325771
6,75,0.0,0.0018855426
6,76,0.0,0.0033769598
6,77,0.0,0.0027692718
6,78,0.0,0.00260517
6,79,0.0,0.002613877
6,80,0.0,0.0017098566
6,81,0.0,0.0031202617
6,82,0.0,0.0026596412
6,83,0.0,0.0023107082
6,84,0.0,0.0027890718
6,85,0.0,0.0024984535
6,86,-0.164981124089308,0.0018329788
6,87,0.0,0.00271163
6,88,0.159258599818184,0.0026247255
6,89,0.0,0.0027312231
6,90,0.0,0.002794642
6,91,0.0,0.0015188991
6,92,0.0,0.0029137963
6,93,0.0,0.003598304
6,94,0.0,0.0027920445
6,95,0.0,0.002157404
6,96,0.0,0.0034659458
6,97,0.0,0.0023746178
6,98,0.0,0.0028479276
6,99,0.0,0.0027279798
6,100,0.0,0.00240201
6,101,0.0,0.0020115566
6,102,0.0,0.0016138074
6,103,-0.157975936706122,0.002052348
6,104,0.0,0.0024901503
6,105,0.0,0.0024437997
6,106,0.158521826931555,0.0023090723
6,107,0.0,0.0014936118
6,108,0.0,0.0018146913
6,109,0.0,0.0023649493
6,110,0.0,0.0022922843
6,111,0.0,0.0025734813
6,112,0.0,0.0023522405
6,113,0.0,0.0020645508
6,114,0.158745956297455,0.0032675802
6,115,0.0,0.002927579
6,116,0.157529838481775,0.0024125818
6,117,0.0,0.002432696
6,118,0.0,0.0023399182
6,119,0.0,0.0034817318
6,120,0.0,0.0023427173
6,121,0.0,0.0022521378
6,122,0.0,0.0031278408
6,123,0.0,0.0025434615
6,124,0.0,0.0025777058
6,125,0.0,0.002737746
6,126,0.0,0.002600348
6,127,0.0,0.0019010897
6,128,0.0,0.0025946004
6,129,0.0,0.0018309965
6,130,0.0,0.0027780612
6,131,0.161309422365258,0.002330814
6,132,0.0,0.0019094422
6,133,0.0,0.0020481143
6,134,0.0,0.0015378501
6,135,0.0,0.0020690449
6,136,0.0,0.0017360416
6,137,0.0,0.0031095464
6,138,0.0,0.0023305141
6,139,0.0,0.0028657378
6,140,0.0,0.0033423756
6,141,0.0,0.002613441
6,142,0.0,0.0023830528
6,143,0.0,0.0025661984
6,144,0.0,0.0027717208
6,145,0.0,0.003409782
6,146,0.0,0.0026590833
6,147,0.0,0.002319727
6,148,0.147851707379932,0.0034728409
6,149,0.0,0.0027787765
6,150,0.0,0.0029141568
6,151,0.0,0.0031193215
6,152,0.0,0.0027637426
6,153,0.0,0.0026117666
6,154,-0.169284313952805,0.0024181856
6,155,0.0,0.0024058712
6,156,0.0,0.0029877806
6,157,0.0,0.002641669
6,158,0.0,0.0036006481
6,159,0.0,0.0026098439
6,160,0.0,0.0034365444
6,161,0.0,0.0023724
6,162,0.0,0.0034802938
6,163,0.0,0.003173322
6,164,0.0,0.0025232076
6,165,0.0,0.0017717374
6,166,0.0,0.0023515555
6,167,0.0,0.0015313858
6,168,0.0,0.003578452
6,169,0.0,0.0017453474
6,170,0.0,0.00163705
6,171,0.166524680750158,0.0028710845
6,172,0.0,0.0024463339
6,173,0.0,0.0027474011
6,174,0.0,0.00239013
6,175,0.0,0.0027313065
6,176,0.0,0.0021714456
6,177,0.0,0.0024709105
6,178,0.0,0.0035915743
6,179,0.0,0.0035833153
6,180,0.0,0.0022845748
6,181,0.159969159484016,0.0026636096
6,182,0.0,0.003522683
6,183,0.0,0.002076588
6,184,0.154158840573076,0.0023969007
6,185,0.0,0.0016143159
6,186,0.0,0.0019117333
6,187,0.0,0.002784709
6,188,0.0,0.0025345306
6,189,0.0,0.0025086422
6,190,0.0,0.0026426506
6,191,0.0,0.003633249
6,192,0.0,0.0014883727
6,193,0.0,0.0022410327
6,194,0.0,0.0025218376
6,195,0.0,0.0023387987
6,196,0.0,0.0025412813
6,197,-0.149216577720319,0.0031379154
6,198,0.0,0.0024659256
6,199,0.171417013667253,0.0024041277
6,200,0.0,0.00259946
6,201,0.0,0.0025389125
6,202,0.0,0.0023609311
6,203,0.0,0.0026262528
6,204,0.0,0.0023887595
6,205,0.0,0.0030425196
6,206,0.0,0.0035378654
6,207,0.0,0.0015555467
6,208,0.0,0.0022584796
6,209,0.152835558361687,0.0025475314
6,210,0.0,0.0033050696
6,211,0.0,0.0036183712
6,212,0.0,0.0026695402
6,213,0.0,0.002581087
6,214,0.0,0.002482539
6,215,0.0,0.0015302501
6,216,0.0,0.0025235848
6,217,0.0,0.0022454322
6,218,0.0,0.0019348492
6,219,0.0,0.0031486358
6,220,0.0,0.0030517168
6,221,0.0,0.0027672085
6,222,0.0,0.002547257
6,223,0.0,0.0020576385
6,224,0.0,0.0019540088
6,225,0.0,0.0029095882
6,226,0.0,0.0016912855
6,227,0.0,0.002230363
6,228,0.0,0.002326202
6,229,0.0,0.0030019647
6,230,0.0,0.0026688068
6,231,0.0,0.0034097563
6,232,0.0,0.00241915
6,233,0.0,0.0023677698
6,234,0.0,0.002371259
6,235,0.0,0.001932329
6,236,0.0,0.0020499215
6,237,0.0,0.0020933961
6,238,0.150515009871955,0.0035400488
6,239,0.0,0.0027577854
6,240,0.0,0.0027113697
6,241,0.0,0.0023315726
6,242,0.0,0.0024586897
6,243,0.0,0.0023106136
6,244,0.0,0.002595184
6,245,0.15400993420908,0.002311118
6,246,0.0,0.0026064967
6,247,0.0,0.002161689
6,248,0.0,0.002670146
6,249,0.0,0.0019314801
6,250,0.0,0.0027273549
6,251,0.0,0.0027430244
6,252,0.0,0.00211494
6,253,0.0,0.0022826972
6,254,0.0,0.001945674
6,255,0.0,0.0019228193
6,256,0.0,0.0030389144
6,257,0.0,0.0027468242
6,258,0.0,0.003577196
6,259,-0.161083366953197,0.00233649
6,260,0.0,0.0017723711
6,261,0.0,0.002389682
6,262,0.153403977355652,0.002240159
6,263,0.0,0.0024425182
6,264,0.0,0.002494737
6,265,0.0,0.0022078147
6,266,0.0,0.0035940083
6,267,0.0,0.001530108
6,268,0.0,0.0033953502
7,1,0.0,0.003493749
7,2,0.0,0.0025534774
7,3,0.0,0.0022788607
7,4,0.0,0.0023644809
7,5,0.0,0.0019340236
7,6,0.0,0.0014946973
7,7,0.0,0.030703487
7,8,0.0,0.002334428
7,9,0.0,0.0026152781
7,10,0.0,0.0032982621
7,11,0.0,0.0025777589
7,12,0.0,0.002758515
7,13,0.0,0.0023821555
7,14,0.0,0.0029737544
7,15,0.178811837018951,0.00149904
7,16,0.0,0.0017847456
7,17,0.0,0.0026651248
7,18,0.0,0.0015787929
7,19,0.157427052283487,0.0025121719
7,20,0.0,0.0018576416
7,21,0.0,0.0025414508
7,22,0.0,0.0021282579
7,23,0.0,0.0031230962
7,24,0.0,0.0018778685
7,25,0.0,0.00285625
7,26,0.0,0.0015707095
7,27,0.0,0.002221976
7,28,0.154864266839578,0.0023816307
7,29,0.0,0.0014842506
7,30,0.0,0.0023402297
7,31,0.0,0.0024692076
7,32,0.0,0.002081504
7,33,0.0,0.002507051
7,34,0.0,0.0024005538
7,35,0.0,0.0026699542
7,36,0.0,0.002053081
7,37,0.0,0.0018003685
7,38,0.0,0.003526223
7,39,0.0,0.0027764793
7,40,0.0,0.002355548
7,41,0.0,0.001649118
7,42,0.0,0.0028352565
7,43,0.0,0.0020014793
7,44,0.0,0.0021789712
7,45,0.152490093714438,0.0027808854
7,46,0.0,0.0027360306
7,47,0.0,0.0017352654
7,48,0.0,0.002383653
7,49,0.0,0.001682506
7,50,0.158979536749966,0.0016788556
7,51,0.0,0.002961059
7,52,0.0,0.0024954346
7,53,0.0,0.0023437496
7,54,0.0,0.0021018256
7,55,0.0,0.0016489094
7,56,0.0,0.002327464
7,57,0.0,0.0017341208
7,58,0.0,0.0017134733
7,59,0.0,0.0022764197
7,60,0.0,0.0023939284
7,61,0.0,0.0017402307
7,62,0.0,0.0015971516
7,63,0.0,0.0031309412
7,64,0.0,0.0019565704
7,65,0.0,0.0027627312
7,66,0.0,0.0024154144
7,67,0.0,0.0021391897
7,68,0.0,0.002002879
7,69,0.0,0.0024942555
7,70,0.0,0.003460235
7,71,0.0,0.0027757077
7,72,0.0,0.0016671349
7,73,0.0,0.0025497256
7,74,0.0,0.002064081
7,75,0.0,0.004015497
7,76,0.0,0.0026987316
7,77,0.146471480883845,0.0016457299
7,78,0.0,0.002770078
7,79,0.0,0.0016534645
7,80,0.0,0.0014601774
7,81,0.0,0.0023755278
7,82,0.0,0.0034323912
7,83,0.0,0.002198237
7,84,0.0,0.0020282632
7,85,0.0,0.00156717
7,86,0.0,0.0014573094
7,87,0.16669821117721,0.0017412319
7,88,0.0,0.002612621
7,89,0.0,0.002222687
7,90,-0.143418393471298,0.0018709023
7,91,0.0,0.0016918979
7,92,0.0,0.00275855
7,93,0.0,0.0023468584
7,94,0.0,0.002326888
7,95,0.0,0.0020991145
7,96,0.0,0.002459833
7,97,0.0,0.003414357
7,98,0.0,0.0014996966
7,99,0.0,0.0027805753
7,100,0.0,0.0019905083
7,101,0.0,0.0014859182
7,102,0.0,0.0025307252
7,103,-0.156098571963235,0.0018248921
7,104,0.0,0.0024894616
7,105,-0.163581585511098,0.0016912296
7,106,0.0,0.002681397
7,107,0.0,0.0014577839
7,108,0.0,0.001458202
7,109,0.0,0.0018442199
7,110,0.0,0.0019830582
7,111,0.0,0.0035609188
7,112,0.0,0.0014945194
7,113,-0.145153127715779,0.0026349411
7,114,0.0,0.0023096548
7,115,0.0,0.0027982895
7,116,0.0,0.0024676076
7,117,0.0,0.0035548722
7,118,0.0,0.0023962506
7,119,0.0,0.0018487256
7,120,0.0,0.0014979057
7,121,0.0,0.0016130903
7,122,0.0,0.0023893295
7,123,0.0,0.0017151497
7,124,0.0,0.0022361907
7,125,0.0,0.0020108582
7,126,0.0,0.0017389613
7,127,0.153781121167417,0.0014971588
7,128,0.0,0.0024291347
7,129,-0.152785557125255,0.001603574
7,130,0.0,0.0021198043
7,131,0.0,0.0017691869
7,132,0.0,0.001565828
7,133,0.0,0.0018921508
7,134,0.0,0.0026410217
7,135,0.0,0.0027438109
7,136,0.0,0.0030503967
7,137,0.0,0.0022455212
7,138,0.0,0.0018945583
7,139,0.0,0.0020151339
7,140,0.0,0.0030925423
7,141,0.0,0.0016320245
7,142,0.0,0.0020494983
7,143,0.0,0.0027080853
7,144,0.0,0.0027257232
7,145,0.0,0.0024320628
7,146,0.0,0.0022823298
7,147,0.0,0.0029177694
7,148,0.0,0.0027716607
7,149,0.0,0.002669441
7,150,0.149528397545966,0.001959558
7,151,0.0,0.002234011
7,152,0.160838931541288,0.0035704067
7,153,0.0,0.0026380238
7,154,0.0,0.0016068323
7,155,0.0,0.0023697545
7,156,0.0,0.0028063264
7,157,0.0,0.0024389904
7,158,0.0,0.0022997889
7,159,0.0,0.0035070367
7,160,0.0,0.0014972994
7,161,0.0,0.0015991852
7,162,0.0,0.0015309919
7,163,0.0,0.0027661123
7,164,0.0,0.0024847495
7,165,0.0,0.0025408901
7,166,0.159869068176404,0.0023907032
7,167,0.0,0.0025634603
7,168,0.155760857158393,0.0025138673
7,169,0.0,0.0015144963
7,170,0.0,0.002149398
7,171,0.0,0.0027375566
7,172,0.0,0.0024279864
7,173,0.0,0.001609093
7,174,0.0,0.0019433959
7,175,0.0,0.0024309498
7,176,0.0,0.0025030184
7,177,0.0,0.0014924239
7,178,0.0,0.0015822779
7,179,0.0,0.0026017702
7,180,-0.157366349769657,0.002211703
7,181,0.0,0.002509906
7,182,0.0,0.0014675385
7,183,0.0,0.0015178053
7,184,0.0,0.0031382232
7,185,0.0,0.0025518052
7,186,0.0,0.002314995
7,187,-0.161937668416959,0.0025716126
7,188,-0.142661817231908,0.0031603673
7,189,0.0,0.0014627217
7,190,0.0,0.0027773734
7,191,0.0,0.0023669554
7,192,0.0,0.0014686286
7,193,0.0,0.0014779177
7,194,0.0,0.0018392503
7,195,0.15435331651538,0.0032993332
7,196,0.156344665303353,0.001687563
7,197,0.0,0.0015927306
7,198,0.0,0.0035843076
7,199,0.0,0.0033820905
7,200,0.0,0.0020723902
7,201,0.0,0.0024637957
7,202,0.0,0.0016458845
7,203,0.0,0.0025175288
7,204,0.167930298299041,0.0014832476
7,205,0.0,0.001689529
7,206,0.0,0.0017334293
7,207,0.0,0.0024114498
7,208,-0.156852392335353,0.0017225905
7,209,0.0,0.0016210433
7,210,0.0,0.003511176
7,211,0.0,0.002068244
7,212,0.0,0.0023104106
7,213,0.0,0.0019683288
7,214,0.0,0.0014973348
7,215,0.0,0.0028005159
7,216,0.0,0.0027677012
7,217,-0.148784602569235,0.0023510936
7,218,0.0,0.0014817514
7,219,0.0,0.0024915962
7,220,0.0,0.0036000158
7,221,0.0,0.0025741858
7,222,0.0,0.0022171238
7,223,0.0,0.0017247759
7,224,0.0,0.0029252055
7,225,0.0,0.0017754696
7,226,0.0,0.001581179
7,227,-0.154521287021473,0.0016994304
7,228,0.0,0.0027413098
7,229,0.0,0.0014845761
7,230,0.0,0.003332003
7,231,-0.153957184328353,0.0024815537
7,232,0.0,0.0017576758
7,233,0.0,0.0019127997
7,234,0.0,0.0016936148
7,235,0.0,0.0018595988
7,236,0.0,0.0014962638
7,237,0.0,0.001719275
7,238,0.0,0.002043237
7,239,0.0,0.0025308775
7,240,0.0,0.0021734475
7,241,0.0,0.0020951815
7,242,0.0,0.0018642535
7,243,0.0,0.0018258886
7,244,0.0,0.0025506644
7,245,0.0,0.0018943888
7,246,0.0,0.0027114311
7,247,0.0,0.0014887936
7,248,0.0,0.0023135594
7,249,0.0,0.0020453725
7,250,0.0,0.002374623
7,251,0.156725514194801,0.0021739895
7,252,0.0,0.001867698
7,253,0.0,0.0024347133
7,254,0.0,0.0041644378
7,255,0.0,0.002285934
7,256,0.0,0.002550426
7,257,-0.139624548053482,0.0027460917
7,258,0.0,0.0017020451
7,259,0.0,0.0014937692
7,260,0.0,0.0035854965
7,261,0.0,0.002147851
7,262,0.0,0.0015278701
7,263,0.0,0.0024232874
7,264,0.0,0.0023074988
7,265,0.0,0.0017669788
7,266,0.0,0.0035726717
7,267,0.0,0.0031524259
7,268,0.0,0.001496553
8,1,0.0,0.0025578444
8,2,0.0,0.0034861942
8,3,0.0,0.003094201
8,4,0.0,0.001509143
8,5,0.0,0.0023308424
8,6,0.0,0.0020367969
8,7,0.0,0.002334428
8,8,-0.195791188627481,0.030703487
8,9,0.0,0.0030099428
8,10,0.0,0.0031998418
8,11,0.0,0.0023209094
8,12,0.0,0.0031031184
8,13,0.0,0.0024961433
8,14,-0.162437805656912,0.0036165877
8,15,0.0,0.002178601
8,16,0.0,0.002614683
8,17,0.0,0.0034830072
8,18,0.0,0.0029708706
8,19,0.0,0.002990324
8,20,-0.170916238336965,0.0023346394
8,21,0.0,0.0027781157
8,22,0.0,0.0027387869
8,23,0.0,0.0027416395
8,24,0.0,0.00148405
8,25,0.0,0.0022246102
8,26,0.0,0.0024905428
8,27,0.0,0.0023228587
8,28,0.0,0.0014994638
8,29,0.0,0.0028589545
8,30,0.0,0.0024663857
8,31,0.0,0.0025075632
8,32,0.0,0.0024180785
8,33,-0.163963618207615,0.002788586
8,34,0.0,0.0026352447
8,35,0.166662073133618,0.0025541852
8,36,0.0,0.0023948997
8,37,0.0,0.0027313214
8,38,0.0,0.0027462589
8,39,0.156675813103219,0.002744575
8,40,0.0,0.0034842878
8,41,0.159237102676921,0.0020846725
8,42,0.0,0.0023118756
8,43,0.0,0.0025656875
8,44,0.162698562225388,0.0023440877
8,45,0.0,0.002389925
8,46,0.0,0.0034438916
8,47,0.0,0.003103592
8,48,0.0,0.0018773666
8,49,0.0,0.0030159792
8,50,0.0,0.0027723173
8,51,0.0,0.0024161153
8,52,0.0,0.0026217424
8,53,0.163878718527291,0.0022390233
8,54,0.180993271911048,0.0036002141
8,55,0.0,0.0031651626
8,56,0.0,0.001620485
8,57,0.0,0.0024364358
8,58,0.0,0.0031156815
8,59,-0.170187008163505,0.0027502258
8,60,0.0,0.0025495673
8,61,0.0,0.002613889
8,62,0.0,0.0024233665
8,63,0.0,0.0036011622
8,64,0.0,0.0026029395
8,65,0.0,0.0036146552
8,66,0.169176741735005,0.0036248448
8,67,0.0,0.0023583034
8,68,0.0,0.0025084494
8,69,0.0,0.002537853
8,70,-0.15599123545276,0.0023896513
8,71,0.0,0.0021789218
8,72,0.0,0.0028083147
8,73,0.155144642954609,0.0025209398
8,74,0.0,0.0020632888
8,75,0.0,0.0014942563
8,76,0.0,0.0017585703
8,77,0.0,0.0022777412
8,78,0.0,0.00270085
8,79,0.0,0.0024444042
8,80,0.0,0.0019534957
8,81,0.0,0.0025538187
8,82,0.0,0.0026052413
8,83,0.0,0.0027547204
8,84,0.0,0.0023229094
8,85,0.0,0.002092279
8,86,0.0,0.0020533032
8,87,0.0,0.003229767
8,88,0.0,0.002430548
8,89,0.165105257629584,0.0017423793
8,90,0.149246288093729,0.0023971656
8,91,0.0,0.0033615245
8,92,0.0,0.00274615
8,93,0.0,0.0023655607
8,94,0.0,0.0030877762
8,95,0.0,0.0027668676
8,96,-0.173079683320607,0.0026020673
8,97,0.0,0.002572264
8,98,0.0,0.0025991462
8,99,0.0,0.0019744276
8,100,0.0,0.0023719063
8,101,0.0,0.0022142688
8,102,0.0,0.0020039417
8,103,0.0,0.0035178661
8,104,-0.15530682773627,0.0035568597
8,105,0.0,0.0024805414
8,106,0.0,0.0033710664
8,107,0.0,0.0022995202
8,108,0.0,0.001498214
8,109,0.0,0.002390298
8,110,0.0,0.00207724
8,111,0.0,0.0033132215
8,112,0.0,0.002288844
8,113,0.0,0.0032265824
8,114,0.0,0.0027702907
8,115,0.0,0.0034681028
8,116,0.0,0.0035463967
8,117,0.0,0.0030880072
8,118,0.0,0.0032906025
8,119,0.0,0.002223704
8,120,0.0,0.0019394788
8,121,0.0,0.0025642226
8,122,0.0,0.0024832436
8,123,0.0,0.0027531576
8,124,0.160565389105003,0.0030962816
8,125,0.0,0.0025306097
8,126,0.0,0.0033247569
8,127,-0.160030111602959,0.0023152796
8,128,0.0,0.0033433563
8,129,0.0,0.002220593
8,130,0.0,0.002082706
8,131,0.0,0.0024471898
8,132,0.0,0.0016888375
8,133,0.0,0.0016719028
8,134,0.0,0.0023015249
8,135,0.186685292605039,0.0024062241
8,136,0.0,0.0025505745
8,137,-0.167452616442229,0.0030838544
8,138,0.0,0.0015051453
8,139,0.0,0.00345005
8,140,0.0,0.002442839
8,141,0.0,0.0026034946
8,142,0.0,0.0029927855
8,143,0.0,0.003604841
8,144,0.0,0.0027496135
8,145,0.0,0.0034211706
8,146,0.0,0.0024658297
8,147,0.0,0.0034552333
8,148,0.0,0.002032863
8,149,0.0,0.003248727
8,150,0.0,0.0018959492
8,151,-0.155510918042345,0.0034378371
8,152,0.0,0.00349461
8,153,0.0,0.0031839656
8,154,0.0,0.0029141447
8,155,0.0,0.0026186337
8,156,0.158500065624274,0.0025071553
8,157,0.0,0.003547106
8,158,0.159510169498449,0.0024406184
8,159,0.0,0.0020894152
8,160,0.0,0.0024410547
8,161,0.0,0.002453188
8,162,0.0,0.0034971246
8,163,0.0,0.0023791813
8,164,0.0,0.0028910618
8,165,0.0,0.0033443864
8,166,0.0,0.0014811326
8,167,0.0,0.0032925443
8,168,0.0,0.001634568
8,169,0.0,0.0024525025
8,170,0.0,0.0015011458
8,171,0.0,0.0024820794
8,172,0.0,0.0029216576
8,173,0.0,0.002303226
8,174,0.0,0.0033485559
8,175,0.0,0.002410857
8,176,0.0,0.0017106906
8,177,0.0,0.0023852917
8,178,0.0,0.003085278
8,179,0.0,0.002305889
8,180,0.0,0.001986742
8,181,0.0,0.0023835772
8,182,0.0,0.0027143871
8,183,0.161637022226306,0.0018934496
8,184,0.0,0.003353118
8,185,0.0,0.003308522
8,186,0.0,0.0016123126
8,187,0.168518105166343,0.0024212701
8,188,0.0,0.0027369023
8,189,0.1635232590803,0.003326579
8,190,0.0,0.0025909045
8,191,0.0,0.0024183453
8,192,0.0,0.0025476646
8,193,0.0,0.0020080716
8,194,0.0,0.0029979413
8,195,-0.160625558460793,0.0031628506
8,196,0.0,0.0028942944
8,197,0.0,0.0016348995
8,198,0.0,0.0033171233
8,199,0.0,0.0024749022
8,200,0.0,0.0023840717
8,201,0.0,0.0034577977
8,202,0.0,0.002380881
8,203,0.0,0.00274633
8,204,0.0,0.0020978511
8,205,0.0,0.0024121036
8,206,0.0,0.0034319847
8,207,0.0,0.003450206
8,208,0.0,0.0024090582
8,209,0.0,0.0024212664
8,210,0.0,0.0033097486
8,211,0.0,0.002373179
8,212,0.0,0.0024792948
8,213,0.0,0.0031672358
8,214,0.0,0.0024695569
8,215,0.0,0.0030912114
8,216,0.0,0.00161757
8,217,0.0,0.0019853897
8,218,-0.166308032107316,0.002616805
8,219,0.0,0.0032629012
8,220,0.0,0.0025503808
8,221,0.0,0.0031928513
8,222,0.0,0.0025771484
8,223,0.172241347667459,0.001901329
8,224,0.0,0.0026012063
8,225,0.163259048767416,0.0027374001
8,226,0.0,0.0026462725
8,227,0.0,0.002359271
8,228,0.0,0.0016045361
8,229,0.0,0.0023867972
8,230,0.0,0.0029217638
8,231,0.0,0.0033340608
8,232,-0.152530474430071,0.002776212
8,233,0.0,0.0015636617
8,234,0.0,0.0035309964
8,235,0.0,0.0034907367
8,236,0.0,0.0020129583
8,237,0.0,0.0033689872
8,238,0.0,0.002603373
8,239,0.0,0.001781303
8,240,0.0,0.0025279159
8,241,0.0,0.0024172477
8,242,0.0,0.003502977
8,243,0.0,0.0019808193
8,244,0.0,0.0029978706
8,245,0.0,0.0019028839
8,246,0.0,0.0020271577
8,247,0.0,0.0021802941
8,248,0.0,0.0025210823
8,249,0.0,0.0024094973
8,250,0.0,0.0024278983
8,251,0.0,0.0025056973
8,252,0.0,0.0036048908
8,253,0.0,0.0026891734
8,254,0.0,0.0024249218
8,255,0.0,0.0015620831
8,256,0.0,0.0025746333
8,257,0.0,0.003490802
8,258,0.0,0.0031257216
8,259,0.0,0.0027721445
8,260,0.0,0.0023187962
8,261,0.0,0.0035806326
8,262,0.0,0.0030748602
8,263,0.0,0.0036254022
8,264,0.0,0.0027681836
8,265,0.0,0.0036294349
8,266,-0.175246272851647,0.0027468456
8,267,-0.16385646565326,0.002575581
8,268,0.0,0.0027128998
9,1,0.0,0.002646173
9,2,0.0,0.0021770648
9,3,0.0,0.001960319
9,4,0.0,0.002248858
9,5,-0.130525559098105,0.0015141219
9,6,0.143159052112735,0.0026857052
9,7,0.0,0.0026152781
9,8,0.0,0.0030099428
9,9,0.0,0.030703487
9,10,0.0,0.0027330657
9,11,0.0,0.0029187761
9,12,0.0,0.0024079266
9,13,0.0,0.003508545
9,14,0.0,0.0015821494
9,15,0.0,0.0015977304
9,16,0.0,0.0020911423
9,17,0.152924331167903,0.0025512655
9,18,0.0,0.0024863742
9,19,0.0,0.0014784802
9,20,0.0,0.0022433791
9,21,0.0,0.0020765685
9,22,0.0,0.0015346752
9,23,0.0,0.0015872107
9,24,0.0,0.0032298346
9,25,0.0,0.0024288106
9,26,0.0,0.0023107962
9,27,0.0,0.0024620588
9,28,0.0,0.0025248732
9,29,0.0,0.002307918
9,30,0.0,0.0019571576
9,31,0.0,0.0027382826
9,32,0.0,0.0017217658
9,33,0.0,0.0027727447
9,34,0.0,0.003285814
9,35,0.0,0.0018424615
9,36,0.0,0.0028035385
9,37,0.0,0.0024047373
9,38,0.0,0.002535473
9,39,0.0,0.002743998
9,40,0.0,0.0032761549
9,41,0.0,0.003301789
9,42,0.0,0.0033882605
9,43,0.0,0.0018362626
9,44,0.0,0.0031245695
9,45,0.0,0.0030850642
9,46,0.0,0.002342451
9,47,0.0,0.0017359275
9,48,0.0,0.002443641
9,49,0.0,0.0021818234
9,50,0.0,0.0015019048
9,51,0.0,0.0023584566
9,52,0.0,0.002271316
9,53,0.0,0.002084387
9,54,0.0,0.002390026
9,55,0.0,0.002575717
9,56,0.152153138785388,0.0025922307
9,57,0.0,0.0027728518
9,58,0.0,0.0031539192
9,59,0.0,0.002809241
9,60,0.0,0.0031681196
9,61,0.0,0.0023812084
9,62,0.0,0.0034600748
9,63,-0.137679199321657,0.0027890517
9,64,0.0,0.003598466
9,65,0.0,0.00282143
9,66,0.0,0.0032788343
9,67,0.0,0.0016311179
9,68,0.149390433114917,0.0033420604
9,69,0.0,0.002777326
9,70,-0.140151351508155,0.0030480106
9,71,0.0,0.0017701318
9,72,0.0,0.0018744739
9,73,0.139390724909819,0.0034771948
9,74,0.0,0.0029261033
9,75,0.0,0.0023873379
9,76,0.0,0.0027104532
9,77,0.0,0.0022125337
9,78,0.0,0.0021779025
9,79,0.0,0.0023367563
9,80,0.0,0.0026211701
9,81,0.0,0.0023447396
9,82,0.0,0.002202792
9,83,0.0,0.0024288655
9,84,0.0,0.003419132
9,85,0.0,0.0023072846
9,86,0.0,0.0023089745
9,87,0.0,0.003231863
9,88,0.0,0.0022551953
9,89,0.0,0.0032717478
9,90,0.0,0.0021177665
9,91,0.0,0.0014819237
9,92,0.0,0.0035601426
9,93,0.0,0.0017899754
9,94,0.0,0.0024013957
9,95,0.0,0.0023777368
9,96,0.0,0.0026878105
9,97,0.0,0.0020706323
9,98,0.0,0.002050865
9,99,0.0,0.0035304343
9,100,0.0,0.002154198
9,101,0.0,0.00275705
9,102,0.0,0.0016860468
9,103,0.0,0.0023082704
9,104,0.0,0.0025066384
9,105,0.0,0.0031940117
9,106,0.0,0.0027646022
9,107,0.0,0.0015812907
9,108,0.0,0.0016739098
9,109,0.0,0.002740384
9,110,0.0,0.0015896093
9,111,0.0,0.0023291446
9,112,0.0,0.002018799
9,113,0.0,0.003628233
9,114,0.0,0.0016352418
9,115,0.0,0.0024627605
9,116,-0.145534713817405,0.002789881
9,117,0.0,0.0027784416
9,118,0.0,0.002375105
9,119,-0.162563387504709,0.0021664305
9,120,0.0,0.0024984274
9,121,0.0,0.0030450732
9,122,0.0,0.0025943737
9,123,0.0,0.002917266
9,124,0.0,0.0014939215
9,125,0.0,0.002469082
9,126,0.0,0.0034709936
9,127,0.0,0.0021226518
9,128,-0.146652055578248,0.0028034742
9,129,0.0,0.0018549948
9,130,0.0,0.0021615182
9,131,0.0,0.0022965358
9,132,0.0,0.002796215
9,133,-0.149384090464208,0.0016152062
9,134,0.0,0.0023220475
9,135,0.0,0.002264583
9,136,0.0,0.0025358857
9,137,0.0,0.0028508347
9,138,0.0,0.0019700872
9,139,0.0,0.0021833638
9,140,0.0,0.0015468602
9,141,0.0,0.0014821053
9,142,0.0,0.0016977824
9,143,0.0,0.0035940413
9,144,0.155073267483127,0.0018739197
9,145,0.0,0.002444847
9,146,0.0,0.0026368373
9,147,0.146429863281133,0.0025061378
9,148,0.0,0.0027122507
9,149,0.0,0.0019033644
9,150,0.0,0.0015981607
9,151,0.0,0.0023093815
9,152,0.0,0.0021097912
9,153,0.0,0.0015136586
9,154,0.0,0.0036107241
9,155,0.0,0.0033836006
9,156,0.0,0.0031742896
9,157,0.0,0.0017942404
9,158,0.0,0.0014929967
9,159,0.0,0.0027502733
9,160,0.0,0.0023832084
9,161,0.0,0.0028438927
9,162,0.0,0.0015757615
9,163,0.0,0.0023542433
9,164,0.0,0.0024862015
9,165,0.0,0.0035263672
9,166,0.0,0.0018947218
9,167,0.0,0.0034339824
9,168,0.0,0.0019490835
9,169,0.0,0.0026154295
9,170,-0.145889099172503,0.0027549127
9,171,0.0,0.0017247181
9,172,0.0,0.002701431
9,173,0.0,0.0035632295
9,174,0.0,0.002814941
9,175,0.0,0.0020217574
9,176,0.0,0.0027929945
9,177,0.0,0.003489852
9,178,0.0,0.0024132784
9,179,0.0,0.002440081
9,180,0.0,0.0024529565
9,181,0.0,0.002344578
9,182,0.0,0.0024479176
9,183,0.0,0.0017204816
9,184,0.0,0.0034884512
9,185,0.0,0.00306335
9,186,0.0,0.0029164804
9,187,0.0,0.00288152
9,188,0.0,0.0027895505
9,189,0.0,0.0027781087
9,190,0.0,0.0034781112
9,191,0.0,0.0018226062
9,192,0.0,0.0018957104
9,193,0.0,0.0035604094
9,194,0.0,0.0025870577
9,195,0.0,0.0019527897
9,196,0.0,0.0030782362
9,197,0.0,0.0023903204
9,198,0.0,0.0016629118
9,199,0.0,0.0023150127
9,200,0.0,0.0025279755
9,201,0.0,0.002369651
9,202,-0.147413923331757,0.0019485159
9,203,0.0,0.0023385747
9,204,-0.157009104665286,0.0027467627
9,205,0.0,0.002401445
9,206,0.0,0.0030539446
9,207,0.0,0.0026519787
9,208,0.0,0.0036092317
9,209,0.0,0.0025760047
9,210,0.0,0.0027849302
9,211,0.0,0.0035556713
9,212,0.0,0.0014931811
9,213,0.0,0.0026196954
9,214,0.0,0.0024007112
9,215,0.138438405178264,0.0020092716
9,216,0.0,0.0034723217
9,217,0.0,0.00238307
9,218,0.0,0.0019991123
9,219,0.0,0.002093105
9,220,0.0,0.002781297
9,221,0.0,0.0031659836
9,222,0.150349698985455,0.0029214225
9,223,0.0,0.001492897
9,224,0.0,0.0018807235
9,225,0.0,0.001667934
9,226,0.0,0.0036005052
9,227,0.0,0.0022084736
9,228,0.0,0.002993368
9,229,0.0,0.003162865
9,230,0.0,0.0034617237
9,231,0.0,0.0023879427
9,232,0.0,0.0024134358
9,233,0.0,0.0015223175
9,234,0.0,0.0031823716
9,235,0.0,0.0017032246
9,236,0.0,0.0024777162
9,237,0.0,0.0026572924
9,238,0.0,0.002143547
9,239,0.0,0.0029135016
9,240,0.0,0.00306476
9,241,0.0,0.0025070002
9,242,0.0,0.0024139867
9,243,0.141615071004552,0.0024140738
9,244,0.0,0.0024523805
9,245,0.0,0.0024537495
9,246,0.0,0.0019646985
9,247,0.144863211975673,0.0025189258
9,248,0.0,0.002389697
9,249,0.0,0.0024019545
9,250,0.0,0.0023716008
9,251,0.0,0.002221384
9,252,0.0,0.0033157468
9,253,0.0,0.0025277333
9,254,0.0,0.0022558258
9,255,0.0,0.0032159444
9,256,0.0,0.0018733814
9,257,0.0,0.0027891211
9,258,0.0,0.0036315192
9,259,0.0,0.0023364015
9,260,0.0,0.0027577276
9,261,0.0,0.0020242487
9,262,0.0,0.002623702
9,263,0.0,0.0023421189
9,264,0.0,0.0017881808
9,265,0.148827830944747,0.0026704865
9,266,0.0,0.0034852093
9,267,0.0,0.0016004597
9,268,0.0,0.0026923395
10,1,0.0,0.0024068244
10,2,0.0,0.0026892726
10,3,0.0,0.0029705553
10,4,0.0,0.0031199013
10,5,0.0,0.0025008302
10,6,0.0,0.0035912953
10,7,0.0,0.0032982621
10,8,-0.145436009059703,0.0031998418
10,9,0.0,0.0027330657
10,10,0.0,0.030703487
10,11,0.0,0.003630165
10,12,0.0,0.0025894297
10,13,0.0,0.0029747114
10,14,0.0,0.002901766
10,15,-0.170245950634498,0.0016825111
10,16,0.0,0.0024663713
10,17,0.0,0.0023304266
10,18,-0.140609775427312,0.002353449
10,19,0.0,0.0025430042
10,20,-0.156374223676444,0.0024884162
10,21,0.0,0.0028448128
10,22,0.0,0.002434174
10,23,0.0,0.0018633665
10,24,0.0,0.00244832
10,25,0.0,0.0018072133
10,26,0.0,0.0034389663
10,27,0.0,0.0032038153
10,28,0.0,0.002417853
10,29,0.0,0.0024272674
10,30,0.0,0.0016160831
10,31,0.0,0.0025509954
10,32,0.0,0.0026156018
10,33,0.0,0.0027683275
10,34,-0.147891263992694,0.002333654
10,35,0.0,0.0024894844
10,36,0.0,0.0027940823
10,37,0.0,0.0027908469
10,38,0.0,0.00260125
10,39,0.0,0.0022785668
10,40,0.0,0.0024866145
10,41,0.0,0.0025754957
10,42,0.0,0.0027408218
10,43,0.0,0.002504175
10,44,0.0,0.0019200412
10,45,0.0,0.0014883257
10,46,-0.142560476394907,0.0029733
10,47,0.0,0.0027229348
10,48,0.0,0.002710313
10,49,0.0,0.0022485838
10,50,0.0,0.003207806
10,51,0.0,0.0026079607
10,52,0.0,0.0027620136
10,53,0.0,0.0022832365
10,54,0.0,0.0021826033
10,55,0.151112196753037,0.002326461
10,56,0.0,0.002612905
10,57,0.0,0.0027566953
10,58,0.0,0.0023171203
10,59,0.0,0.0020895489
10,60,0.0,0.00265875
10,61,0.0,0.0016653147
10,62,0.0,0.0023431638
10,63,0.0,0.0036033206
10,64,0.0,0.0019960534
10,65,0.0,0.0023956723
10,66,0.0,0.0024966267
10,67,0.0,0.0034738476
10,68,0.0,0.0016671601
10,69,0.0,0.0024645547
10,70,0.0,0.0018253499
10,71,0.0,0.0035239016
10,72,0.150276690532071,0.0023172777
10,73,0.0,0.0026874212
10,74,0.0,0.00217471
10,75,0.0,0.0025901538
10,76,0.0,0.002348314
10,77,0.0,0.0025442
10,78,0.0,0.0025679208
10,79,0.0,0.003561474
10,80,0.0,0.002428135
10,81,0.0,0.0024678954
10,82,0.0,0.0016103555
10,83,0.0,0.0034782593
10,84,0.0,0.002925137
10,85,0.0,0.0026290845
10,86,0.0,0.0034747534
10,87,-0.158712621625417,0.0024362965
10,88,0.149827457543062,0.003272816
10,89,0.0,0.0033115363
10,90,0.0,0.002329851
10,91,0.0,0.0025927853
10,92,0.0,0.0035311906
10,93,0.0,0.002615186
10,94,0.0,0.0022919835
10,95,0.0,0.0027533458
10,96,0.0,0.0030953726
10,97,0.0,0.00355539
10,98,0.0,0.0025788206
10,99,0.0,0.0033741794
10,100,0.0,0.002216034
10,101,0.0,0.0022722376
10,102,0.0,0.001940411
10,103,0.0,0.0026145293
10,104,0.0,0.0030476232
10,105,0.0,0.0015562968
10,106,0.0,0.002787917
10,107,0.0,0.002575912
10,108,-0.140146688371446,0.0023060828
10,109,0.0,0.0024410612
10,110,0.0,0.0027512754
10,111,0.0,0.0022815382
10,112,0.0,0.0015221946
10,113,0.0,0.0022477084
10,114,0.0,0.0027559316
10,115,0.0,0.0033880891
10,116,0.0,0.0035611852
10,117,0.0,0.0015181657
10,118,0.0,0.0031514699
10,119,0.0,0.0019514645
10,120,0.0,0.0026235622
10,121,0.0,0.0019862982
10,122,0.0,0.00252843
10,123,0.0,0.0035924963
10,124,0.0,0.0030843024
10,125,0.0,0.00231608
10,126,0.0,0.0023686802
10,127,0.0,0.0035972851
10,128,0.0,0.0024597473
10,129,0.0,0.0021819156
10,130,0.0,0.0034226608
10,131,0.0,0.0033479836
10,132,0.0,0.0026394483
10,133,0.0,0.0020203674
10,134,0.0,0.0027313102
10,135,0.170801604265176,0.0023887428
10,136,0.0,0.002939541
10,137,0.0,0.0022254782
10,138,0.0,0.0031160107
10,139,0.0,0.0033460287
10,140,0.0,0.0029578083
10,141,0.0,0.0027904352
10,142,0.0,0.0023411629
10,143,-0.144271027390755,0.0024781413
10,144,0.0,0.0034416816
10,145,0.0,0.0014939252
10,146,0.0,0.0023747613
10,147,0.0,0.0023915824
10,148,0.0,0.0024297014
10,149,0.0,0.0023740479
10,150,0.0,0.0032883314
10,151,0.0,0.0022910614
10,152,0.153134027678389,0.0016299882
10,153,0.0,0.0034042248
10,154,0.0,0.0034393538
10,155,0.0,0.0016675903
10,156,0.0,0.00330232
10,157,0.0,0.0030328198
10,158,0.0,0.0034327302
10,159,0.0,0.0024562436
10,160,0.0,0.0025514583
10,161,0.0,0.0026135696
10,162,0.0,0.0024860883
10,163,0.0,0.0024340074
10,164,0.0,0.0027483338
10,165,0.0,0.0016940921
10,166,0.0,0.0029451195
10,167,0.149271220210995,0.002810455
10,168,0.0,0.0036087707
10,169,0.0,0.0023287996
10,170,0.0,0.0028805234
10,171,0.0,0.003124916
10,172,0.0,0.0031326795
10,173,0.0,0.0023198472
10,174,0.0,0.002870528
10,175,0.0,0.0026582442
10,176,0.0,0.0032373276
10,177,0.0,0.0034417952
10,178,0.0,0.002255689
10,179,0.0,0.002383396
10,180,0.0,0.002392103
10,181,0.0,0.002322148
10,182,0.0,0.002708931
10,183,0.0,0.0025134534
10,184,0.0,0.0025191493
10,185,0.0,0.002121307
10,186,0.0,0.0029993732
10,187,0.0,0.0023833988
10,188,0.0,0.0021800902
10,189,0.0,0.0034609623
10,190,0.0,0.0030131773
10,191,0.0,0.0023999843
10,192,0.0,0.0024168347
10,193,0.0,0.0028462424
10,194,0.0,0.0030422588
10,195,0.0,0.0024548084
10,196,0.0,0.00276977
10,197,0.0,0.003495893
10,198,0.0,0.003307308
10,199,0.0,0.0020710211
10,200,0.0,0.0015917718
10,201,0.0,0.0027627521
10,202,0.0,0.0016752104
10,203,0.0,0.0029339828
10,204,0.0,0.0028315568
10,205,0.0,0.0028956737
10,206,0.0,0.0019297218
10,207,0.0,0.0026442641
10,208,0.0,0.0014890451
10,209,0.0,0.002804142
10,210,0.0,0.002449249
10,211,0.14287885806086,0.002146211
10,212,0.0,0.0016719163
10,213,0.153563901539316,0.002903237
10,214,0.0,0.00349689
10,215,0.0,0.0026350054
10,216,0.0,0.0035314155
10,217,0.0,0.0023350674
10,218,0.0,0.0027793166
10,219,0.0,0.0023247683
10,220,0.0,0.0014938931
10,221,0.176531617286908,0.0028032577
10,222,0.0,0.0023952778
10,223,0.0,0.0026639123
10,224,0.0,0.0025576497
10,225,0.0,0.0026664953
10,226,0.0,0.0024102675
10,227,0.0,0.0027812324
10,228,0.0,0.0031391853
10,229,0.0,0.0018922426
10,230,0.0,0.0030564326
10,231,0.0,0.002550804
10,232,0.0,0.0024978807
10,233,0.0,0.0025319117
10,234,0.0,0.003151095
10,235,0.0,0.0025546723
10,236,0.0,0.0025440282
10,237,0.0,0.0015680599
10,238,0.0,0.0026997034
10,239,0.0,0.0021148548
10,240,-0.145481314493326,0.0015432145
10,241,0.0,0.0032481146
10,242,0.0,0.002772295
10,243,0.0,0.003116222
10,244,0.146664180865926,0.0023867507
10,245,0.0,0.0017390875
10,246,0.0,0.0032476634
10,247,0.0,0.002089012
10,248,0.0,0.0026072464
10,249,0.0,0.003604624
10,250,0.0,0.0026191487
10,251,0.0,0.0017714589
10,252,0.0,0.0031617633
10,253,0.0,0.0018204432
10,254,0.0,0.0035273195
10,255,0.0,0.0024732957
10,256,0.14498521948569,0.0027992735
10,257,0.0,0.0016997294
10,258,0.0,0.0024069878
10,259,-0.151544163710008,0.0027545537
10,260,0.0,0.002773906
10,261,0.0,0.0015779403
10,262,0.0,0.0020863404
10,263,0.0,0.0032395925
10,264,0.0,0.0023549641
10,265,0.0,0.002408525
10,266,0.0,0.0024038488
10,267,0.0,0.0023607481
10,268,0.0,0.0020925635
11,1,0.0,0.0024358626
11,2,0.0,0.0025612968
11,3,-0.163409313138808,0.0034288024
11,4,0.0,0.0027520182
11,5,0.0,0.001701301
11,6,0.0,0.0035900166
11,7,0.0,0.0025777589
11,8,0.0,0.0023209094
11,9,0.0,0.0029187761
11,10,0.0,0.003630165
11,11,0.0,0.030703487
11,12,0.0,0.0029043294
11,13,0.0,0.002349799
11,14,0.0,0.0031850315
11,15,0.0,0.0024869256
11,16,-0.149674658038481,0.002349561
11,17,0.0,0.001845683
11,18,0.0,0.0026919022
11,19,0.0,0.002536838
11,20,0.0,0.0025264542
11,21,-0.153510058313732,0.003620206
11,22,0.0,0.0025931047
11,23,0.0,0.002311009
11,24,0.0,0.0031188242
11,25,0.0,0.0025911815
11,26,0.0,0.0024394467
11,27,0.0,0.001577545
11,28,0.0,0.0025532758
11,29,0.0,0.003081719
11,30,0.0,0.0035549812
11,31,0.0,0.0023183222
11,32,0.0,0.0025855605
11,33,0.152520642501922,0.002345453
11,34,0.0,0.00305027
11,35,0.0,0.0024393434
11,36,0.0,0.0016778172
11,37,0.0,0.0027766158
11,38,0.0,0.0024626423
11,39,0.145741451306326,0.0032005417
11,40,0.0,0.0025370773
11,41,-0.148123989186893,0.0027546138
11,42,-0.161397838381696,0.002342204
11,43,0.0,0.003396031
11,44,0.0,0.002365232
11,45,0.0,0.0023312103
11,46,0.0,0.0026111556
11,47,0.0,0.0025124
11,48,0.0,0.003631303
11,49,0.0,0.0023825374
11,50,0.0,0.002496866
11,51,0.0,0.0025819386
11,52,0.0,0.0020977827
11,53,0.0,0.002240871
11,54,0.0,0.0025573242
11,55,0.0,0.0026280037
11,56,0.0,0.0026384746
11,57,0.0,0.003509251
11,58,0.0,0.0024709092
11,59,0.0,0.0031013344
11,60,0.0,0.0035303826
11,61,0.0,0.003244741
11,62,0.0,0.0036331546
11,63,0.0,0.002077422
11,64,0.0,0.0027250596
11,65,0.0,0.002551156
11,66,0.0,0.0035454151
11,67,-0.147852517678758,0.0034815255
11,68,0.0,0.0027637673
11,69,0.0,0.0027718036
11,70,0.0,0.0025603725
11,71,0.0,0.0026800297
11,72,0.152788586906527,0.0036200252
11,73,0.0,0.0024971035
11,74,0.0,0.0024735844
11,75,0.0,0.0025909073
11,76,0.15418305737848,0.002370603
11,77,0.0,0.003287375
11,78,0.0,0.0028186394
11,79,0.0,0.0027223448
11,80,0.0,0.0035315743
11,81,0.0,0.002265058
11,82,0.0,0.0035677222
11,83,0.0,0.0033792187
11,84,0.0,0.0024423008
11,85,0.0,0.0023728833
11,86,0.0,0.0026600347
11,87,0.0,0.002450598
11,88,0.0,0.0015794518
11,89,0.0,0.0024561216
11,90,0.0,0.0026074662
11,91,0.0,0.0023329123
11,92,0.0,0.002357101
11,93,0.0,0.002720939
11,94,0.0,0.0022835438
11,95,0.0,0.0023900024
11,96,0.0,0.0024231132
11,97,0.0,0.0022213547
11,98,0.0,0.0036248607
11,99,0.0,0.0027027559
11,100,0.0,0.002494432
11,101,0.0,0.0036150315
11,102,0.0,0.0024661757
11,103,0.151104969649938,0.0018828698
11,104,0.0,0.0026256852
11,105,0.0,0.0015943157
11,106,0.0,0.0026140665
11,107,0.0,0.0027690586
11,108,0.0,0.0026293332
11,109,0.0,0.003166026
11,110,0.0,0.0029400066
11,111,0.0,0.0015227688
11,112,0.0,0.0022706361
11,113,0.0,0.0027689612
11,114,0.0,0.0027234051
11,115,0.0,0.0025804383
11,116,-0.150678273913509,0.0024163183
11,117,0.0,0.0024137925
11,118,0.0,0.0035408582
11,119,0.0,0.002426566
11,120,0.0,0.0028610374
11,121,0.0,0.0014785351
11,122,0.0,0.0027080807
11,123,0.0,0.0024075704
11,124,0.0,0.0030945851
11,125,0.0,0.0015015146
11,126,0.0,0.0030458071
11,127,0.0,0.0035677813
11,128,0.0,0.0026634457
11,129,-0.147897938347558,0.0026313504
11,130,-0.155950483369951,0.0033318247
11,131,0.0,0.0027864268
11,132,0.0,0.0025975388
11,133,0.0,0.0026065512
11,134,0.0,0.0029481403
11,135,0.0,0.0027514528
11,136,0.0,0.0027731531
11,137,0.0,0.0030012717
11,138,0.0,0.0017410233
11,139,0.152241665469939,0.0035491283
11,140,0.0,0.0022494486
11,141,0.0,0.0026233536
11,142,0.0,0.002774816
11,143,0.0,0.0026306584
11,144,0.0,0.0025359145
11,145,0.0,0.0025575724
11,146,0.0,0.0014861743
11,147,0.0,0.0023902343
11,148,0.0,0.0017266208
11,149,0.0,0.002501225
11,150,0.0,0.001753333
11,151,0.0,0.002312608
11,152,0.0,0.0015177489
11,153,0.0,0.0032337825
11,154,-0.161921503080779,0.0023997827
11,155,0.0,0.0016973428
11,156,0.0,0.0034664818
11,157,0.0,0.0028115306
11,158,0.0,0.002702226
11,159,0.0,0.0025739437
11,160,0.0,0.0027396516
11,161,0.0,0.0023633474
11,162,0.0,0.0033524614
11,163,0.0,0.002552717
11,164,0.0,0.0025359415
11,165,0.0,0.002554589
11,166,-0.154754847471948,0.0022953083
11,167,0.0,0.002699988
11,168,0.0,0.002686847
11,169,0.0,0.0027884548
11,170,0.0,0.0035258383
11,171,0.0,0.002389627
11,172,0.0,0.0035730316
11,173,0.0,0.0021253289
11,174,0.0,0.0027020779
11,175,0.0,0.0015997882
11,176,0.0,0.0023126951
11,177,0.0,0.0027252864
11,178,0.0,0.0023516417
11,179,0.0,0.0027953433
11,180,0.0,0.0029235454
11,181,0.0,0.0036320463
11,182,0.0,0.0023437883
11,183,0.0,0.0024760407
11,184,0.0,0.0027429922
11,185,0.0,0.002497668
11,186,0.0,0.0031234883
11,187,0.0,0.0024453779
11,188,0.0,0.0020327205
11,189,0.0,0.0034674308
11,190,-0.154826157269439,0.0031001265
11,191,0.0,0.0027809301
11,192,-0.157236788977109,0.0023467224
11,193,0.0,0.002422534
11,194,0.0,0.0023459066
11,195,0.0,0.0027251015
11,196,0.0,0.003584358
11,197,0.0,0.003540555
11,198,0.0,0.0027930895
11,199,0.0,0.0025741975
11,200,0.0,0.002446434
11,201,0.0,0.0023827143
11,202,0.0,0.0015060613
11,203,0.0,0.0026090126
11,204,0.0,0.0025766538
11,205,0.0,0.0035643587
11,206,-0.159536919999992,0.0026111854
11,207,0.0,0.003473367
11,208,0.0,0.002385952
11,209,0.0,0.0024983655
11,210,0.0,0.0026789517
11,211,0.0,0.002768776
11,212,0.0,0.0020656735
11,213,0.0,0.002698664
11,214,0.0,0.0021962253
11,215,0.0,0.0016112588
11,216,0.0,0.002646172
11,217,0.0,0.0022846502
11,218,0.0,0.0016088984
11,219,0.0,0.0031987815
11,220,0.0,0.002429098
11,221,0.179482368516988,0.0024226015
11,222,-0.155663432677426,0.0016136984
11,223,0.160220671505149,0.00352989
11,224,0.0,0.0025275205
11,225,0.0,0.0035221754
11,226,-0.142569225023319,0.0027949042
11,227,-0.149578142144364,0.0023958068
11,228,0.0,0.0035324185
11,229,0.0,0.0022963667
11,230,0.0,0.0023831404
11,231,0.0,0.002773547
11,232,0.0,0.0034743757
11,233,0.0,0.0030282587
11,234,0.0,0.0024054572
11,235,0.0,0.0033376887
11,236,0.0,0.0023626965
11,237,0.0,0.0025112918
11,238,0.0,0.0034039058
11,239,0.0,0.00278203
11,240,0.0,0.0024158
11,241,0.0,0.0024519027
11,242,0.0,0.002439253
11,243,0.0,0.0027417582
11,244,0.0,0.0025859955
11,245,0.0,0.0022869408
11,246,-0.151460802352922,0.003352868
11,247,0.0,0.0015430828
11,248,0.0,0.0026396764
11,249,0.0,0.0024227235
11,250,0.0,0.0022425824
11,251,0.0,0.0020141895
11,252,0.0,0.0025468064
11,253,0.0,0.0023178775
11,254,0.0,0.0032406459
11,255,0.0,0.0026896573
11,256,0.0,0.0023849835
11,257,0.0,0.0034838985
11,258,0.0,0.0033611981
11,259,0.0,0.0019189711
11,260,0.0,0.0035690651
11,261,0.0,0.0034751976
11,262,0.146731861990012,0.0028891908
11,263,0.0,0.002782058
11,264,0.0,0.0022921287
11,265,0.0,0.0027038222
11,266,0.0,0.0032647243
11,267,0.0,0.0025746417
11,268,0.0,0.002367434
12,1,0.0,0.002610268
12,2,0.0,0.0025913497
12,3,0.0,0.0027621826
12,4,0.0,0.0026798374
12,5,0.0,0.003083645
12,6,0.0,0.0030026985
12,7,0.0,0.002758515
12,8,0.0,0.0031031184
12,9,0.0,0.0024079266
12,10,0.0,0.0025894297
12,11,0.0,0.0029043294
12,12,-0.676543903304264,0.030703487
12,13,0.0,0.0027459464
12,14,0.0,0.002459182
12,15,0.0,0.0025794185
12,16,0.0,0.0021805698
12,17,0.0,0.0031078863
12,18,0.0,0.0016821036
12,19,0.0,0.0030295737
12,20,0.0,0.0018975604
12,21,0.0,0.00277015
12,22,0.0,0.0023913677
12,23,0.0,0.0034802002
12,24,0.0,0.0024874546
12,25,0.0,0.0023280876
12,26,0.0,0.002565017
12,27,0.0,0.0017816168
12,28,0.0,0.0018445668
12,29,0.0,0.0024748272
12,30,0.0,0.0028003724
12,31,0.0,0.0027809753
12,32,-0.146137508695428,0.002425266
12,33,0.0,0.0025287368
12,34,0.0,0.002395973
12,35,0.0,0.0024763648
12,36,0.0,0.0027290685
12,37,0.0,0.0024504652
12,38,0.0,0.003157908
12,39,0.0,0.0019848766
12,40,0.0,0.0023834053
12,41,0.0,0.0027738735
12,42,0.0,0.0027496936
12,43,0.0,0.0027133198
12,44,0.0,0.0015632459
12,45,0.0,0.0026992443
12,46,0.0,0.0027099373
12,47,0.143432529477415,0.0021823407
12,48,0.0,0.0026874207
12,49,0.0,0.0028116307
12,50,0.0,0.0022741375
12,51,0.0,0.0025661336
12,52,0.0,0.0015253904
12,53,0.0,0.0026168409
12,54,0.0,0.002322622
12,55,0.0,0.0027195537
12,56,0.0,0.0022779396
12,57,0.0,0.0018681986
12,58,0.141095011534473,0.0027782111
12,59,0.0,0.0027702209
12,60,0.0,0.002515046
12,61,-0.134205382005915,0.002954523
12,62,0.0,0.0023575434
12,63,0.0,0.0017725104
12,64,-0.14331971369519,0.003360155
12,65,-0.143020026691388,0.0036191824
12,66,-0.150422595032108,0.0026125233
12,67,0.0,0.0020271414
12,68,0.0,0.0016319267
12,69,0.0,0.0032381862
12,70,0.0,0.0014880919
12,71,0.0,0.0017870609
12,72,0.0,0.0027958844
12,73,0.0,0.002539204
12,74,0.0,0.002768701
12,75,-0.133959822431253,0.0026868884
12,76,0.0,0.0027709645
12,77,0.0,0.0028128293
12,78,0.0,0.0016412693
12,79,0.0,0.0028615114
12,80,0.0,0.0031231153
12,81,0.0,0.0027711848
12,82,0.0,0.0025116773
12,83,0.0,0.0031774538
12,84,0.0,0.0025735772
12,85,0.0,0.0023201467
12,86,0.0,0.0028352034
12,87,0.0,0.0026654284
12,88,0.0,0.001845425
12,89,0.146802456717063,0.0022061518
12,90,0.0,0.0027098106
12,91,0.0,0.001715424
12,92,0.0,0.0025088033
12,93,0.0,0.0022633984
12,94,0.0,0.0021129618
12,95,0.0,0.0026146318
12,96,0.0,0.0036065988
12,97,0.0,0.0023675556
12,98,0.0,0.0024128277
12,99,0.0,0.00245512
12,100,0.0,0.0036322917
12,101,0.0,0.002472674
12,102,0.0,0.0024714465
12,103,0.0,0.0014976389
12,104,0.0,0.0024683038
12,105,0.0,0.0025754054
12,106,0.0,0.0017038393
12,107,0.0,0.0033272197
12,108,0.0,0.0027252506
12,109,0.0,0.0026346734
12,110,0.0,0.0027865781
12,111,0.0,0.0023856047
12,112,0.0,0.0016022814
12,113,0.0,0.0027874196
12,114,0.0,0.002569011
12,115,0.0,0.0014924654
12,116,-0.144026339858995,0.0015789182
12,117,0.0,0.003179022
12,118,0.0,0.001882459
12,119,0.0,0.0024123583
12,120,0.0,0.0024102996
12,121,0.0,0.002242752
12,122,0.0,0.00250705
12,123,0.0,0.002004174
12,124,0.0,0.00239219
12,125,0.141892332215948,0.0026203957
12,126,0.140281911904988,0.0021191319
12,127,0.0,0.0031853905
12,128,0.0,0.002474565
12,129,0.0,0.0034772395
12,130,0.0,0.0027724304
12,131,-0.147481936831444,0.0026222337
12,132,0.0,0.0022129454
12,133,0.0,0.0028080153
12,134,0.0,0.0035259407
12,135,0.0,0.0028322493
12,136,0.0,0.002614892
12,137,0.0,0.0034677526
12,138,-0.157639511263891,0.0019963006
12,139,0.0,0.0018840763
12,140,0.0,0.001483711
12,141,0.0,0.0024231286
12,142,0.0,0.0031011556
12,143,0.0,0.0023371163
12,144,0.0,0.002296071
12,145,0.0,0.0034880722
12,146,0.0,0.0014929762
12,147,0.0,0.0034895088
12,148,0.0,0.0027702483
12,149,0.0,0.0034201979
12,150,0.0,0.0035133273
12,151,0.0,0.0030251187
12,152,0.0,0.0014930689
12,153,0.0,0.0027829767
12,154,0.0,0.0027153958
12,155,0.0,0.0035866718
12,156,0.0,0.0026951185
12,157,0.0,0.001484077
12,158,0.0,0.0026350948
12,159,0.0,0.0020486545
12,160,0.0,0.0025863452
12,161,0.0,0.0024813414
12,162,0.0,0.0025965683
12,163,0.0,0.0017084074
12,164,0.0,0.002794657
12,165,0.0,0.0021795412
12,166,-0.147922946539829,0.00260968
12,167,0.0,0.0025099912
12,168,0.0,0.002768814
12,169,0.0,0.0024605263
12,170,0.1443770522372,0.0025504655
12,171,0.0,0.002788073
12,172,0.0,0.0027312557
12,173,0.0,0.002155181
12,174,0.0,0.0023655375
12,175,0.0,0.0025132005
12,176,0.0,0.00265641
12,177,0.0,0.0032998258
12,178,0.0,0.0020494875
12,179,0.0,0.0025501316
12,180,0.0,0.0023294827
12,181,0.146256561632088,0.0023514437
12,182,0.0,0.0014942763
12,183,0.0,0.0016957549
12,184,0.0,0.0029745298
12,185,0.0,0.0020425725
12,186,0.0,0.0018046764
12,187,0.0,0.002048235
12,188,0.0,0.0025821677
12,189,0.0,0.0022137817
12,190,0.0,0.0020230091
12,191,0.0,0.002761372
12,192,0.0,0.0023973985
12,193,0.0,0.0026185745
12,194,0.13736640794656,0.0023393147
12,195,0.0,0.0014936184
12,196,0.0,0.0033272104
12,197,0.0,0.0024759201
12,198,0.0,0.0023085764
12,199,0.0,0.0024269805
12,200,0.0,0.002470815
12,201,0.0,0.0021003596
12,202,0.0,0.0029627085
12,203,0.0,0.00264396
12,204,0.0,0.0018156525
12,205,0.0,0.0027417718
12,206,0.0,0.0023943689
12,207,0.0,0.002742873
12,208,0.0,0.0024636802
12,209,0.0,0.0032477546
12,210,0.0,0.0016696006
12,211,0.0,0.0020316443
12,212,0.0,0.0026663463
12,213,0.0,0.0023810575
12,214,0.0,0.0023444155
12,215,0.0,0.0024616579
12,216,0.0,0.0030233948
12,217,0.0,0.0026809303
12,218,0.0,0.002411583
12,219,0.0,0.0018226067
12,220,0.0,0.0031171483
12,221,0.0,0.0017411057
12,222,0.0,0.0024850047
12,223,0.0,0.0027803555
12,224,0.0,0.0024698563
12,225,0.0,0.0032789786
12,226,-0.136275277937074,0.0026847883
12,227,0.0,0.0025520916
12,228,0.0,0.0025305343
12,229,-0.157302939055561,0.0022795242
12,230,0.0,0.002372183
12,231,0.0,0.0017228862
12,232,0.0,0.0027661934
12,233,0.0,0.0018862546
12,234,0.0,0.0025907303
12,235,0.0,0.0026338776
12,236,0.0,0.002367199
12,237,0.0,0.0022066762
12,238,0.0,0.0033304696
12,239,0.0,0.0034180647
12,240,0.0,0.0026544542
12,241,0.0,0.0024992852
12,242,0.0,0.0017401841
12,243,0.0,0.0033846726
12,244,0.0,0.002760895
12,245,0.0,0.0023697936
12,246,0.0,0.0027610543
12,247,0.0,0.003450072
12,248,0.0,0.0033849864
12,249,0.0,0.0018026112
12,250,-0.143495455171863,0.0027874252
12,251,0.0,0.0026862673
12,252,0.14625797717172,0.0027081314
12,253,0.0,0.0016300217
12,254,0.0,0.0027698535
12,255,0.0,0.0036066612
12,256,0.0,0.0018561683
12,257,0.0,0.003601491
12,258,0.0,0.0029979656
12,259,0.0,0.002257139
12,260,0.0,0.0023849998
12,261,0.0,0.0019529155
12,262,0.0,0.002396542
12,263,0.0,0.0027304678
12,264,0.0,0.0014920696
12,265,0.0,0.0026026396
12,266,0.0,0.0022926596
12,267,0.0,0.0024465607
12,268,0.0,0.0031199325
13,1,0.0,0.0022029914
13,2,0.0,0.0024475325
13,3,0.0,0.001659221
13,4,0.0,0.0032261629
13,5,0.0,0.0026125452
13,6,0.0,0.0030908636
13,7,0.0,0.0023821555
13,8,0.0,0.0024961433
13,9,0.0,0.003508545
13,10,0.0,0.0029747114
13,11,0.0,0.002349799
13,12,0.0,0.0027459464
13,13,0.269002732820809,0.030703487
13,14,0.0,0.002693201
13,15,0.0,0.0014875894
13,16,0.0,0.0026071477
13,17,0.0,0.0033048103
13,18,0.0,0.0016805399
13,19,0.0,0.0020514815
13,20,0.0,0.002589678
13,21,0.0,0.0022006878
13,22,0.0,0.0024560126
13,23,0.0,0.0016337363
13,24,0.0,0.0024054316
13,25,0.0,0.0033083442
13,26,0.0,0.0023871362
13,27,0.0,0.0027296739
13,28,0.0,0.0034117154
13,29,0.0,0.0015660953
13,30,0.0,0.0015667328
13,31,0.0,0.0025605364
13,32,0.0,0.0014921371
13,33,0.0,0.003059451
13,34,0.0,0.001699043
13,35,0.0,0.0025101295
13,36,0.146481925760326,0.0022307313
13,37,0.0,0.0034853444
13,38,0.0,0.0014599571
13,39,0.0,0.0014789705
13,40,0.0,0.0014906051
13,41,0.0,0.0023756078
13,42,0.0,0.0023346227
13,43,0.0,0.0023387205
13,44,0.0,0.0033114585
13,45,0.0,0.002317811
13,46,-0.137851078642067,0.0027339067
13,47,0.0,0.0025636568
13,48,0.0,0.001939469
13,49,0.0,0.002780932
13,50,-0.146363499168783,0.0026261457
13,51,0.0,0.0023821509
13,52,-0.137247937879061,0.0026759813
13,53,0.0,0.0023890282
13,54,0.0,0.0014916039
13,55,0.0,0.0027848259
13,56,0.0,0.0032645366
13,57,0.0,0.0031215684
13,58,0.0,0.0029510767
13,59,0.0,0.0036029476
13,60,0.0,0.002652112
13,61,0.1335335465506,0.0025017285
13,62,0.0,0.0017839521
13,63,0.0,0.002150448
13,64,0.0,0.001939049
13,65,0.0,0.0019142237
13,66,0.0,0.0023207855
13,67,0.0,0.0019917917
13,68,0.0,0.0031047468
13,69,0.0,0.0023115259
13,70,0.0,0.002416463
13,71,0.0,0.0014924547
13,72,0.0,0.0020483988
13,73,0.0,0.0022553178
13,74,0.0,0.0027802805
13,75,0.0,0.0023547108
13,76,0.0,0.0014859289
13,77,0.0,0.0034351982
13,78,0.0,0.0033187233
13,79,0.13206713831451,0.0020516017
13,80,-0.146761256919414,0.0027899751
13,81,0.0,0.0020630416
13,82,0.0,0.0030313525
13,83,0.0,0.0025953483
13,84,0.0,0.0021127625
13,85,0.0,0.0015580696
13,86,0.0,0.002492528
13,87,0.0,0.0022838777
13,88,0.0,0.003461617
13,89,0.0,0.0017166361
13,90,0.0,0.0017184522
13,91,0.0,0.0025260993
13,92,0.0,0.0024236022
13,93,0.0,0.0025564167
13,94,0.0,0.0034069633
13,95,0.0,0.0019883253
13,96,0.0,0.0023770789
13,97,0.0,0.0029067616
13,98,0.0,0.0017505186
13,99,0.0,0.003215115
13,100,0.0,0.0023807278
13,101,0.0,0.0025274782
13,102,0.0,0.0018121437
13,103,0.0,0.0026011467
13,104,0.0,0.0032471959
13,105,0.0,0.0024956889
13,106,0.0,0.003309248
13,107,0.0,0.00203045
13,108,0.0,0.0021292893
13,109,0.0,0.0027880133
13,110,0.0,0.0017378526
13,111,0.0,0.0023159524
13,112,0.0,0.0018873946
13,113,0.0,0.0015576072
13,114,0.0,0.002248282
13,115,0.0,0.0031643878
13,116,0.143305340446228,0.003023731
13,117,0.0,0.001979319
13,118,0.0,0.002314405
13,119,0.0,0.001721086
13,120,0.0,0.002006006
13,121,0.0,0.00206128
13,122,0.0,0.002313938
13,123,0.0,0.0020902972
13,124,0.0,0.0016969023
13,125,0.0,0.0023394977
13,126,0.0,0.002534571
13,127,0.0,0.0021294057
13,128,0.0,0.0020420798
13,129,0.0,0.0021392275
13,130,0.0,0.0016772412
13,131,0.0,0.0035369317
13,132,0.0,0.0015925257
13,133,0.0,0.0015127179
13,134,0.0,0.0023295875
13,135,0.165159278203641,0.0021393644
13,136,0.0,0.0025540623
13,137,0.0,0.0022000363
13,138,0.0,0.0027687177
13,139,0.0,0.0023322906
13,140,0.0,0.0043234504
13,141,0.0,0.0018612519
13,142,0.0,0.002359815
13,143,0.0,0.0016089417
13,144,0.0,0.0027365251
13,145,0.0,0.002551138
13,146,0.0,0.0027662222
13,147,0.0,0.002596687
13,148,0.0,0.0027893088
13,149,0.0,0.0024961317
13,150,0.0,0.0020485893
13,151,0.0,0.0016782852
13,152,0.0,0.0017399928
13,153,0.0,0.0025589596
13,154,0.0,0.0015208554
13,155,0.0,0.0024471893
13,156,0.0,0.0021383306
13,157,0.0,0.002551857
13,158,0.0,0.0027489448
13,159,0.0,0.0018321909
13,160,0.0,0.002681646
13,161,0.0,0.0025411327
13,162,0.0,0.0026048054
13,163,0.0,0.0027741315
13,164,0.0,0.0027562683
13,165,0.146419927068542,0.0024709348
13,166,0.147182440617826,0.0025970968
13,167,0.0,0.0026128637
13,168,0.0,0.0016035135
13,169,0.0,0.0026778807
13,170,0.0,0.0027011419
13,171,0.151487973945721,0.0027756654
13,172,0.0,0.0021127071
13,173,0.0,0.0014829366
13,174,0.0,0.0016415296
13,175,0.0,0.002432777
13,176,0.0,0.0022260617
13,177,0.0,0.003548271
13,178,0.0,0.00152408
13,179,0.0,0.002494331
13,180,0.0,0.002609976
13,181,0.0,0.0026660794
13,182,0.0,0.0021667695
13,183,0.0,0.0014967136
13,184,0.0,0.0019198973
13,185,0.0,0.001493833
13,186,0.0,0.002774308
13,187,0.0,0.0016982486
13,188,0.0,0.0014700862
13,189,0.0,0.001621089
13,190,0.0,0.0015096525
13,191,0.0,0.002231733
13,192,0.149542936680907,0.001492796
13,193,0.0,0.0015811599
13,194,0.0,0.002331961
13,195,0.0,0.0024753846
13,196,0.0,0.0024557514
13,197,0.0,0.0022474085
13,198,-0.133036741555202,0.002791104
13,199,0.0,0.002159379
13,200,0.0,0.0024701809
13,201,0.0,0.0014817487
13,202,0.0,0.0016072812
13,203,0.0,0.0023342953
13,204,-0.154603960849135,0.0023280508
13,205,0.0,0.0034620608
13,206,0.0,0.0030350406
13,207,0.0,0.0019609132
13,208,0.0,0.0020840545
13,209,0.0,0.0024289372
13,210,0.0,0.0023679351
13,211,0.0,0.0023384388
13,212,0.0,0.0020935507
13,213,0.0,0.0023295446
13,214,0.0,0.0016840175
13,215,0.0,0.0028311014
13,216,0.0,0.0026423177
13,217,0.0,0.0020805662
13,218,0.0,0.002212822
13,219,-0.152125361064634,0.00310741
13,220,0.0,0.0014874144
13,221,0.170700003765548,0.0035226503
13,222,0.0,0.0017620791
13,223,0.0,0.0018364415
13,224,0.0,0.0014870069
13,225,0.0,0.0018484308
13,226,0.0,0.0027562706
13,227,0.0,0.0025394522
13,228,0.0,0.003380518
13,229,0.0,0.0017475737
13,230,0.0,0.0022182097
13,231,0.0,0.002768449
13,232,0.0,0.0025418224
13,233,0.0,0.0016042804
13,234,0.0,0.0028077187
13,235,0.0,0.0015404252
13,236,0.0,0.0023347707
13,237,0.0,0.0027717496
13,238,0.0,0.0023572738
13,239,0.143479646191855,0.0016267626
13,240,0.0,0.002416641
13,241,0.140290050037032,0.0023181816
13,242,0.0,0.0029870458
13,243,0.0,0.0027754945
13,244,0.0,0.002281718
13,245,0.0,0.0021020179
13,246,0.0,0.0035603726
13,247,0.0,0.0022243848
13,248,0.0,0.002584756
13,249,0.0,0.003625981
13,250,0.142777113380946,0.00297679
13,251,0.0,0.0023649507
13,252,0.0,0.0025062785
13,253,0.0,0.0016333759
13,254,0.0,0.0019880598
13,255,0.0,0.002471665
13,256,0.0,0.002483136
13,257,0.0,0.0031699976
13,258,0.0,0.0021434543
13,259,0.0,0.0023298655
13,260,0.0,0.0031069913
13,261,0.0,0.0015516933
13,262,0.0,0.0020533847
13,263,0.0,0.0026306962
13,264,0.0,0.0023788302
13,265,0.0,0.0017353916
13,266,0.0,0.0016862294
13,267,0.0,0.001616477
13,268,0.0,0.001805454
14,1,0.0,0.0022077635
14,2,-0.146661655106153,0.0035732011
14,3,0.0,0.003567549
14,4,0.0,0.0023009148
14,5,0.0,0.0034885248
14,6,0.0,0.002570746
14,7,0.0,0.0029737544
14,8,0.0,0.0036165877
14,9,0.0,0.0015821494
14,10,0.0,0.002901766
14,11,0.0,0.0031850315
14,12,0.0,0.002459182
14,13,0.0,0.002693201
14,14,0.0,0.030703487
14,15,0.176263453616026,0.0024771169
14,16,0.0,0.0027381885
14,17,0.0,0.0028005447
14,18,0.0,0.0034347358
14,19,0.0,0.0014940212
14,20,0.0,0.0024384763
14,21,0.0,0.0023074052
14,22,0.0,0.0015884684
14,23,0.0,0.0023856452
14,24,0.0,0.0021077283
14,25,0.0,0.0025508776
14,26,0.0,0.0022221897
14,27,0.0,0.0014891578
14,28,0.0,0.001479221
14,29,0.0,0.0026123575
14,30,0.0,0.0020861966
14,31,0.0,0.0032531763
14,32,-0.155688524999336,0.0015507825
14,33,0.0,0.0025522532
14,34,0.0,0.002360674
14,35,0.0,0.0022416576
14,36,0.0,0.0023018802
14,37,0.0,0.0014944607
14,38,0.0,0.0015854379
14,39,0.0,0.0014929026
14,40,0.0,0.0023664664
14,41,0.0,0.0017377827
14,42,0.0,0.0022457507
14,43,-0.161575852508541,0.0018093535
14,44,0.0,0.0023094164
14,45,0.0,0.0017838604
14,46,0.0,0.0024069375
14,47,0.0,0.001686966
14,48,0.0,0.0017383359
14,49,0.0,0.0024588373
14,50,0.0,0.0020015961
14,51,0.0,0.0014782911
14,52,0.0,0.0030294452
14,53,0.0,0.0026629525
14,54,0.0,0.003447744
14,55,0.0,0.001742017
14,56,0.0,0.002269153
14,57,0.0,0.001490288
14,58,0.0,0.0021583699
14,59,0.0,0.002156193
14,60,0.0,0.0025444636
14,61,0.0,0.0017437902
14,62,0.0,0.0027562873
14,63,0.0,0.0031698276
14,64,0.0,0.0023006839
14,65,0.0,0.0022384385
14,66,0.0,0.001490959
14,67,0.150561841039664,0.0014894945
14,68,0.0,0.0023203064
14,69,0.0,0.0024847132
14,70,0.0,0.0022510085
14,71,0.0,0.0026985956
14,72,0.0,0.0016269367
14,73,0.0,0.0021466203
14,74,0.0,0.0014578905
14,75,0.0,0.0014814837
14,76,0.0,0.0020633922
14,77,0.0,0.0026826118
14,78,0.0,0.0024291463
14,79,0.0,0.001467464
14,80,0.0,0.0020586657
14,81,0.0,0.002423489
14,82,0.0,0.003541451
14,83,0.0,0.002518367
14,84,0.0,0.0014843857
14,85,0.0,0.0016943668
14,86,0.0,0.0027297884
14,87,0.0,0.0035164012
14,88,0.0,0.0016708439
14,89,0.156396931606331,0.0017614486
14,90,0.0,0.0014778948
14,91,0.0,0.0024623554
14,92,0.0,0.0026835375
14,93,0.0,0.0025591864
14,94,0.0,0.0025460944
14,95,0.0,0.0031470219
14,96,0.0,0.0035675354
14,97,0.0,0.0025910898
14,98,0.0,0.0017400202
14,99,0.0,0.002902994
14,100,0.0,0.0023119412
14,101,0.0,0.002610173
14,102,0.145865314583134,0.0017578048
14,103,-0.153873892564806,0.0022593522
14,104,0.0,0.0017597824
14,105,0.0,0.0021207929
14,106,0.0,0.0021914556
14,107,0.151555296936144,0.0037874794
14,108,0.145100304665892,0.0016862811
14,109,0.0,0.002641098
14,110,0.0,0.0014926298
14,111,0.0,0.0016656583
14,112,0.0,0.0018865541
14,113,0.0,0.0022515827
14,114,0.0,0.002482832
14,115,0.0,0.0023572394
14,116,0.153439377842641,0.001472842
14,117,0.0,0.0017396603
14,118,0.158825721914101,0.0016175564
14,119,0.0,0.002050125
14,120,-0.149170142977129,0.0027307277
14,121,0.0,0.002234952
14,122,0.0,0.0027388642
14,123,0.0,0.0034048413
14,124,0.0,0.0014899531
14,125,0.0,0.0027223593
14,126,0.0,0.0015542526
14,127,0.0,0.0014828844
14,128,0.154617407606979,0.002582184
14,129,0.0,0.0021006754
14,130,0.0,0.0023898007
14,131,0.0,0.0016868571
14,132,-0.15920414703959,0.0035684784
14,133,0.0,0.0016609565
14,134,0.0,0.0026605185
14,135,0.0,0.003485924
14,136,0.0,0.002434201
14,137,0.0,0.0016965391
14,138,0.0,0.0027583814
14,139,0.0,0.0014785421
14,140,0.0,0.0028035943
14,141,0.0,0.0014732294
14,142,0.0,0.0016542622
14,143,0.0,0.0035519265
14,144,0.0,0.0027625854
14,145,0.0,0.0035932567
14,146,0.0,0.001698738
14,147,0.0,0.0019832524
14,148,0.0,0.002609754
14,149,0.14793113850881,0.0022596149
14,150,0.0,0.0014711735
14,151,0.0,0.0019842265
14,152,0.0,0.0016465718
14,153,0.153944810406798,0.002635268
14,154,0.164888633555235,0.0014866414
14,155,0.0,0.0035390868
14,156,-0.150140124420827,0.0020990274
14,157,0.0,0.0035264771
14,158,0.0,0.0018299674
14,159,0.0,0.002543435
14,160,0.0,0.003906413
14,161,0.0,0.0033362173
14,162,0.0,0.0014787419
14,163,0.0,0.0027562077
14,164,0.0,0.0014763623
14,165,0.156774216810099,0.0015167296
14,166,0.0,0.001711511
14,167,0.0,0.0027437038
14,168,0.0,0.0024627713
14,169,0.0,0.0016785199
14,170,0.0,0.0035569128
14,171,0.0,0.0028268588
14,172,0.0,0.0027369563
14,173,0.0,0.0025712862
14,174,0.0,0.0026319874
14,175,0.0,0.0028548427
14,176,0.0,0.0017544911
14,177,0.0,0.0022196816
14,178,0.0,0.001840922
14,179,0.0,0.0015172809
14,180,0.0,0.003435926
14,181,0.0,0.002703227
14,182,0.0,0.0041396376
14,183,0.0,0.0014814571
14,184,0.0,0.0035389503
14,185,0.0,0.0017559221
14,186,0.0,0.0027807355
14,187,0.0,0.0027621984
14,188,-0.140628635238333,0.002174655
14,189,0.0,0.0015622438
14,190,0.0,0.0023775934
14,191,0.148940263005952,0.0016436689
14,192,-0.160118074411119,0.0015323176
14,193,0.0,0.002538343
14,194,0.0,0.0018489398
14,195,0.0,0.0024552853
14,196,0.0,0.0023770565
14,197,0.0,0.0023426753
14,198,0.0,0.0014625047
14,199,0.0,0.0024136063
14,200,0.0,0.0015153307
14,201,-0.142658296120102,0.003216464
14,202,0.0,0.0015542358
14,203,0.0,0.0025215656
14,204,0.0,0.0015829587
14,205,0.0,0.0031427848
14,206,0.0,0.0019626962
14,207,-0.147702427966806,0.0020779395
14,208,0.0,0.0027336865
14,209,0.0,0.0027911803
14,210,0.0,0.0027753906
14,211,0.0,0.0023357766
14,212,0.0,0.0034037759
14,213,0.0,0.0024514408
14,214,0.0,0.0016619572
14,215,0.0,0.002470173
14,216,0.145035192344349,0.0020857234
14,217,0.0,0.0025659828
14,218,0.157536266842727,0.0025781812
14,219,0.0,0.0036899284
14,220,0.0,0.0026085828
14,221,0.0,0.0025905785
14,222,0.0,0.0014768257
14,223,0.0,0.001491427
14,224,0.0,0.0027662534
14,225,0.0,0.001705951
14,226,0.0,0.0016867523
14,227,0.0,0.002542335
14,228,0.0,0.0031534848
14,229,0.0,0.0017496888
14,230,0.0,0.0017199735
14,231,0.0,0.0025635082
14,232,0.0,0.0035709133
14,233,0.0,0.0032186867
14,234,0.0,0.002657888
14,235,0.0,0.0014965059
14,236,0.0,0.0025836108
14,237,0.14753863273767,0.0014802953
14,238,0.0,0.0036307378
14,239,0.153626009862635,0.0026020203
14,240,0.0,0.001601466
14,241,0.0,0.0014924314
14,242,0.0,0.0024104887
14,243,0.0,0.0025501363
14,244,0.0,0.0024970043
14,245,0.0,0.0016421322
14,246,0.0,0.0019860906
14,247,0.0,0.0026141736
14,248,0.0,0.0023731566
14,249,0.0,0.001813869
14,250,0.0,0.0032577808
14,251,0.0,0.0019346206
14,252,0.0,0.0029151984
14,253,0.0,0.0027915807
14,254,0.0,0.0014736028
14,255,0.0,0.002208076
14,256,-0.150109858205619,0.0021195784
14,257,0.0,0.0025270744
14,258,0.0,0.0032580583
14,259,0.0,0.0022398606
14,260,0.0,0.00271561
14,261,0.0,0.0026501124
14,262,0.0,0.0020147045
14,263,0.0,0.0028355098
14,264,0.0,0.0024091848
14,265,0.0,0.002813843
14,266,0.0,0.003019371
14,267,0.0,0.0019761296
14,268,0.0,0.00242384
15,1,0.0,0.0014625951
15,2,0.0,0.0023292135
15,3,0.0,0.0016951934
15,4,0.0,0.0018574996
15,5,0.0,0.0025677825
15,6,0.0,0.0023559104
15,7,0.0,0.00149904
15,8,0.0,0.002178601
15,9,-0.142417583998169,0.0015977304
15,10,0.0,0.0016825111
15,11,0.0,0.0024869256
15,12,0.14103139991808,0.0025794185
15,13,0.0,0.0014875894
15,14,0.0,0.0024771169
15,15,-0.313372258329764,0.030703487
15,16,0.0,0.0014909874
15,17,0.0,0.0035559707
15,18,-0.166766508044813,0.0023158365
15,19,0.0,0.00272546
15,20,0.0,0.0019315444
15,21,0.0,0.0014989674
15,22,0.0,0.0014934437
15,23,0.0,0.0033242353
15,24,0.0,0.0030716332
15,25,0.174432070180169,0.0036212169
15,26,-0.168719972373173,0.0023839492
15,27,0.0,0.003097077
15,28,0.0,0.0021490697
15,29,0.0,0.0036261617
15,30,0.181972348824495,0.0028461828
15,31,0.0,0.0031311451
15,32,0.0,0.0023480887
15,33,0.0,0.001688953
15,34,0.0,0.0035742894
15,35,-0.180847263225069,0.0027755136
15,36,0.0,0.0014904751
15,37,0.0,0.0023430567
15,38,0.0,0.0014857147
15,39,0.0,0.0014674757
15,40,0.194082993095412,0.0022381037
15,41,0.0,0.0028265375
15,42,0.0,0.0021983744
15,43,0.0,0.0024329252
15,44,0.0,0.0020967363
15,45,0.0,0.0021283482
15,46,0.0,0.003295335
15,47,0.0,0.0035348996
15,48,0.0,0.0030215979
15,49,0.0,0.0031423606
15,50,0.0,0.0035461043
15,51,0.0,0.003080591
15,52,0.0,0.0014834674
15,53,0.0,0.0035551563
15,54,0.0,0.0018045157
15,55,0.0,0.002975508
15,56,0.0,0.0035463213
15,57,0.0,0.0024825637
15,58,0.0,0.003357137
15,59,0.0,0.0014699735
15,60,0.0,0.0024407655
15,61,0.0,0.0018755998
15,62,0.0,0.002229902
15,63,0.0,0.0022490625
15,64,0.0,0.001668246
15,65,0.174541858362684,0.0016641291
15,66,0.0,0.0014955676
15,67,0.0,0.0024759504
15,68,0.0,0.0016979473
15,69,0.0,0.00258679
15,70,0.0,0.0017410642
15,71,0.0,0.0016352432
15,72,0.0,0.002550792
15,73,0.0,0.0028930628
15,74,0.0,0.0021274234
15,75,0.0,0.0019178083
15,76,0.0,0.0022693211
15,77,0.0,0.0027854992
15,78,0.0,0.0024887053
15,79,0.0,0.002580922
15,80,0.180008789875864,0.0023066248
15,81,0.0,0.0026136031
15,82,0.0,0.0014916505
15,83,0.0,0.0023652297
15,84,0.0,0.0018053586
15,85,0.0,0.002772186
15,86,0.0,0.0016158842
15,87,0.0,0.0016863775
15,88,0.0,0.0027719648
15,89,0.0,0.0026094886
15,90,0.0,0.0014920263
15,91,0.0,0.0023925495
15,92,0.0,0.0027295547
15,93,0.0,0.0014973106
15,94,0.0,0.0014729034
15,95,0.0,0.0014768108
15,96,0.0,0.0017259349
15,97,0.0,0.0023264848
15,98,0.0,0.0017232886
15,99,-0.173567205822133,0.0024637599
15,100,0.0,0.001554586
15,101,0.0,0.0034678513
15,102,0.0,0.0024496242
15,103,0.0,0.0025191233
15,104,-0.168525533303271,0.001844754
15,105,0.0,0.0016241684
15,106,0.176876813677765,0.0018295464
15,107,0.0,0.0018405188
15,108,0.0,0.001894501
15,109,-0.176609017677788,0.0023298599
15,110,0.0,0.0032326025
15,111,0.0,0.0025844765
15,112,0.17970891430624,0.0031386307
15,113,0.0,0.0029576514
15,114,0.0,0.0017647138
15,115,0.0,0.0022658356
15,116,0.0,0.0020882096
15,117,0.0,0.0020038243
15,118,0.0,0.0024929498
15,119,0.0,0.0016123592
15,120,0.0,0.002611089
15,121,0.0,0.0015268694
15,122,0.0,0.0031542745
15,123,0.0,0.0016562464
15,124,0.0,0.002101291
15,125,0.0,0.002381621
15,126,0.0,0.003598054
15,127,0.0,0.0036254604
15,128,0.0,0.0027410188
15,129,0.0,0.0019789515
15,130,0.0,0.002547827
15,131,0.0,0.0018145763
15,132,-0.182373701356404,0.0019156625
15,133,0.0,0.002884678
15,134,0.0,0.001970171
15,135,0.0,0.0020443741
15,136,0.0,0.0024387352
15,137,0.0,0.0018244749
15,138,0.0,0.001555833
15,139,0.0,0.002474052
15,140,0.0,0.0025226674
15,141,0.0,0.0019783238
15,142,0.0,0.0025065262
15,143,0.0,0.0017695548
15,144,0.0,0.0016305349
15,145,0.0,0.0017577833
15,146,0.174016987651673,0.0016883365
15,147,0.0,0.002392
15,148,0.0,0.0025172764
15,149,0.0,0.0018508136
15,150,0.0,0.0029200385
15,151,0.0,0.0025201486
15,152,0.0,0.002722999
15,153,0.0,0.0023856447
15,154,0.0,0.0019066841
15,155,0.0,0.0035875747
15,156,0.0,0.0014741113
15,157,0.0,0.0018849592
15,158,0.0,0.00355678
15,159,0.0,0.0026746732
15,160,0.177609276305928,0.002380102
15,161,0.0,0.0017623506
15,162,0.0,0.0032909135
15,163,0.0,0.002760875
15,164,0.0,0.0016450598
15,165,0.0,0.0021034
15,166,0.0,0.0014585173
15,167,0.0,0.0027491096
15,168,0.0,0.0025189756
15,169,0.0,0.0024883319
15,170,0.0,0.00216993
15,171,0.0,0.0018972345
15,172,0.0,0.002231746
15,173,0.0,0.0024642856
15,174,0.183490934697343,0.0018791994
15,175,0.0,0.0022948585
15,176,0.177515748579429,0.002446101
15,177,0.0,0.0030843755
15,178,0.16936656163718,0.0014858758
15,179,0.0,0.0021632914
15,180,0.177699300215234,0.0023017996
15,181,0.0,0.00291313
15,182,0.0,0.0024903975
15,183,0.0,0.003561888
15,184,0.0,0.002356043
15,185,0.0,0.0017254506
15,186,0.0,0.0015073544
15,187,0.0,0.00173508
15,188,0.0,0.0014714105
15,189,-0.177441293764579,0.003125561
15,190,0.0,0.0016081636
15,191,0.0,0.0022340482
15,192,0.0,0.0014957148
15,193,0.0,0.0016882494
15,194,0.0,0.0036281394
15,195,0.0,0.0025335313
15,196,0.0,0.0021292013
15,197,0.0,0.0023103608
15,198,0.0,0.0030843192
15,199,0.0,0.0026399745
15,200,0.0,0.0023429971
15,201,0.0,0.0018725591
15,202,-0.178039585119885,0.0014918596
15,203,-0.175027848693832,0.0019869292
15,204,0.0,0.0027775536
15,205,0.0,0.0017815325
15,206,0.186103796082199,0.002423294
15,207,-0.169198095580608,0.002761798
15,208,-0.177118935502257,0.0024649487
15,209,0.0,0.0036301785
15,210,0.178487082966559,0.0032318803
15,211,0.0,0.0015290128
15,212,0.0,0.0016123438
15,213,0.0,0.0026983698
15,214,0.0,0.0018781507
15,215,0.0,0.0017607706
15,216,0.0,0.0026011579
15,217,0.0,0.0017042044
15,218,0.0,0.0025990526
15,219,0.186588086866209,0.0015227087
15,220,0.0,0.0021618
15,221,0.0,0.002786642
15,222,0.0,0.002059184
15,223,0.0,0.001741833
15,224,0.0,0.0014749332
15,225,0.177154595590829,0.002384523
15,226,0.166310556712128,0.0023171082
15,227,0.0,0.0024079573
15,228,0.167300312278778,0.002696543
15,229,0.0,0.0023888904
15,230,0.0,0.0021638032
15,231,0.0,0.0024012253
15,232,0.0,0.002518727
15,233,0.0,0.0021560919
15,234,0.0,0.0021547815
15,235,0.0,0.0016207313
15,236,0.0,0.0019733114
15,237,-0.169010462640402,0.0016020802
15,238,0.0,0.002386563
15,239,0.0,0.0018461184
15,240,0.172544268206752,0.0024451572
15,241,0.0,0.0024285275
15,242,0.0,0.00191704
15,243,0.0,0.002112188
15,244,0.0,0.002564868
15,245,0.0,0.002331308
15,246,0.0,0.0035742633
15,247,0.0,0.002271955
15,248,0.0,0.0024821889
15,249,0.0,0.0024603466
15,250,0.0,0.0033798097
15,251,0.0,0.002490832
15,252,0.0,0.0025590733
15,253,0.0,0.0025348589
15,254,0.0,0.0021517063
15,255,0.0,0.002746061
15,256,0.0,0.0019164919
15,257,0.0,0.0035517854
15,258,0.0,0.0017946246
15,259,0.0,0.0023321998
15,260,0.0,0.0031477213
15,261,0.0,0.0015985444
15,262,0.0,0.0020726663
15,263,0.0,0.0028053382
15,264,0.0,0.002120453
15,265,0.179747236060347,0.002262428
15,266,-0.190162094108868,0.0017389813
15,267,0.0,0.0021093823
15,268,0.0,0.0014956873
16,1,0.0,0.001850157
16,2,0.0,0.0015555336
16,3,0.0,0.0027707228
16,4,0.0,0.0032882784
16,5,0.0,0.0023959083
16,6,0.0,0.003620857
16,7,0.0,0.0017847456
16,8,0.0,0.002614683
16,9,0.0,0.0020911423
16,10,0.0,0.0024663713
16,11,0.0,0.002349561
16,12,0.0,0.0021805698
16,13,0.0,0.0026071477
16,14,0.0,0.0027381885
16,15,0.0,0.0014909874
16,16,0.0,0.030703487
16,17,0.0,0.0033270218
16,18,0.0,0.0024268478
16,19,0.0,0.0031397664
16,20,0.0,0.0036136168
16,21,0.0,0.002771906
16,22,0.0,0.0033490928
16,23,0.0,0.0025209482
16,24,0.0,0.0024475707
16,25,-0.150833749401925,0.00231082
16,26,0.0,0.0034232377
16,27,0.0,0.0027042245
16,28,0.0,0.0024232306
16,29,0.0,0.001826847
16,30,0.0,0.0033165957
16,31,0.0,0.0023887837
16,32,0.0,0.0032007578
16,33,0.0,0.0030895858
16,34,0.0,0.0023579504
16,35,0.0,0.002486946
16,36,0.0,0.0035685664
16,37,0.0,0.0024917834
16,38,0.0,0.001491745
16,39,-0.147010823426733,0.0019375281
16,40,0.0,0.0034627444
16,41,0.0,0.0023728781
16,42,0.0,0.0024426957
16,43,0.0,0.0029911455
16,44,0.0,0.0023635454
16,45,0.0,0.0024517477
16,46,0.0,0.0025641564
16,47,0.0,0.0015564547
16,48,0.0,0.002112477
16,49,0.0,0.0023689144
16,50,0.0,0.0028105984
16,51,0.0,0.0018702671
16,52,0.0,0.002197594
16,53,0.0,0.0015510567
16,54,0.0,0.0034644674
16,55,-0.154976208358312,0.0027338187
16,56,0.0,0.0023286832
16,57,0.0,0.0016209795
16,58,0.0,0.0035700072
16,59,0.0,0.0018392908
16,60,0.0,0.003462622
16,61,0.0,0.0018630051
16,62,0.0,0.0025139884
16,63,0.0,0.0025344621
16,64,0.0,0.0026888018
16,65,0.0,0.0017852839
16,66,0.0,0.0027330504
16,67,0.0,0.002085796
16,68,-0.156017403834261,0.0025658035
16,69,0.0,0.0026635914
16,70,0.0,0.0030431645
16,71,0.0,0.0030640746
16,72,0.0,0.0027242457
16,73,0.0,0.0025106808
16,74,0.0,0.0023434516
16,75,-0.141367473296895,0.0027766558
16,76,0.0,0.0036139386
16,77,0.0,0.003410433
16,78,0.0,0.0027682674
16,79,0.0,0.0028307652
16,80,0.0,0.0019583032
16,81,0.0,0.0018353034
16,82,0.0,0.0018904353
16,83,0.0,0.0026906235
16,84,0.0,0.003125505
16,85,0.0,0.0017855894
16,86,0.159179921907356,0.0019081915
16,87,0.0,0.0016951421
16,88,0.0,0.0020388179
16,89,0.0,0.0035358071
16,90,0.14003960963386,0.0014601732
16,91,0.0,0.0030327355
16,92,0.0,0.002553753
16,93,0.0,0.0022228775
16,94,0.0,0.003470852
16,95,0.0,0.0014926088
16,96,-0.162402774617404,0.0016756416
16,97,0.0,0.0032290234
16,98,0.0,0.0022459012
16,99,0.0,0.0027774181
16,100,0.0,0.0024138587
16,101,-0.158703115282948,0.001680139
16,102,0.0,0.0018216842
16,103,0.0,0.0031211302
16,104,0.0,0.0036174678
16,105,0.159727778451559,0.0018840646
16,106,0.0,0.0027993442
16,107,0.0,0.0027989023
16,108,0.0,0.0023928806
16,109,0.0,0.0024812296
16,110,0.0,0.0019934443
16,111,0.0,0.002822583
16,112,0.0,0.0016365484
16,113,0.0,0.0030094255
16,114,0.0,0.0016896045
16,115,0.0,0.0023632967
16,116,0.0,0.0017684251
16,117,0.0,0.0024118037
16,118,0.0,0.0024359687
16,119,0.0,0.0025392156
16,120,0.0,0.0018766811
16,121,0.0,0.0016421597
16,122,0.0,0.0016210461
16,123,0.0,0.0025476534
16,124,0.0,0.0026404997
16,125,0.0,0.0028615086
16,126,0.0,0.0035902061
16,127,0.0,0.0022218637
16,128,0.0,0.0027642553
16,129,0.0,0.0018882714
16,130,0.0,0.002591554
16,131,0.0,0.0019140025
16,132,-0.157700984340095,0.0015983479
16,133,0.0,0.0022176611
16,134,-0.144339178900912,0.0015444919
16,135,0.0,0.0016071536
16,136,0.0,0.0035417597
16,137,0.0,0.0023904312
16,138,0.0,0.002454618
16,139,0.0,0.0025058212
16,140,0.0,0.002645235
16,141,0.0,0.0017004409
16,142,0.0,0.0024696402
16,143,0.0,0.0020078407
16,144,0.0,0.002964608
16,145,0.0,0.0027036844
16,146,0.0,0.0027339435
16,147,0.0,0.0022676555
16,148,0.0,0.0022902945
16,149,0.0,0.0023138942
16,150,0.0,0.0027898755
16,151,0.0,0.0023569209
16,152,0.0,0.0031435974
16,153,0.0,0.0030249096
16,154,0.0,0.0018836078
16,155,0.0,0.0026134881
16,156,0.0,0.0022139386
16,157,0.0,0.002375748
16,158,0.0,0.0035536098
16,159,0.0,0.0026806076
16,160,0.153581122130322,0.0019332762
16,161,0.0,0.0018547098
16,162,-0.14545285460075,0.0017237137
16,163,0.0,0.0018326929
16,164,0.0,0.002780687
16,165,0.0,0.0024498915
16,166,0.156102724051452,0.001648956
16,167,0.0,0.0035859598
16,168,0.0,0.0022751102
16,169,0.0,0.0035974733
16,170,0.0,0.0023886291
16,171,0.160669202757454,0.002069559
16,172,0.0,0.0023079347
16,173,-0.145358149155977,0.0034944871
16,174,0.0,0.0021243603
16,175,0.0,0.0014899792
16,176,0.0,0.002434418
16,177,0.0,0.0035602609
16,178,-0.146453536260056,0.0033705113
16,179,0.0,0.0021547158
16,180,0.0,0.0031023184
16,181,0.0,0.0019189352
16,182,0.15849357871908,0.0029700832
16,183,0.0,0.0026201522
16,184,-0.148738180438553,0.0017261496
16,185,0.0,0.0023246137
16,186,0.0,0.0019309944
16,187,0.0,0.0022566812
16,188,0.0,0.002198319
16,189,0.0,0.002749322
16,190,0.0,0.0016883118
16,191,0.0,0.0024351412
16,192,0.158606282655406,0.0014778734
16,193,0.0,0.0019747787
16,194,0.0,0.0034909528
16,195,0.0,0.0031398889
16,196,0.0,0.0019302289
16,197,0.0,0.0019318718
16,198,0.0,0.002739382
16,199,0.0,0.0022563357
16,200,0.0,0.0020465832
16,201,0.0,0.0016076998
16,202,0.0,0.0023459191
16,203,0.0,0.0026201745
16,204,0.0,0.0021434547
16,205,-0.13991702050399,0.0017529936
16,206,0.0,0.002552492
16,207,0.0,0.0026051272
16,208,0.0,0.0014897739
16,209,0.0,0.0024887738
16,210,0.0,0.0026654312
16,211,0.0,0.0022282763
16,212,0.0,0.00378137
16,213,0.0,0.0015289071
16,214,-0.158242693559942,0.0022902903
16,215,0.0,0.0020313147
16,216,0.0,0.0024941908
16,217,0.0,0.0017394801
16,218,0.0,0.003605206
16,219,0.0,0.0020862431
16,220,0.0,0.0031252988
16,221,0.0,0.0017637173
16,222,0.0,0.0025865478
16,223,0.0,0.0017189523
16,224,0.0,0.0014809757
16,225,0.0,0.0016916096
16,226,0.0,0.00262585
16,227,0.0,0.0025855824
16,228,0.0,0.0025499878
16,229,0.0,0.0026855296
16,230,0.0,0.0024251267
16,231,0.0,0.0024740947
16,232,0.0,0.0031471266
16,233,0.0,0.0023475578
16,234,0.0,0.0018547922
16,235,0.0,0.0026051365
16,236,-0.13692371252252,0.0016378467
16,237,0.0,0.002689144
16,238,0.0,0.0015525846
16,239,0.0,0.0014955532
16,240,0.0,0.0024881014
16,241,0.0,0.0018571625
16,242,0.0,0.0017784401
16,243,0.0,0.003021353
16,244,0.0,0.0027384
16,245,0.0,0.0024301815
16,246,0.152779988611313,0.001680187
16,247,0.0,0.0036318456
16,248,0.0,0.002683009
16,249,0.0,0.0017399862
16,250,0.151430403228883,0.0024792235
16,251,0.0,0.002470518
16,252,0.0,0.0032765428
16,253,0.0,0.0022733784
16,254,0.0,0.0019254591
16,255,0.0,0.0025193263
16,256,0.0,0.001930635
16,257,0.0,0.00323547
16,258,0.0,0.0018097702
16,259,0.0,0.0026179594
16,260,0.0,0.0026001106
16,261,0.0,0.0022216341
16,262,0.0,0.0016805464
16,263,0.0,0.0025826865
16,264,0.0,0.0027718307
16,265,0.0,0.0026303758
16,266,0.0,0.0023241234
16,267,0.0,0.0024597053
16,268,0.0,0.0014828234
17,1,0.0,0.0025923294
17,2,0.0,0.0034245793
17,3,0.16356858121838,0.002614005
17,4,0.0,0.0021705744
17,5,0.0,0.002422948
17,6,0.0,0.0026157922
17,7,0.0,0.0026651248
17,8,0.0,0.0034830072
17,9,0.0,0.0025512655
17,10,-0.156031468211698,0.0023304266
17,11,0.162905392947099,0.001845683
17,12,0.0,0.0031078863
17,13,0.0,0.0033048103
17,14,0.0,0.0028005447
17,15,0.153434889132449,0.0035559707
17,16,0.0,0.0033270218
17,17,0.0,0.030703487
17,18,0.0,0.0026992834
17,19,0.0,0.0034502773
17,20,0.0,0.0026472183
17,21,0.0,0.0024500983
17,22,0.0,0.0035521472
17,23,0.0,0.0028586024
17,24,0.0,0.002829242
17,25,0.0,0.0036321655
17,26,0.0,0.0023083533
17,27,0.16941766823205,0.0032666987
17,28,0.0,0.002407936
17,29,0.174925800259614,0.002416858
17,30,0.0,0.0023598191
17,31,0.0,0.002603727
17,32,0.0,0.003556829
17,33,0.0,0.0034499
17,34,0.0,0.0025626323
17,35,0.0,0.002549591
17,36,0.0,0.0015749466
17,37,0.0,0.0032161796
17,38,0.0,0.0021975571
17,39,0.0,0.0024469965
17,40,0.0,0.0025815815
17,41,0.0,0.0024668635
17,42,0.0,0.0023500398
17,43,0.0,0.0036174306
17,44,0.0,0.0026067584
17,45,0.0,0.0035024704
17,46,0.0,0.0035835933
17,47,0.0,0.00247412
17,48,0.0,0.003077127
17,49,0.0,0.0035574813
17,50,0.0,0.003582776
17,51,0.17734054846512,0.0024264106
17,52,0.0,0.0029497095
17,53,-0.162660561677504,0.0024052626
17,54,0.0,0.002366566
17,55,0.0,0.0023846994
17,56,0.0,0.0015740474
17,57,0.0,0.0026909774
17,58,0.0,0.0016678511
17,59,0.0,0.0025475966
17,60,0.0,0.0023250375
17,61,0.0,0.002342288
17,62,0.0,0.0034576626
17,63,0.0,0.0023227353
17,64,0.0,0.0025366796
17,65,0.0,0.0024187565
17,66,0.167919203180754,0.00362714
17,67,0.0,0.0023229541
17,68,0.0,0.0031872052
17,69,0.0,0.0015553175
17,70,0.0,0.0022828183
17,71,0.0,0.0023830412
17,72,0.0,0.002477591
17,73,0.0,0.002351713
17,74,0.0,0.0031551886
17,75,0.0,0.0031227013
17,76,0.0,0.0026364126
17,77,0.0,0.002428885
17,78,0.169046155242735,0.002073022
17,79,0.148170451559085,0.0031806985
17,80,0.0,0.001479941
17,81,0.0,0.0027782652
17,82,0.0,0.0025514555
17,83,-0.173201250564693,0.0029421235
17,84,0.0,0.003544116
17,85,0.0,0.0036324053
17,86,0.0,0.001619753
17,87,0.0,0.0023829201
17,88,0.0,0.0029929187
17,89,0.0,0.0017143758
17,90,0.0,0.0022866493
17,91,0.0,0.0022680983
17,92,0.159389664220289,0.0021659401
17,93,0.0,0.0023890864
17,94,0.152457751318409,0.0023098984
17,95,0.0,0.0027744295
17,96,0.0,0.0028606812
17,97,0.0,0.0014965963
17,98,0.0,0.003625187
17,99,0.0,0.0027626213
17,100,0.154927336469194,0.0027607274
17,101,0.0,0.0027119163
17,102,0.0,0.0027692188
17,103,0.0,0.002363807
17,104,0.0,0.0036100266
17,105,0.168963464864606,0.002313638
17,106,0.0,0.0031211362
17,107,0.0,0.0024289517
17,108,0.0,0.0025116415
17,109,0.161546451238126,0.0020719036
17,110,0.0,0.0017178203
17,111,0.0,0.0028566974
17,112,0.0,0.0014830199
17,113,0.0,0.0025335918
17,114,0.0,0.0027199285
17,115,0.165642199109425,0.0028672647
17,116,0.0,0.0019244524
17,117,0.0,0.0024324814
17,118,0.0,0.0024272637
17,119,0.0,0.002529228
17,120,-0.156305510527238,0.0025228057
17,121,0.0,0.0026858402
17,122,0.0,0.0034113391
17,123,0.0,0.0022873129
17,124,0.0,0.0027649254
17,125,-0.158396731276143,0.0021858322
17,126,0.0,0.0031927088
17,127,0.0,0.0023335787
17,128,0.0,0.0023346138
17,129,0.0,0.0022664522
17,130,0.0,0.0024757423
17,131,0.0,0.0027024252
17,132,0.0,0.0023579313
17,133,0.0,0.0026752502
17,134,-0.152685074689162,0.002770272
17,135,0.0,0.0024369038
17,136,0.0,0.002434962
17,137,0.0,0.0035476019
17,138,0.0,0.002195442
17,139,0.0,0.0023962902
17,140,0.0,0.0024226508
17,141,0.0,0.0027973093
17,142,0.0,0.0026513827
17,143,0.0,0.0022831382
17,144,0.0,0.002613611
17,145,0.0,0.0035330304
17,146,0.0,0.0023361319
17,147,0.0,0.0022188611
17,148,0.0,0.0029628389
17,149,0.0,0.003603628
17,150,0.0,0.0024856748
17,151,0.0,0.002394326
17,152,0.0,0.0024174764
17,153,0.0,0.0026279343
17,154,0.0,0.0031427033
17,155,0.0,0.0025409586
17,156,0.0,0.003135147
17,157,0.0,0.0026822835
17,158,0.0,0.0034500584
17,159,0.0,0.0016159094
17,160,0.0,0.0015167124
17,161,-0.150044377576822,0.002334904
17,162,0.0,0.0036177258
17,163,0.163264041539653,0.0026061763
17,164,0.0,0.0023389435
17,165,0.0,0.0027321158
17,166,0.0,0.0036050566
17,167,0.0,0.0027894154
17,168,0.0,0.002471801
17,169,0.0,0.0026557795
17,170,0.0,0.0024201446
17,171,-0.169959323657445,0.0023596012
17,172,0.0,0.0027973796
17,173,0.0,0.0033585196
17,174,0.0,0.0035124156
17,175,0.0,0.0025437311
17,176,0.0,0.0024641217
17,177,0.0,0.0022893893
17,178,0.0,0.0035129632
17,179,0.0,0.002629804
17,180,0.0,0.0023815557
17,181,0.0,0.0028040502
17,182,0.0,0.002468911
17,183,0.0,0.0024550986
17,184,0.0,0.00218524
17,185,0.0,0.0023636296
17,186,0.0,0.0027717422
17,187,0.0,0.0025829081
17,188,0.0,0.0025966926
17,189,0.0,0.003115579
17,190,0.0,0.0026717274
17,191,0.0,0.0027588978
17,192,0.0,0.0026615616
17,193,0.0,0.0025715237
17,194,0.0,0.0036252276
17,195,0.0,0.0036134538
17,196,0.0,0.0024353806
17,197,0.0,0.0025880053
17,198,0.0,0.0036235717
17,199,0.0,0.0021378025
17,200,0.0,0.0027537202
17,201,0.0,0.0034608115
17,202,0.0,0.0026675444
17,203,0.0,0.002797185
17,204,0.0,0.00249524
17,205,0.0,0.0015436634
17,206,0.0,0.0026286691
17,207,0.0,0.0031077415
17,208,0.0,0.003417098
17,209,0.0,0.0027751299
17,210,0.0,0.0024351655
17,211,0.0,0.0036167423
17,212,0.0,0.0035813595
17,213,0.0,0.0035466393
17,214,0.167392510260852,0.0026141587
17,215,0.0,0.0027007689
17,216,0.0,0.0024935296
17,217,0.0,0.0024914215
17,218,0.0,0.0028187279
17,219,0.0,0.0016903803
17,220,0.0,0.0026951926
17,221,0.0,0.0026135542
17,222,0.0,0.002532456
17,223,0.0,0.0016102637
17,224,0.0,0.0017299014
17,225,0.0,0.0027665873
17,226,0.0,0.0016099224
17,227,0.0,0.0023067575
17,228,0.0,0.0025499272
17,229,-0.175599843750616,0.0025672372
17,230,0.0,0.0026692948
17,231,-0.159022418224162,0.0030128234
17,232,0.0,0.0023515103
17,233,0.0,0.0028157756
17,234,-0.153475994269213,0.0030938508
17,235,0.0,0.0025375052
17,236,0.0,0.002320292
17,237,0.0,0.0025362954
17,238,0.0,0.00256073
17,239,0.160974518242054,0.0014830139
17,240,0.0,0.0022518858
17,241,0.0,0.0023429575
17,242,0.0,0.002384873
17,243,0.0,0.0023520114
17,244,0.159111631397066,0.0026880759
17,245,0.0,0.0015787808
17,246,0.0,0.0024302965
17,247,0.0,0.0034670206
17,248,0.0,0.0016784291
17,249,0.0,0.0036288383
17,250,0.0,0.0025515277
17,251,0.0,0.0022343197
17,252,0.0,0.0016709454
17,253,0.0,0.0019080797
17,254,0.0,0.002156993
17,255,0.0,0.0032031573
17,256,0.0,0.0027403808
17,257,0.0,0.0028279861
17,258,0.0,0.0025219438
17,259,0.0,0.002202515
17,260,0.0,0.0024272958
17,261,0.0,0.0032282006
17,262,0.0,0.0027698507
17,263,0.0,0.0023213997
17,264,-0.149239101678848,0.002677346
17,265,0.0,0.0033792304
17,266,0.17394361775651,0.0030373386
17,267,0.0,0.002187055
17,268,0.0,0.0023417175
18,1,0.0,0.0035410784
18,2,0.0,0.0023412448
18,3,0.158445663970449,0.002281908
18,4,0.0,0.0024140337
18,5,0.0,0.0016214945
18,6,0.0,0.0036160424
18,7,0.0,0.0015787929
18,8,0.0,0.0029708706
18,9,0.0,0.0024863742
18,10,0.0,0.002353449
18,11,0.0,0.0026919022
18,12,0.0,0.0016821036
18,13,0.0,0.0016805399
18,14,0.0,0.0034347358
18,15,0.0,0.0023158365
18,16,0.0,0.0024268478
18,17,0.0,0.0026992834
18,18,0.0,0.030703487
18,19,0.0,0.0027399366
18,20,0.153178287845013,0.0017881365
18,21,0.0,0.0028849663
18,22,0.0,0.0025952454
18,23,-0.135788391478452,0.0017871018
18,24,0.0,0.0016683605
18,25,0.0,0.0024687517
18,26,0.0,0.0030636927
18,27,0.0,0.0025370512
18,28,-0.144432121677825,0.0032931138
18,29,0.0,0.00235864
18,30,0.0,0.0024231463
18,31,0.0,0.0026471582
18,32,0.0,0.002575839
18,33,0.0,0.0021948107
18,34,0.0,0.0019767154
18,35,0.0,0.0026883353
18,36,0.0,0.0024999292
18,37,0.0,0.002595351
18,38,0.0,0.0026087547
18,39,0.0,0.0018789312
18,40,0.0,0.0023156381
18,41,0.0,0.0026350026
18,42,0.0,0.0025186073
18,43,0.0,0.0035501216
18,44,0.0,0.0021205414
18,45,0.0,0.0023602643
18,46,0.0,0.0025299047
18,47,0.0,0.0024183523
18,48,0.0,0.0026212092
18,49,0.0,0.00308289
18,50,0.148270174035312,0.0025239252
18,51,0.0,0.0026715444
18,52,0.0,0.0014824704
18,53,0.0,0.0027631214
18,54,0.0,0.0032140044
18,55,0.0,0.0035889586
18,56,0.0,0.003242907
18,57,0.0,0.0032449965
18,58,0.0,0.0026211934
18,59,0.0,0.0025909091
18,60,0.0,0.0024213484
18,61,0.0,0.003386837
18,62,0.0,0.0019126199
18,63,0.0,0.0022756578
18,64,0.0,0.0030204174
18,65,0.0,0.0028881785
18,66,0.151619318879904,0.0027789618
18,67,0.0,0.0027692094
18,68,0.0,0.001491487
18,69,0.0,0.0027545313
18,70,0.0,0.0023556082
18,71,0.0,0.0023351498
18,72,0.0,0.0024786661
18,73,0.0,0.0025786003
18,74,0.0,0.0026902338
18,75,0.0,0.002453709
18,76,0.0,0.0032165376
18,77,0.0,0.00251148
18,78,0.0,0.0033400836
18,79,0.0,0.0024226974
18,80,0.0,0.0025676046
18,81,0.0,0.00155285
18,82,0.0,0.0018572002
18,83,0.0,0.0023023207
18,84,0.0,0.0027709063
18,85,0.0,0.0027773757
18,86,-0.152038935189906,0.0023888024
18,87,0.0,0.0023584561
18,88,0.0,0.0031211236
18,89,0.0,0.0034254836
18,90,0.0,0.0020399103
18,91,-0.132455419335846,0.002519609
18,92,0.0,0.0029638568
18,93,0.0,0.002538416
18,94,0.0,0.0023380783
18,95,0.0,0.0020855982
18,96,0.0,0.002802277
18,97,0.0,0.0031008557
18,98,0.0,0.0034255437
18,99,0.0,0.0025507705
18,100,0.0,0.0035046497
18,101,0.0,0.0026549143
18,102,-0.138006198442465,0.0034955232
18,103,0.0,0.0024517826
18,104,0.0,0.0028317603
18,105,0.0,0.0036024442
18,106,0.0,0.0019073598
18,107,0.0,0.0026510344
18,108,0.0,0.0016943379
18,109,0.0,0.0022856495
18,110,0.0,0.0018559345
18,111,0.0,0.0028606635
18,112,0.0,0.0036311336
18,113,0.0,0.0025904607
18,114,0.0,0.002707907
18,115,0.0,0.002369902
18,116,0.0,0.0024456056
18,117,0.0,0.0033614538
18,118,-0.150268308534395,0.0023314073
18,119,0.0,0.0026230696
18,120,0.0,0.0024605272
18,121,0.0,0.0020434884
18,122,0.0,0.002672723
18,123,0.0,0.0025376612
18,124,0.0,0.0020282385
18,125,0.143021191465757,0.0036110221
18,126,0.0,0.0018729707
18,127,0.143421940112323,0.0023950045
18,128,0.0,0.0024254955
18,129,0.0,0.0028831395
18,130,0.0,0.0020246068
18,131,0.0,0.0025302828
18,132,0.0,0.001528739
18,133,0.0,0.002264048
18,134,0.0,0.0022425246
18,135,0.0,0.0033247015
18,136,0.146960207997741,0.0029269704
18,137,0.0,0.0015574577
18,138,0.0,0.001972556
18,139,0.0,0.0019837013
18,140,0.0,0.002462225
18,141,0.0,0.0023994455
18,142,0.0,0.0029470692
18,143,0.0,0.0016632816
18,144,0.0,0.0026032995
18,145,0.0,0.0027588136
18,146,0.0,0.002642911
18,147,0.0,0.0035991203
18,148,0.0,0.0023451708
18,149,0.0,0.0019779755
18,150,0.0,0.0015303348
18,151,0.0,0.0032511032
18,152,0.0,0.001819199
18,153,0.0,0.002567805
18,154,0.0,0.0035812757
18,155,-0.146437803715655,0.0022880943
18,156,0.0,0.0027278182
18,157,0.0,0.0024194615
18,158,0.0,0.0025506834
18,159,0.0,0.0034461147
18,160,0.0,0.0029209168
18,161,-0.135479599110939,0.0025922814
18,162,0.0,0.0036318642
18,163,0.0,0.0020555053
18,164,0.0,0.002796499
18,165,0.0,0.0034879888
18,166,0.0,0.0034975843
18,167,0.0,0.0030406704
18,168,0.145268314846624,0.0024511712
18,169,0.0,0.0034760959
18,170,0.0,0.0026010182
18,171,0.0,0.0024907715
18,172,0.0,0.0022909786
18,173,0.0,0.0020516673
18,174,0.0,0.002534343
18,175,0.0,0.0034515876
18,176,0.0,0.0025962242
18,177,0.0,0.002209887
18,178,0.0,0.0034575872
18,179,0.0,0.0027024094
18,180,0.0,0.002425237
18,181,0.0,0.0023107263
18,182,0.0,0.0029005748
18,183,0.0,0.0026839096
18,184,0.0,0.002551498
18,185,0.0,0.0018709041
18,186,0.0,0.0015118481
18,187,0.0,0.0020009638
18,188,0.0,0.0026153848
18,189,0.0,0.0024419557
18,190,0.0,0.0025573657
18,191,0.0,0.0023749918
18,192,0.151491030026965,0.0024831975
18,193,0.0,0.0034516333
18,194,0.0,0.0026045837
18,195,0.0,0.0021275785
18,196,0.0,0.0025961343
18,197,0.0,0.0017148056
18,198,0.0,0.0022024773
18,199,0.0,0.0024277796
18,200,0.0,0.0026744856
18,201,0.0,0.002323382
18,202,0.0,0.0015966361
18,203,0.0,0.0034668837
18,204,0.0,0.0025954326
18,205,0.0,0.0025405874
18,206,0.0,0.001929847
18,207,0.0,0.0016808584
18,208,0.0,0.0015800297
18,209,0.0,0.0017715418
18,210,0.0,0.0022104434
18,211,0.0,0.0021986421
18,212,0.0,0.0016955142
18,213,0.0,0.0016166735
18,214,0.0,0.0021067532
18,215,0.0,0.0024675196
18,216,0.0,0.002257707
18,217,0.0,0.0023586974
18,218,0.0,0.0028092163
18,219,0.154107095610138,0.002290605
18,220,-0.150936050546686,0.0031701815
18,221,0.0,0.0015880307
18,222,0.0,0.0023249025
18,223,0.0,0.0016127164
18,224,0.0,0.0024379855
18,225,0.0,0.002752616
18,226,0.0,0.0023446805
18,227,0.0,0.0026004333
18,228,0.138176909646105,0.0025069057
18,229,0.0,0.002307524
18,230,0.0,0.0031189173
18,231,0.0,0.002452399
18,232,0.0,0.0033163228
18,233,0.0,0.0019980343
18,234,0.0,0.0016528103
18,235,0.0,0.0029124562
18,236,0.0,0.002747003
18,237,0.0,0.0020571807
18,238,0.0,0.0030172453
18,239,0.0,0.0028929873
18,240,0.0,0.002896328
18,241,0.0,0.0024528014
18,242,0.0,0.0021245345
18,243,0.0,0.0036106058
18,244,0.0,0.0032941476
18,245,0.0,0.0020178761
18,246,0.0,0.0025770166
18,247,0.0,0.002380093
18,248,0.0,0.0016208901
18,249,0.0,0.0027825986
18,250,0.0,0.0025019897
18,251,0.0,0.002118575
18,252,0.0,0.0032128426
18,253,0.0,0.0025388142
18,254,0.0,0.0025320211
18,255,0.0,0.0019321735
18,256,0.0,0.001532075
18,257,0.0,0.002299456
18,258,0.140826956072794,0.0035251365
18,259,0.0,0.0023390152
18,260,-0.136030945612273,0.0019032364
18,261,0.0,0.0027094628
18,262,0.0,0.0024422617
18,263,0.0,0.0015907963
18,264,0.0,0.001820473
18,265,0.0,0.0023950632
18,266,0.0,0.0023711594
18,267,0.0,0.0023457254
18,268,0.0,0.0015863939
19,1,0.0,0.002783467
19,2,0.0,0.0025415076
19,3,0.0,0.0035577333
19,4,0.0,0.0027670856
19,5,0.0,0.0023938343
19,6,0.0,0.0025195954
19,7,0.0,0.0025121719
19,8,0.0,0.002990324
19,9,0.0,0.0014784802
19,10,0.0,0.0025430042
19,11,0.0,0.002536838
19,12,0.0,0.0030295737
19,13,0.0,0.0020514815
19,14,0.0,0.0014940212
19,15,0.0,0.00272546
19,16,0.0,0.0031397664
19,17,-0.160057296368492,0.0034502773
19,18,0.0,0.0027399366
19,19,0.0,0.030703487
19,20,0.0,0.002513683
19,21,-0.157657256140917,0.0035682782
19,22,0.0,0.0023415703
19,23,0.0,0.0015726704
19,24,0.0,0.0034444835
19,25,0.0,0.0027721259
19,26,0.0,0.0025403714
19,27,0.0,0.0022432138
19,28,0.0,0.0025843899
19,29,0.0,0.002207724
19,30,0.0,0.003118766
19,31,0.0,0.0030497885
19,32,0.0,0.0026141293
19,33,0.0,0.0028799842
19,34,0.0,0.0027325507
19,35,0.0,0.0035950388
19,36,0.0,0.002359616
19,37,0.0,0.0024587815
19,38,-0.160526847881587,0.0021284102
19,39,0.0,0.0035972688
19,40,0.0,0.0026351493
19,41,0.0,0.0019610329
19,42,0.0,0.0014929939
19,43,0.0,0.002650756
19,44,-0.155432551053247,0.0018055323
19,45,0.0,0.003495437
19,46,-0.148859157670599,0.0027738623
19,47,0.0,0.0014982643
19,48,0.0,0.0018518222
19,49,0.0,0.002317957
19,50,0.0,0.0028020144
19,51,0.0,0.0030206647
19,52,0.0,0.0029094615
19,53,0.0,0.0024061077
19,54,-0.172910230992922,0.002970315
19,55,0.0,0.00351087
19,56,0.0,0.002777143
19,57,0.0,0.002420803
19,58,0.0,0.0023898655
19,59,0.0,0.0015666373
19,60,0.0,0.0016626511
19,61,0.0,0.002750462
19,62,0.0,0.002184723
19,63,0.0,0.0025798585
19,64,0.0,0.0020068293
19,65,0.0,0.0015190938
19,66,0.0,0.0025694617
19,67,0.0,0.0019747159
19,68,0.0,0.0026402413
19,69,0.0,0.0036271606
19,70,-0.149024769098954,0.0019572382
19,71,0.0,0.002534052
19,72,0.156916293602739,0.0031100437
19,73,0.0,0.002863904
19,74,0.0,0.0024940176
19,75,0.0,0.0025705565
19,76,0.0,0.002929991
19,77,0.0,0.0024853298
19,78,0.0,0.0036314763
19,79,0.0,0.0027849288
19,80,0.0,0.0022641737
19,81,0.150995831772239,0.0024969112
19,82,0.0,0.002772356
19,83,0.166705364320937,0.003594026
19,84,0.0,0.002721834
19,85,0.0,0.0030647442
19,86,0.0,0.0029562796
19,87,0.0,0.0034190891
19,88,0.0,0.0022350876
19,89,0.0,0.00276956
19,90,0.0,0.0016906932
19,91,0.0,0.001746573
19,92,0.0,0.0035906532
19,93,0.0,0.0035333727
19,94,0.0,0.002352666
19,95,0.0,0.0031129331
19,96,0.0,0.002341623
19,97,0.0,0.0022808993
19,98,0.153951805851549,0.00274652
19,99,0.152809646392502,0.002413745
19,100,0.149116810560919,0.002826822
19,101,0.0,0.0035486044
19,102,0.0,0.002717575
19,103,0.0,0.0025755353
19,104,0.0,0.0026612524
19,105,0.0,0.0024366216
19,106,0.0,0.0032015215
19,107,-0.152848807441488,0.0024786466
19,108,0.0,0.0025225207
19,109,0.0,0.0017674533
19,110,0.0,0.00251933
19,111,0.0,0.0023581977
19,112,0.0,0.0023801816
19,113,0.0,0.0023867073
19,114,0.0,0.0026138718
19,115,0.0,0.0014905082
19,116,0.0,0.002277357
19,117,-0.154932759290766,0.0019620066
19,118,0.0,0.0024287417
19,119,0.0,0.0017963676
19,120,-0.15044329641304,0.0023379163
19,121,0.0,0.002465738
19,122,0.15543768755978,0.0027487264
19,123,0.0,0.0019926224
19,124,0.0,0.002312196
19,125,0.0,0.002366182
19,126,0.0,0.0026743175
19,127,0.0,0.0027661663
19,128,0.0,0.0025533866
19,129,0.0,0.0023813099
19,130,0.0,0.0036016204
19,131,0.0,0.0018721549
19,132,0.0,0.002568088
19,133,-0.158842061449479,0.002146659
19,134,0.0,0.0026538372
19,135,0.0,0.0022815508
19,136,0.0,0.0027238373
19,137,0.15997429232411,0.0021351818
19,138,0.0,0.0022239569
19,139,0.0,0.002317064
19,140,0.0,0.0017539347
19,141,0.0,0.002532526
19,142,0.0,0.001577897
19,143,0.0,0.0017073397
19,144,0.0,0.0025412221
19,145,0.0,0.002693592
19,146,0.0,0.0023385775
19,147,0.0,0.0021974845
19,148,0.0,0.0024151942
19,149,0.0,0.0032226662
19,150,0.0,0.0020668437
19,151,0.0,0.0024292246
19,152,0.0,0.0024442282
19,153,0.0,0.0024238424
19,154,0.0,0.0026444728
19,155,-0.156098087316144,0.002422886
19,156,0.0,0.003410655
19,157,-0.155137210997624,0.0027641985
19,158,0.0,0.0024019498
19,159,0.0,0.0023791105
19,160,-0.156368310360137,0.0035708877
19,161,0.0,0.0025683925
19,162,0.0,0.0017766287
19,163,0.0,0.0025368738
19,164,0.0,0.0017374791
19,165,0.0,0.003550456
19,166,0.0,0.003465291
19,167,0.0,0.0015175007
19,168,0.154851449009905,0.0035891137
19,169,0.0,0.003535496
19,170,0.0,0.0018173503
19,171,0.0,0.0025204709
19,172,0.0,0.0027759597
19,173,0.0,0.0020021154
19,174,0.0,0.0025404734
19,175,0.0,0.0017961743
19,176,0.0,0.0024439464
19,177,0.0,0.002551158
19,178,0.0,0.0014889771
19,179,0.0,0.0030453205
19,180,0.0,0.0027180533
19,181,0.157145228544281,0.0033390722
19,182,0.0,0.0016976506
19,183,0.0,0.0021529016
19,184,0.0,0.0022142623
19,185,0.0,0.002233088
19,186,0.0,0.0021548327
19,187,0.0,0.0035609156
19,188,0.0,0.0021149353
19,189,0.0,0.0015079621
19,190,0.0,0.0023660208
19,191,0.150211454437475,0.0025366903
19,192,0.0,0.0027549919
19,193,0.0,0.003550069
19,194,0.0,0.002471101
19,195,0.153452126278333,0.0023710486
19,196,0.0,0.002567437
19,197,0.0,0.0029113428
19,198,0.0,0.0025474797
19,199,0.0,0.0022769263
19,200,0.0,0.0014797216
19,201,0.0,0.0027773762
19,202,0.0,0.0019239355
19,203,-0.154095605451835,0.0022395458
19,204,0.0,0.0036102282
19,205,-0.142456232793171,0.0023403824
19,206,0.0,0.002351481
19,207,0.0,0.002773387
19,208,0.0,0.0024238005
19,209,0.150137556675979,0.0028261258
19,210,0.157141136798039,0.0024276813
19,211,0.0,0.0029539634
19,212,0.0,0.0026737573
19,213,0.0,0.0026021143
19,214,0.161114479928127,0.002371184
19,215,0.147203370813858,0.0031071557
19,216,0.0,0.0024422305
19,217,0.0,0.0030205036
19,218,0.0,0.001707043
19,219,0.0,0.0024611573
19,220,0.160893076784595,0.0019315295
19,221,0.0,0.0025655814
19,222,0.0,0.00233196
19,223,0.0,0.0032629315
19,224,0.0,0.0032625827
19,225,0.0,0.0023578438
19,226,0.0,0.002112885
19,227,0.0,0.0027416348
19,228,0.0,0.0025209743
19,229,0.0,0.0019126795
19,230,0.0,0.0015304084
19,231,0.0,0.0015713726
19,232,0.0,0.0029513934
19,233,0.150994698641822,0.0024094498
19,234,0.0,0.0024609417
19,235,0.0,0.0027049193
19,236,0.0,0.0025338517
19,237,0.0,0.002647121
19,238,0.0,0.0023913365
19,239,0.0,0.0027338057
19,240,0.0,0.0019379742
19,241,0.0,0.0018942067
19,242,0.0,0.0025522835
19,243,0.0,0.0027683978
19,244,0.0,0.0023687892
19,245,0.0,0.0014933925
19,246,0.0,0.0024105906
19,247,0.0,0.0023284513
19,248,0.0,0.0022879275
19,249,0.0,0.0027279137
19,250,0.0,0.0024214922
19,251,0.0,0.0018585445
19,252,0.0,0.0020855675
19,253,0.0,0.0020773406
19,254,0.0,0.0025844476
19,255,0.0,0.0016949708
19,256,0.0,0.0026234747
19,257,0.0,0.003205744
19,258,0.0,0.0019538053
19,259,0.0,0.0015591625
19,260,0.0,0.003209122
19,261,0.0,0.0034615886
19,262,0.0,0.0033123032
19,263,0.0,0.0020243577
19,264,0.0,0.0020776698
19,265,0.0,0.0025243717
19,266,0.0,0.00224043
19,267,0.0,0.0031338315
19,268,0.0,0.0035219318
20,1,0.0,0.0024420768
20,2,0.0,0.0020822752
20,3,0.0,0.0014949143
20,4,0.0,0.00236692
20,5,0.0,0.0027467543
20,6,0.0,0.0016388521
20,7,-0.142018588490953,0.0018576416
20,8,0.0,0.0023346394
20,9,0.0,0.0022433791
20,10,0.0,0.0024884162
20,11,0.0,0.0025264542
20,12,0.0,0.0018975604
20,13,0.0,0.002589678
20,14,0.0,0.0024384763
20,15,0.0,0.0019315444
20,16,0.0,0.0036136168
20,17,0.0,0.0026472183
20,18,0.0,0.0017881365
20,19,0.0,0.002513683
20,20,0.187722799833864,0.030703487
20,21,0.0,0.0030725556
20,22,0.0,0.0027313875
20,23,0.0,0.002460178
20,24,0.0,0.0024922113
20,25,0.0,0.0024652863
20,26,0.0,0.002552894
20,27,0.0,0.0019937144
20,28,0.0,0.0019827858
20,29,0.0,0.0019435044
20,30,-0.167145148956296,0.0029766806
20,31,0.0,0.002553355
20,32,0.0,0.0019308417
20,33,0.0,0.0025979215
20,34,0.0,0.0014848798
20,35,0.0,0.003142736
20,36,0.0,0.0018491521
20,37,0.0,0.0014734329
20,38,0.0,0.0027983421
20,39,0.0,0.0025518043
20,40,0.0,0.0026671258
20,41,0.0,0.0025669602
20,42,0.0,0.0025249235
20,43,0.0,0.0017543687
20,44,0.0,0.0023639714
20,45,0.0,0.0026711952
20,46,0.0,0.0022587958
20,47,0.0,0.0021343147
20,48,0.0,0.002268632
20,49,0.0,0.0035816212
20,50,0.164893466963319,0.0028700917
20,51,0.0,0.0018497519
20,52,0.0,0.0016230461
20,53,0.0,0.0024033762
20,54,-0.180395611425705,0.0030299095
20,55,0.0,0.0026211627
20,56,0.0,0.0025528213
20,57,0.0,0.002058561
20,58,0.0,0.0023164777
20,59,0.0,0.0018653935
20,60,0.0,0.002129931
20,61,0.0,0.0030460963
20,62,-0.180398239237893,0.0024771853
20,63,0.0,0.0026811557
20,64,0.160656036568236,0.0019783978
20,65,0.0,0.0022577848
20,66,0.0,0.002051021
20,67,0.0,0.0022766227
20,68,-0.165725459153527,0.0015463168
20,69,0.0,0.0018929415
20,70,0.0,0.0020155231
20,71,0.0,0.0022353195
20,72,0.0,0.0018920642
20,73,0.0,0.002479781
20,74,0.0,0.0025503077
20,75,0.0,0.0017406442
20,76,0.0,0.0034440476
20,77,0.0,0.0020862208
20,78,0.169749743340301,0.0023811213
20,79,0.0,0.0019623237
20,80,0.0,0.0018306999
20,81,0.0,0.0024452307
20,82,0.0,0.0014801063
20,83,0.0,0.0027966574
20,84,0.0,0.0022935309
20,85,0.0,0.0022984166
20,86,0.0,0.0035935948
20,87,0.0,0.0014872588
20,88,0.0,0.003014287
20,89,0.0,0.00257594
20,90,0.0,0.0021122834
20,91,0.0,0.0019044112
20,92,0.0,0.002290505
20,93,0.0,0.0016240142
20,94,0.0,0.0025385683
20,95,0.0,0.0025421064
20,96,0.0,0.001961412
20,97,0.0,0.0025758739
20,98,0.0,0.002624846
20,99,0.0,0.0016079815
20,100,0.155572160539703,0.0027406323
20,101,0.0,0.0021688929
20,102,0.0,0.0015395386
20,103,0.0,0.0019344785
20,104,0.0,0.0024691178
20,105,0.0,0.0019814796
20,106,0.162464800614287,0.0016618185
20,107,0.0,0.0014769286
20,108,0.0,0.0034423703
20,109,0.0,0.0014855419
20,110,-0.159522860244853,0.0015150877
20,111,0.0,0.0014888421
20,112,0.0,0.0016444568
20,113,0.0,0.0023805755
20,114,0.162694504835136,0.0025519975
20,115,0.0,0.0016617207
20,116,0.0,0.0030913097
20,117,0.0,0.0019263895
20,118,0.0,0.002336204
20,119,0.180338803991864,0.0014973334
20,120,0.0,0.0033619525
20,121,0.156969502930998,0.0017227824
20,122,0.0,0.0016745212
20,123,0.0,0.0027853604
20,124,0.0,0.0024105767
20,125,0.0,0.0030405205
20,126,0.0,0.00214221
20,127,0.0,0.0015447014
20,128,0.0,0.003614319
20,129,0.0,0.002453751
20,130,0.0,0.0022259112
20,131,0.0,0.0022137528
20,132,0.0,0.0016824263
20,133,0.0,0.0024783933
20,134,0.0,0.0016900972
20,135,0.0,0.0021912172
20,136,0.0,0.0023420248
20,137,0.0,0.003241728
20,138,0.0,0.0023808805
20,139,0.0,0.0022252384
20,140,-0.157956218036531,0.001588494
20,141,0.0,0.0027906187
20,142,0.0,0.0014918693
20,143,0.0,0.0028768578
20,144,0.0,0.0035257614
20,145,0.158693054154738,0.0025203475
20,146,0.0,0.0022665448
20,147,0.0,0.0014835596
20,148,0.0,0.0036310093
20,149,0.155652396463868,0.0027994262
20,150,0.0,0.0027864417
20,151,0.0,0.0018506441
20,152,-0.166822029971255,0.0017680791
20,153,0.0,0.0027697245
20,154,0.173494987067894,0.0028773919
20,155,0.0,0.002703445
20,156,0.0,0.0024768086
20,157,-0.161853187472409,0.0024533924
20,158,0.0,0.0035399133
20,159,0.0,0.0033260072
20,160,0.0,0.0014955723
20,161,0.0,0.0019930275
20,162,0.0,0.0014949678
20,163,0.0,0.0016317442
20,164,0.0,0.0020008772
20,165,0.0,0.0024636919
20,166,0.0,0.0026546614
20,167,0.162613942501289,0.0025120769
20,168,0.0,0.0026678713
20,169,0.0,0.0014967984
20,170,0.0,0.0023162635
20,171,0.0,0.0030108625
20,172,0.0,0.0024354737
20,173,0.0,0.0014927755
20,174,0.168539999677077,0.0024545002
20,175,0.0,0.0032998915
20,176,0.0,0.001654733
20,177,0.155494872070917,0.0014734156
20,178,0.0,0.0014922419
20,179,0.0,0.0015427163
20,180,0.0,0.001749754
20,181,0.0,0.003206918
20,182,0.0,0.0015587555
20,183,0.0,0.00153118
20,184,0.0,0.0026956084
20,185,0.161777364404744,0.002137824
20,186,0.0,0.0018368564
20,187,0.0,0.002546609
20,188,0.0,0.0017291289
20,189,0.0,0.0014900332
20,190,-0.165892495080363,0.0027307402
20,191,0.0,0.002336199
20,192,0.0,0.0015221015
20,193,0.0,0.0014632437
20,194,0.153982603574308,0.0026375237
20,195,0.0,0.0014735996
20,196,0.0,0.0023122006
20,197,0.0,0.0022448287
20,198,0.0,0.0016834885
20,199,0.0,0.001878025
20,200,0.0,0.0025730021
20,201,0.0,0.0018718494
20,202,0.0,0.0025534378
20,203,0.0,0.0024675536
20,204,0.0,0.0014894507
20,205,0.0,0.0021750773
20,206,0.0,0.0027308092
20,207,0.0,0.002538404
20,208,0.0,0.0022215988
20,209,0.0,0.0025960295
20,210,0.0,0.0025341255
20,211,0.0,0.0017846022
20,212,0.0,0.002347631
20,213,0.0,0.0017893342
20,214,0.0,0.0014870814
20,215,0.0,0.0014840337
20,216,0.0,0.0028321352
20,217,0.0,0.003204498
20,218,0.0,0.0014852658
20,219,0.0,0.0014842907
20,220,0.0,0.0020833984
20,221,0.0,0.0025852877
20,222,0.0,0.0016541337
20,223,0.0,0.001979155
20,224,0.0,0.0020988467
20,225,0.162719948715284,0.0022682743
20,226,0.0,0.0024013915
20,227,0.0,0.0035908679
20,228,0.0,0.0033123125
20,229,0.0,0.0014831526
20,230,0.0,0.0023577083
20,231,0.0,0.0034682024
20,232,0.0,0.0017880867
20,233,0.0,0.0034732753
20,234,0.0,0.0015652445
20,235,0.0,0.0026409053
20,236,0.0,0.0029450292
20,237,0.0,0.0016159639
20,238,0.0,0.0025425083
20,239,0.0,0.0025452008
20,240,0.0,0.0023129303
20,241,0.0,0.0020400332
20,242,0.0,0.0023804922
20,243,0.0,0.0034915432
20,244,0.0,0.00359387
20,245,0.0,0.002387179
20,246,0.162286598416787,0.002434656
20,247,0.0,0.002400191
20,248,0.0,0.001655688
20,249,0.0,0.0020528063
20,250,0.0,0.0035829572
20,251,0.0,0.0026419805
20,252,-0.163949719986669,0.0024515996
20,253,0.0,0.0024912083
20,254,0.0,0.00202984
20,255,0.0,0.002634522
20,256,-0.157944834320087,0.0024333848
20,257,0.0,0.0025885715
20,258,0.0,0.003492603
20,259,-0.16509005479497,0.0021623834
20,260,0.0,0.002707893
20,261,0.0,0.0019283989
20,262,0.0,0.0033480553
20,263,0.0,0.0020338106
20,264,0.0,0.0014871415
20,265,0.0,0.0023246165
20,266,0.0,0.0014976403
20,267,0.0,0.0022597224
20,268,0.0,0.0028152666
21,1,0.0,0.0022867392
21,2,0.0,0.0025212052
21,3,0.0,0.0027797823
21,4,0.0,0.0027602278
21,5,0.0,0.0027113776
21,6,0.0,0.0025550332
21,7,0.0,0.0025414508
21,8,0.0,0.0027781157
21,9,0.0,0.0020765685
21,10,0.0,0.0028448128
21,11,0.0,0.003620206
21,12,0.0,0.00277015
21,13,0.0,0.0022006878
21,14,0.0,0.0023074052
21,15,0.0,0.0014989674
21,16,0.0,0.002771906
21,17,0.0,0.0024500983
21,18,0.0,0.0028849663
21,19,0.0,0.0035682782
21,20,0.0,0.0030725556
21,21,0.853141969302669,0.030703487
21,22,0.0,0.0024264152
21,23,0.0,0.0015265499
21,24,0.0,0.0015853941
21,25,-0.154698851293954,0.002758062
21,26,0.0,0.002457934
21,27,0.0,0.002589441
21,28,-0.155090723163873,0.003568219
21,29,0.0,0.0034185294
21,30,0.0,0.0031946548
21,31,0.0,0.0035443786
21,32,0.0,0.0027601225
21,33,0.0,0.002436188
21,34,0.0,0.002557611
21,35,0.0,0.0018257056
21,36,0.0,0.001766183
21,37,0.0,0.002427584
21,38,0.0,0.0023335349
21,39,0.0,0.0022952892
21,40,0.0,0.0019020499
21,41,0.0,0.0029378682
21,42,0.0,0.0022813817
21,43,0.0,0.0021922537
21,44,-0.156573994012911,0.003150627
21,45,0.0,0.0021876497
21,46,0.0,0.002486878
21,47,0.0,0.00278003
21,48,0.0,0.0015093638
21,49,0.0,0.0029551387
21,50,0.0,0.003372945
21,51,0.0,0.0018709973
21,52,0.149296240458805,0.00300181
21,53,0.0,0.0025506453
21,54,0.0,0.0015153056
21,55,0.158947460405817,0.002052297
21,56,0.0,0.002535622
21,57,0.0,0.0026069372
21,58,0.0,0.0026518484
21,59,0.0,0.0014866544
21,60,0.0,0.0020480854
21,61,0.0,0.0017202063
21,62,0.0,0.0030110013
21,63,0.0,0.0019560484
21,64,0.0,0.0016097138
21,65,0.0,0.0019046171
21,66,0.0,0.0017123572
21,67,0.0,0.0023934953
21,68,0.0,0.0025985492
21,69,0.0,0.0022086012
21,70,0.0,0.0029499037
21,71,0.0,0.0022967816
21,72,0.0,0.0025442545
21,73,0.0,0.0024230038
21,74,0.0,0.0023297993
21,75,0.0,0.0025894106
21,76,0.0,0.0017976025
21,77,0.0,0.0027576294
21,78,0.0,0.0026690015
21,79,0.0,0.0024334136
21,80,0.0,0.002817758
21,81,0.0,0.0026109777
21,82,0.0,0.0016031736
21,83,0.0,0.0024386346
21,84,0.0,0.0028255847
21,85,0.0,0.0015518488
21,86,0.0,0.0022839452
21,87,0.0,0.0016788314
21,88,0.157596106649488,0.0024360851
21,89,0.0,0.0020582867
21,90,0.0,0.0034427065
21,91,0.0,0.003512755
21,92,0.0,0.0015402418
21,93,0.0,0.0014927452
21,94,0.0,0.0016394947
21,95,0.0,0.0024705236
21,96,0.0,0.0023869495
21,97,0.0,0.0019407789
21,98,0.0,0.0024205432
21,99,0.0,0.0035698628
21,100,0.0,0.002615973
21,101,0.0,0.0024436596
21,102,0.0,0.0017721457
21,103,0.0,0.0018513761
21,104,0.0,0.0027897814
21,105,0.0,0.001979088
21,106,0.0,0.0025671409
21,107,0.0,0.0023143739
21,108,0.0,0.0017065858
21,109,0.0,0.002379063
21,110,0.0,0.0016474323
21,111,0.0,0.0021695755
21,112,0.0,0.0024723602
21,113,0.0,0.0016805623
21,114,0.157088814590797,0.002136053
21,115,0.0,0.0025389893
21,116,0.0,0.0015322482
21,117,0.0,0.0024193833
21,118,0.161357600847246,0.0023223478
21,119,0.0,0.0027360935
21,120,0.0,0.0017397348
21,121,0.0,0.002717671
21,122,0.0,0.0025431677
21,123,-0.148672081285055,0.0025334824
21,124,0.0,0.002080772
21,125,0.0,0.0026703342
21,126,0.15183264962062,0.0022394294
21,127,0.0,0.0023129135
21,128,0.0,0.0014940025
21,129,0.0,0.0036302689
21,130,0.0,0.0017310763
21,131,0.0,0.0024802135
21,132,0.0,0.0027406574
21,133,0.0,0.002614583
21,134,0.0,0.0023991996
21,135,0.0,0.0025241096
21,136,0.0,0.002341778
21,137,0.0,0.0019067838
21,138,0.0,0.0023983372
21,139,0.157502810787125,0.0016719261
21,140,0.0,0.003441154
21,141,0.0,0.0019670445
21,142,0.0,0.002073817
21,143,0.0,0.0026719822
21,144,0.0,0.0025147554
21,145,0.0,0.0027837055
21,146,0.0,0.0024429723
21,147,0.0,0.002767861
21,148,0.0,0.002490261
21,149,0.0,0.002573355
21,150,0.0,0.002290031
21,151,0.0,0.0022881296
21,152,0.161074124552456,0.0034016864
21,153,0.0,0.002344321
21,154,-0.167517162817261,0.0020145602
21,155,0.0,0.003246427
21,156,0.0,0.0031103557
21,157,0.0,0.003401203
21,158,0.0,0.0029356927
21,159,0.0,0.0033113803
21,160,0.0,0.002378778
21,161,0.0,0.003541777
21,162,-0.149180071524997,0.0017655981
21,163,0.158294836898979,0.0016370653
21,164,0.0,0.0021937941
21,165,0.0,0.0014923532
21,166,-0.160102842966977,0.0021356419
21,167,0.0,0.0016366891
21,168,0.0,0.0026060883
21,169,0.0,0.0023522354
21,170,0.0,0.002140426
21,171,0.0,0.002475277
21,172,0.0,0.0029799337
21,173,0.149082939261324,0.0021373834
21,174,0.0,0.0018916307
21,175,0.0,0.0024456629
21,176,0.0,0.0022144066
21,177,0.0,0.003458595
21,178,0.0,0.0026478544
21,179,0.0,0.0027807811
21,180,0.0,0.0024619834
21,181,0.0,0.0029216805
21,182,0.0,0.00282794
21,183,0.0,0.0023669954
21,184,0.0,0.0014770064
21,185,0.0,0.0036151744
21,186,0.0,0.0023453473
21,187,0.0,0.0017413353
21,188,0.0,0.002116107
21,189,0.0,0.0034618252
21,190,0.0,0.0025305278
21,191,0.0,0.0016047759
21,192,0.0,0.0014704736
21,193,0.145792110648584,0.002581195
21,194,0.0,0.002433774
21,195,0.0,0.0025816495
21,196,0.0,0.0025764038
21,197,0.0,0.003492441
21,198,0.0,0.0022650794
21,199,0.0,0.0034174547
21,200,0.149375942132764,0.0024991087
21,201,0.0,0.0023319498
21,202,0.0,0.0034358497
21,203,0.0,0.0029990259
21,204,0.0,0.0019902848
21,205,0.0,0.0022415877
21,206,0.0,0.002509702
21,207,0.0,0.002383459
21,208,0.0,0.0017270409
21,209,0.0,0.0024028514
21,210,0.0,0.0020701834
21,211,0.0,0.0025885766
21,212,0.0,0.001761998
21,213,0.0,0.003376599
21,214,0.162297649010586,0.0017725956
21,215,0.0,0.0022973232
21,216,-0.147347233137464,0.0026055733
21,217,0.0,0.0015945695
21,218,0.0,0.0030111084
21,219,0.0,0.002943683
21,220,0.0,0.003585402
21,221,0.0,0.0022832048
21,222,0.0,0.0022773538
21,223,0.165757554151589,0.0027756253
21,224,0.0,0.002793952
21,225,0.0,0.0014903396
21,226,0.0,0.0025052112
21,227,0.0,0.0015880028
21,228,0.0,0.0027641966
21,229,0.0,0.0023651593
21,230,0.0,0.0023091421
21,231,0.0,0.0016572177
21,232,0.0,0.002889356
21,233,0.0,0.0025771526
21,234,-0.148804704646817,0.002872679
21,235,0.0,0.0025279606
21,236,0.0,0.003506165
21,237,0.0,0.003377603
21,238,0.0,0.0014824118
21,239,0.156074998938628,0.002607413
21,240,0.0,0.0019789096
21,241,0.0,0.003553275
21,242,0.0,0.0026359432
21,243,0.0,0.0016098646
21,244,0.0,0.0032114023
21,245,0.0,0.0032472014
21,246,0.0,0.0017708172
21,247,0.0,0.002056444
21,248,0.0,0.0026496924
21,249,0.162326868306007,0.0015742639
21,250,0.0,0.0019905828
21,251,0.0,0.002683267
21,252,0.0,0.0023186817
21,253,0.148871942406722,0.0018396517
21,254,0.0,0.0026143258
21,255,0.0,0.002830118
21,256,0.0,0.0023545516
21,257,0.0,0.0032271254
21,258,0.0,0.0027796119
21,259,0.0,0.0021403837
21,260,0.0,0.0019669575
21,261,0.0,0.0023305374
21,262,0.151802600320466,0.0020503742
21,263,0.0,0.0026431107
21,264,0.0,0.0030126153
21,265,0.0,0.0023719678
21,266,0.0,0.0023223064
21,267,0.15768830972599,0.0025467295
21,268,0.0,0.0025306912
22,1,0.0,0.0014835154
22,2,0.0,0.0036187107
22,3,0.0,0.0026608403
22,4,0.0,0.0022495873
22,5,0.0,0.0027525863
22,6,0.0,0.0030170619
22,7,0.0,0.0021282579
22,8,0.0,0.0027387869
22,9,0.0,0.0015346752
22,10,0.0,0.002434174
22,11,0.0,0.0025931047
22,12,0.0,0.0023913677
22,13,0.0,0.0024560126
22,14,0.154710032868641,0.0015884684
22,15,-0.16127354089494,0.0014934437
22,16,0.0,0.0033490928
22,17,0.0,0.0035521472
22,18,0.0,0.0025952454
22,19,-0.16823427238335,0.0023415703
22,20,0.0,0.0027313875
22,21,0.0,0.0024264152
22,22,0.0,0.030703487
22,23,0.0,0.002465792
22,24,0.0,0.00253755
22,25,0.0,0.0023169955
22,26,0.0,0.0022862167
22,27,0.0,0.0014935927
22,28,0.0,0.0014937203
22,29,-0.154479699346816,0.0027742889
22,30,0.0,0.002055802
22,31,0.0,0.0028192992
22,32,0.0,0.0024894187
22,33,0.0,0.0017412095
22,34,0.0,0.0035447748
22,35,0.0,0.0028438559
22,36,0.0,0.0031749983
22,37,0.0,0.001491955
22,38,0.0,0.0026401998
22,39,0.0,0.0016325926
22,40,0.0,0.002856765
22,41,0.0,0.0026637567
22,42,0.0,0.0018948046
22,43,0.0,0.0028859326
22,44,0.0,0.0023419675
22,45,0.0,0.0024094866
22,46,0.0,0.0022494132
22,47,0.0,0.0025622775
22,48,0.0,0.0026433142
22,49,0.0,0.0023093275
22,50,0.145016415757716,0.0026369346
22,51,0.0,0.0014865105
22,52,0.0,0.0024495116
22,53,0.0,0.0018402473
22,54,0.0,0.0026935032
22,55,0.0,0.0019181897
22,56,0.0,0.0031557945
22,57,0.0,0.0023636823
22,58,0.0,0.0023583607
22,59,0.0,0.001492002
22,60,0.0,0.0021541645
22,61,0.0,0.0014877259
22,62,0.0,0.0015846025
22,63,0.0,0.0025536884
22,64,0.0,0.0016591982
22,65,0.0,0.0030183843
22,66,-0.148292064311959,0.002451769
22,67,0.0,0.0014670319
22,68,0.0,0.0025777146
22,69,0.0,0.0022408464
22,70,0.0,0.0016768379
22,71,0.0,0.0032007857
22,72,0.0,0.002188438
22,73,0.0,0.0014933529
22,74,-0.151633384588725,0.0014824038
22,75,0.0,0.0016415827
22,76,0.145289013524882,0.0019653654
22,77,0.0,0.00278022
22,78,0.0,0.0036070552
22,79,0.0,0.003550733
22,80,0.0,0.0016867779
22,81,0.0,0.0023370837
22,82,0.0,0.0015933011
22,83,0.0,0.0027898261
22,84,0.0,0.0015409254
22,85,0.0,0.0030555422
22,86,0.0,0.0025828816
22,87,0.0,0.0023812181
22,88,0.0,0.0029964233
22,89,0.0,0.0024086852
22,90,0.0,0.0027241684
22,91,0.0,0.0022984291
22,92,0.0,0.0016108267
22,93,0.0,0.0017666412
22,94,0.0,0.0019722367
22,95,0.0,0.00242585
22,96,0.0,0.001742708
22,97,0.0,0.0032988028
22,98,0.0,0.0025891522
22,99,0.0,0.002390311
22,100,0.0,0.0023157303
22,101,0.0,0.0021463246
22,102,-0.134977680984633,0.0030429699
22,103,0.0,0.0023877337
22,104,0.0,0.002491822
22,105,0.0,0.0017813351
22,106,0.0,0.0015294002
22,107,0.0,0.0016650739
22,108,0.0,0.003189791
22,109,0.0,0.001932119
22,110,0.0,0.0015745764
22,111,0.0,0.0017655152
22,112,0.0,0.0016875127
22,113,0.0,0.002475189
22,114,0.0,0.002954349
22,115,0.0,0.0017409357
22,116,0.0,0.0016209423
22,117,0.0,0.0016325847
22,118,0.146970701608827,0.0029906547
22,119,0.0,0.001737793
22,120,0.0,0.0022964817
22,121,0.0,0.0020387815
22,122,0.0,0.003191004
22,123,0.0,0.0034526368
22,124,0.0,0.0035852953
22,125,0.0,0.0023645782
22,126,0.0,0.0024384833
22,127,0.0,0.0016449494
22,128,0.0,0.0026338673
22,129,0.0,0.003572517
22,130,0.0,0.0026983023
22,131,0.0,0.0023842696
22,132,0.0,0.0023692208
22,133,0.0,0.0016760584
22,134,0.0,0.0022357348
22,135,0.0,0.001727304
22,136,-0.143735196653679,0.0022923718
22,137,0.0,0.001977929
22,138,0.0,0.0021170187
22,139,0.0,0.0024642781
22,140,0.0,0.0016850899
22,141,0.0,0.0023681903
22,142,0.0,0.001546314
22,143,0.0,0.002652138
22,144,0.0,0.0025929785
22,145,0.0,0.0026875632
22,146,0.0,0.0025665872
22,147,0.0,0.00251303
22,148,0.0,0.0015016473
22,149,0.0,0.0022584973
22,150,0.136395367035283,0.0016239011
22,151,0.0,0.0023320257
22,152,0.0,0.0016771266
22,153,0.0,0.0022371365
22,154,0.0,0.0021729898
22,155,0.0,0.0027790992
22,156,0.0,0.0017521018
22,157,0.0,0.0017006351
22,158,0.0,0.0029114657
22,159,0.0,0.0027531022
22,160,0.0,0.0019059591
22,161,0.0,0.0026994045
22,162,0.0,0.0016473364
22,163,0.0,0.0023133028
22,164,0.0,0.0019829343
22,165,0.0,0.001525857
22,166,0.0,0.0019256235
22,167,0.0,0.0024315119
22,168,0.0,0.002771983
22,169,0.0,0.0015076124
22,170,0.0,0.0027807052
22,171,0.0,0.002446346
22,172,0.0,0.0032344991
22,173,0.0,0.0019312412
22,174,0.14822337788806,0.0027559693
22,175,0.145526540228935,0.0024936218
22,176,0.0,0.0017724223
22,177,0.0,0.002280456
22,178,0.0,0.0025139553
22,179,0.0,0.0014915117
22,180,0.0,0.0026538582
22,181,0.0,0.002770686
22,182,0.0,0.0020119138
22,183,0.0,0.0015517166
22,184,0.0,0.0023897104
22,185,0.0,0.0017169444
22,186,0.0,0.002618479
22,187,0.0,0.0015844344
22,188,0.0,0.0015855567
22,189,0.0,0.0015211226
22,190,0.0,0.003553722
22,191,0.0,0.0024964623
22,192,0.0,0.002434533
22,193,0.0,0.002423321
22,194,0.0,0.002800309
22,195,0.0,0.0024639973
22,196,0.0,0.003259785
22,197,0.0,0.003036065
22,198,0.0,0.0018661576
22,199,0.0,0.002762646
22,200,0.0,0.0022724154
22,201,0.0,0.0027668779
22,202,0.0,0.0025018249
22,203,0.0,0.0028984202
22,204,0.0,0.003250992
22,205,0.0,0.0023886971
22,206,0.0,0.002275759
22,207,0.0,0.0025328528
22,208,-0.143076097745019,0.002507851
22,209,0.0,0.002374332
22,210,0.0,0.003397292
22,211,0.0,0.0021162336
22,212,0.0,0.0025366112
22,213,0.147124348026252,0.0021515451
22,214,0.0,0.0019612852
22,215,0.0,0.0027491166
22,216,0.0,0.0025619888
22,217,0.0,0.0026135808
22,218,0.145777493643209,0.0030862242
22,219,0.0,0.0015510358
22,220,0.0,0.0023725089
22,221,0.169128934853917,0.001814452
22,222,0.0,0.001480035
22,223,0.0,0.0024750428
22,224,0.0,0.001724584
22,225,0.143104903848126,0.001694466
22,226,0.0,0.0018557906
22,227,0.0,0.0030199587
22,228,0.0,0.0024571368
22,229,0.0,0.0016062632
22,230,0.0,0.0029909848
22,231,-0.140435174915382,0.0019784365
22,232,0.0,0.002497383
22,233,0.0,0.0025513205
22,234,0.0,0.0027406747
22,235,0.132924952035419,0.0023909723
22,236,0.127911198314998,0.0018817456
22,237,0.0,0.0014758464
22,238,0.0,0.002466178
22,239,0.0,0.0034632343
22,240,0.0,0.0015830034
22,241,0.0,0.0015727212
22,242,0.0,0.0036112694
22,243,0.0,0.0031153066
22,244,0.0,0.0026689037
22,245,0.0,0.0023166258
22,246,0.0,0.0026662862
22,247,0.0,0.0023298967
22,248,0.0,0.0020798477
22,249,-0.147853547645907,0.001492253
22,250,0.141463037931753,0.0025509815
22,251,0.0,0.0021107406
22,252,0.0,0.0036099157
22,253,0.0,0.0025506108
22,254,0.0,0.002397141
22,255,0.0,0.0030191299
22,256,0.0,0.0023242217
22,257,0.0,0.0023088697
22,258,0.137736537672655,0.0028056689
22,259,0.0,0.0027594655
22,260,0.0,0.0034044064
22,261,0.0,0.0027485932
22,262,0.0,0.0020399927
22,263,0.0,0.0022803158
22,264,0.0,0.0027437634
22,265,0.0,0.0036309888
22,266,0.0,0.001761999
22,267,0.0,0.0026967996
22,268,0.0,0.0027034148
23,1,0.0,0.0023618774
23,2,0.0,0.0027507334
23,3,0.0,0.0028598644
23,4,-0.153786096384756,0.0027633249
23,5,0.0,0.0023273458
23,6,0.0,0.0020233886
23,7,0.0,0.0031230962
23,8,0.0,0.0027416395
23,9,0.0,0.0015872107
23,10,0.0,0.0018633665
23,11,0.0,0.002311009
23,12,0.0,0.0034802002
23,13,0.0,0.0016337363
23,14,0.0,0.0023856452
23,15,0.0,0.0033242353
23,16,0.0,0.0025209482
23,17,0.0,0.0028586024
23,18,0.0,0.0017871018
23,19,0.0,0.0015726704
23,20,0.0,0.002460178
23,21,0.15022764819872,0.0015265499
23,22,0.0,0.002465792
23,23,0.0,0.030703487
23,24,0.0,0.003472405
23,25,0.0,0.0018405123
23,26,0.0,0.0019826363
23,27,0.0,0.0027223495
23,28,0.0,0.0026105405
23,29,0.0,0.0023877015
23,30,0.0,0.0018527652
23,31,0.142560428557249,0.0027515534
23,32,0.0,0.0027910871
23,33,0.0,0.002634658
23,34,0.0,0.0024890513
23,35,0.0,0.002740981
23,36,0.0,0.0035689091
23,37,0.0,0.003076356
23,38,0.0,0.003079975
23,39,0.0,0.0028721387
23,40,0.0,0.002585684
23,41,0.0,0.0035784515
23,42,0.0,0.002414904
23,43,0.150708622672758,0.003396599
23,44,0.0,0.003385536
23,45,0.0,0.0024910914
23,46,0.0,0.0022199717
23,47,0.0,0.002390002
23,48,0.0,0.0023788875
23,49,0.0,0.0028038947
23,50,0.0,0.0028529326
23,51,0.0,0.0025973506
23,52,0.0,0.0025188671
23,53,0.0,0.00236519
23,54,0.0,0.0022671157
23,55,0.0,0.0027640127
23,56,0.0,0.0022714804
23,57,0.0,0.0025956403
23,58,0.0,0.003609927
23,59,0.0,0.0014812853
23,60,0.0,0.0027760775
23,61,0.0,0.0024084342
23,62,0.0,0.002627906
23,63,0.0,0.002471894
23,64,0.0,0.0024439692
23,65,0.0,0.0024308078
23,66,0.0,0.0023609898
23,67,0.0,0.0028405455
23,68,0.0,0.0025139377
23,69,0.0,0.00173982
23,70,0.0,0.0018594987
23,71,0.0,0.0016304306
23,72,0.0,0.0026923856
23,73,-0.137077367089442,0.0016212133
23,74,0.0,0.0025326167
23,75,0.0,0.0023874394
23,76,0.0,0.0026707659
23,77,0.0,0.0035846834
23,78,0.0,0.003577774
23,79,0.0,0.0021120636
23,80,0.0,0.0034532137
23,81,0.0,0.0024270099
23,82,0.0,0.0026870314
23,83,0.0,0.001905215
23,84,0.0,0.0025918772
23,85,0.0,0.00243239
23,86,0.0,0.0022499627
23,87,0.0,0.003536909
23,88,0.0,0.0036214348
23,89,0.145878024387275,0.0024009864
23,90,0.0,0.0034303758
23,91,0.0,0.0030260584
23,92,0.0,0.003399531
23,93,0.0,0.0029420597
23,94,0.0,0.0033831028
23,95,0.0,0.0031270753
23,96,0.0,0.0027455692
23,97,0.0,0.0019445443
23,98,0.0,0.0024731215
23,99,0.0,0.0023072474
23,100,0.0,0.0024395133
23,101,0.0,0.0025569322
23,102,0.0,0.0016237637
23,103,0.0,0.0025857706
23,104,0.0,0.0030272068
23,105,-0.150404928785759,0.0036254982
23,106,0.0,0.0024228906
23,107,0.0,0.0021646922
23,108,0.0,0.0035650204
23,109,0.0,0.001564289
23,110,0.0,0.0018274984
23,111,-0.141516853963518,0.0018886514
23,112,0.0,0.002499871
23,113,0.0,0.0027692462
23,114,0.0,0.0032883068
23,115,-0.147448462784148,0.0034235348
23,116,0.0,0.0027880794
23,117,0.0,0.0026489035
23,118,0.0,0.002583241
23,119,0.0,0.002561166
23,120,-0.139137293369956,0.003482333
23,121,0.0,0.0020047291
23,122,0.0,0.0025347513
23,123,0.0,0.0027538612
23,124,0.0,0.0027257646
23,125,0.0,0.002948509
23,126,0.0,0.0027075806
23,127,0.0,0.0016434402
23,128,0.0,0.0026672278
23,129,0.0,0.0023682653
23,130,0.0,0.0027832608
23,131,0.0,0.0024794177
23,132,0.0,0.0023347219
23,133,0.0,0.0026265066
23,134,0.0,0.0027748258
23,135,0.0,0.0015837508
23,136,0.0,0.0021830564
23,137,0.0,0.0015291008
23,138,0.0,0.0034600776
23,139,-0.144604351949025,0.0023869397
23,140,0.140023896812987,0.0024831942
23,141,0.0,0.0025780387
23,142,0.0,0.0026401593
23,143,0.0,0.0024977135
23,144,0.152499638884126,0.0029854449
23,145,0.0,0.0035471832
23,146,0.14169204068719,0.0022558388
23,147,0.0,0.0027249148
23,148,0.0,0.0027669538
23,149,0.0,0.0024774591
23,150,0.137483738857781,0.0035724095
23,151,0.0,0.0027346862
23,152,0.0,0.0035316665
23,153,0.0,0.0028427658
23,154,0.0,0.0032423725
23,155,0.0,0.0017650966
23,156,0.0,0.0026135212
23,157,0.0,0.0025622286
23,158,0.14093450887141,0.0028043278
23,159,0.0,0.0024982332
23,160,0.0,0.0027667158
23,161,0.0,0.0021861973
23,162,0.0,0.0036084424
23,163,0.0,0.0022540512
23,164,0.0,0.0023342902
23,165,0.0,0.002636999
23,166,0.0,0.0024814242
23,167,0.0,0.0024316073
23,168,0.0,0.0024469765
23,169,0.0,0.0022839801
23,170,0.0,0.0024466994
23,171,0.0,0.0027660266
23,172,0.149541241698123,0.0023085154
23,173,-0.136874013300477,0.0029594288
23,174,0.0,0.00308599
23,175,0.0,0.0027212314
23,176,0.0,0.0026022778
23,177,0.0,0.0025671744
23,178,0.0,0.002788404
23,179,0.0,0.0021476625
23,180,0.0,0.0024086745
23,181,0.0,0.0032469518
23,182,0.0,0.0023330627
23,183,0.0,0.0027766856
23,184,0.0,0.003397978
23,185,0.0,0.002749179
23,186,0.0,0.00350605
23,187,0.0,0.0027776016
23,188,0.0,0.0035881838
23,189,0.0,0.0033814707
23,190,0.0,0.002384393
23,191,0.0,0.002495083
23,192,0.0,0.0024140924
23,193,0.0,0.002173074
23,194,0.0,0.0029627583
23,195,0.0,0.002511649
23,196,0.0,0.0023668883
23,197,0.0,0.00348952
23,198,0.0,0.0023930715
23,199,0.0,0.0027851234
23,200,0.0,0.0027964097
23,201,0.0,0.0027852738
23,202,0.0,0.0035995618
23,203,0.0,0.0026859622
23,204,0.0,0.002383396
23,205,0.0,0.0024264464
23,206,0.0,0.0021419441
23,207,0.0,0.002608696
23,208,0.0,0.0025443356
23,209,0.0,0.0023727412
23,210,0.0,0.002406957
23,211,0.0,0.0027881232
23,212,0.0,0.0016357917
23,213,0.0,0.0025506136
23,214,0.0,0.002739328
23,215,0.0,0.0029286533
23,216,0.0,0.0016736267
23,217,0.0,0.0027329363
23,218,0.0,0.0024626455
23,219,0.0,0.0023485222
23,220,0.0,0.0026256153
23,221,0.0,0.0027788319
23,222,0.147854463723824,0.0032680165
23,223,0.0,0.0016610529
23,224,0.0,0.0024320013
23,225,0.0,0.003462871
23,226,0.0,0.0035861079
23,227,0.0,0.0020530312
23,228,0.0,0.002434127
23,229,0.0,0.0017648926
23,230,0.0,0.0026318068
23,231,0.0,0.0032088342
23,232,0.0,0.003593658
23,233,0.0,0.003121066
23,234,0.0,0.0022310368
23,235,0.0,0.0019712122
23,236,0.0,0.0027128342
23,237,0.0,0.0021079197
23,238,0.0,0.0024747509
23,239,0.0,0.002576652
23,240,0.0,0.0036105542
23,241,0.0,0.0025561894
23,242,0.0,0.0027299048
23,243,0.0,0.0017275666
23,244,0.0,0.0027798386
23,245,0.0,0.0021026218
23,246,0.0,0.0025709197
23,247,0.0,0.002664702
23,248,0.0,0.0015790979
23,249,0.0,0.0015043449
23,250,0.0,0.002500006
23,251,0.0,0.0022817976
23,252,0.0,0.0027298778
23,253,0.0,0.002478065
23,254,0.0,0.0023753722
23,255,0.0,0.00358789
23,256,0.0,0.002477895
23,257,0.0,0.0031844093
23,258,0.0,0.002314963
23,259,0.0,0.0026771012
23,260,0.0,0.0028123055
23,261,0.0,0.0018338095
23,262,0.0,0.0026158658
23,263,0.13360699529215,0.0024862378
23,264,0.132847041684689,0.0028001042
23,265,0.0,0.0029749735
23,266,0.0,0.002372854
23,267,0.0,0.0024952022
23,268,-0.147704303646076,0.002233087
24,1,-0.141572087506156,0.00245158
24,2,0.0,0.003509242
24,3,0.0,0.0031482931
24,4,0.0,0.002319823
24,5,0.0,0.0024219444
24,6,0.137711936065742,0.0015231138
24,7,0.0,0.0018778685
24,8,0.0,0.00148405
24,9,0.0,0.0032298346
24,10,0.0,0.00244832
24,11,0.0,0.0031188242
24,12,0.0,0.0024874546
24,13,0.0,0.0024054316
24,14,0.0,0.0021077283
24,15,0.0,0.0030716332
24,16,0.0,0.0024475707
24,17,0.0,0.002829242
24,18,0.0,0.0016683605
24,19,0.0,0.0034444835
24,20,0.0,0.0024922113
24,21,0.0,0.0015853941
24,22,0.153034659443515,0.00253755
24,23,0.0,0.003472405
24,24,0.0,0.030703487
24,25,0.0,0.0019429829
24,26,0.172139705183829,0.002376454
24,27,0.188968193838888,0.0018248535
24,28,0.0,0.003148043
24,29,0.0,0.0036238134
24,30,0.185660689944721,0.00240931
24,31,0.0,0.002339397
24,32,0.0,0.0023185872
24,33,0.0,0.0020159972
24,34,0.0,0.0023415643
24,35,0.0,0.0021203165
24,36,0.0,0.002200203
24,37,0.0,0.0031868923
24,38,0.0,0.0026078122
24,39,-0.173456938802866,0.0027728816
24,40,0.0,0.0014902726
24,41,0.0,0.0018717246
24,42,0.0,0.002161982
24,43,0.0,0.0018139919
24,44,0.0,0.0026985332
24,45,0.0,0.0020979475
24,46,0.0,0.0027705417
24,47,0.178593215847888,0.0014891401
24,48,0.0,0.0023072083
24,49,0.0,0.0032978333
24,50,0.0,0.0023151496
24,51,0.0,0.0016280469
24,52,0.0,0.0025512655
24,53,0.181431328088614,0.001565123
24,54,0.0,0.0027877763
24,55,0.0,0.0021474021
24,56,-0.187488029160089,0.0021906649
24,57,0.0,0.0017409902
24,58,0.0,0.0023919223
24,59,0.0,0.0027720067
24,60,0.0,0.0017178059
24,61,0.0,0.002218653
24,62,-0.200381894244969,0.0025180187
24,63,0.169652771827245,0.0031565232
24,64,0.0,0.0023742435
24,65,0.0,0.0020396747
24,66,0.0,0.00182562
24,67,0.0,0.0015854482
24,68,0.0,0.0025483537
24,69,0.0,0.0025704093
24,70,0.0,0.0016761143
24,71,0.0,0.0017734757
24,72,0.0,0.0019855872
24,73,0.0,0.003005588
24,74,0.0,0.0025192802
24,75,0.0,0.002067075
24,76,0.0,0.0016306345
24,77,0.0,0.002267878
24,78,0.0,0.0015542093
24,79,0.0,0.0026913327
24,80,0.0,0.0024226857
24,81,0.0,0.0026083938
24,82,0.0,0.0025443071
24,83,0.0,0.0024642246
24,84,0.0,0.0025584707
24,85,0.0,0.0023630061
24,86,0.0,0.0014844406
24,87,0.0,0.0017179139
24,88,0.0,0.003604006
24,89,0.0,0.0024333345
24,90,0.0,0.0014974824
24,91,0.0,0.00181035
24,92,0.0,0.0027595554
24,93,0.0,0.0032747863
24,94,0.0,0.001718598
24,95,0.173908635037353,0.0024600504
24,96,0.191617783518271,0.0025479407
24,97,0.0,0.0024871235
24,98,0.0,0.0021434268
24,99,0.0,0.0021318854
24,100,0.0,0.0025543235
24,101,0.0,0.0035115313
24,102,0.0,0.0022807322
24,103,0.0,0.0024146256
24,104,0.0,0.0025902707
24,105,0.0,0.002790255
24,106,0.0,0.0023832847
24,107,0.0,0.0014606174
24,108,0.0,0.002596776
24,109,0.0,0.0031740223
24,110,0.0,0.0014938214
24,111,0.0,0.0033848486
24,112,0.0,0.0022504856
24,113,0.0,0.002007286
24,114,0.180717024732821,0.0036322125
24,115,0.0,0.0028509335
24,116,0.0,0.0017073536
24,117,0.0,0.002588218
24,118,0.185627892215622,0.0024845744
24,119,0.0,0.0017773537
24,120,-0.174342914287671,0.002786518
24,121,0.0,0.0023117377
24,122,0.0,0.0023905938
24,123,0.0,0.0016665184
24,124,0.0,0.0024502776
24,125,-0.176675458537411,0.0027470817
24,126,0.0,0.0022026096
24,127,0.177170507209321,0.0014984468
24,128,0.0,0.0026076762
24,129,0.0,0.0021942086
24,130,0.0,0.0023207697
24,131,0.0,0.0022586468
24,132,0.0,0.00157212
24,133,0.184075918069043,0.0015007071
24,134,0.0,0.0027396777
24,135,0.0,0.0025751814
24,136,0.0,0.0022998252
24,137,0.0,0.0017897319
24,138,0.196282861104675,0.0016925056
24,139,0.0,0.0026043407
24,140,0.0,0.001971696
24,141,0.0,0.0025132815
24,142,0.0,0.0017506769
24,143,0.0,0.00362609
24,144,0.0,0.0034903158
24,145,0.0,0.0025409493
24,146,0.0,0.002515507
24,147,0.0,0.0014748187
24,148,0.0,0.0025909883
24,149,0.0,0.0017101578
24,150,0.0,0.0016275314
24,151,0.17216727495952,0.002731842
24,152,0.0,0.0035918048
24,153,0.0,0.002338685
24,154,0.0,0.0021137744
24,155,0.0,0.0014917692
24,156,0.0,0.0036327783
24,157,0.0,0.0031590117
24,158,0.0,0.0029122662
24,159,0.0,0.0032964852
24,160,0.0,0.002479583
24,161,0.0,0.0030776574
24,162,0.0,0.0018417458
24,163,0.0,0.0035761362
24,164,0.0,0.001963554
24,165,0.0,0.0029482357
24,166,0.0,0.0026837937
24,167,0.0,0.0019282294
24,168,0.0,0.0022119898
24,169,0.0,0.002442595
24,170,0.0,0.0025035008
24,171,0.0,0.0022736308
24,172,0.0,0.002413753
24,173,0.0,0.0015089274
24,174,0.187210055563808,0.002294893
24,175,0.0,0.0025267904
24,176,0.0,0.0018511391
24,177,0.172719851050544,0.0033341236
24,178,0.0,0.0026644072
24,179,0.0,0.0033315793
24,180,0.0,0.0027934425
24,181,0.0,0.0027178149
24,182,0.0,0.0014878195
24,183,0.0,0.0017394624
24,184,0.175495034043108,0.0015712418
24,185,0.0,0.0029649106
24,186,0.0,0.0023288932
24,187,0.0,0.0027492084
24,188,0.164360009385444,0.002775927
24,189,0.0,0.0035328479
24,190,0.184269273057542,0.0036275475
24,191,0.0,0.002110246
24,192,0.0,0.0014938749
24,193,0.0,0.002360864
24,194,0.0,0.0035938076
24,195,0.0,0.0022134162
24,196,0.0,0.001867488
24,197,0.0,0.0016069189
24,198,0.0,0.0020429478
24,199,0.0,0.0027753413
24,200,0.171844035485367,0.002753513
24,201,0.0,0.0025827074
24,202,0.0,0.002517194
24,203,0.0,0.0019594114
24,204,0.0,0.0017542033
24,205,0.0,0.0022345632
24,206,0.0,0.002358594
24,207,0.0,0.0019013742
24,208,0.0,0.0017408426
24,209,0.0,0.0027868138
24,210,0.0,0.0025972468
24,211,0.0,0.0025576167
24,212,-0.172891885052203,0.0022427915
24,213,0.0,0.0027768267
24,214,0.0,0.0018160772
24,215,0.0,0.0014784844
24,216,0.0,0.0025497824
24,217,0.0,0.002146143
24,218,0.0,0.0014577555
24,219,0.0,0.0036320444
24,220,0.0,0.0023436057
24,221,0.0,0.0025996724
24,222,0.185265772185982,0.0020030565
24,223,0.0,0.002517756
24,224,0.0,0.0026312731
24,225,0.0,0.0016973158
24,226,0.0,0.0017422652
24,227,0.0,0.0031840494
24,228,0.0,0.0033389465
24,229,0.195863782439119,0.0020468314
24,230,-0.180211725471302,0.0017641471
24,231,0.0,0.0024924143
24,232,0.0,0.002239842
24,233,0.0,0.0035828748
24,234,0.0,0.0029283185
24,235,0.0,0.002394022
24,236,0.0,0.0015600254
24,237,0.0,0.0016185488
24,238,0.0,0.0023976108
24,239,0.179550717960663,0.0023839255
24,240,0.0,0.002591291
24,241,0.0,0.003366597
24,242,0.0,0.0019212291
24,243,0.0,0.0024112798
24,244,0.0,0.0026117275
24,245,0.0,0.0025264388
24,246,0.0,0.0019260775
24,247,-0.17850514506591,0.002356343
24,248,0.0,0.002150611
24,249,0.0,0.0021010926
24,250,0.0,0.0014892183
24,251,0.0,0.0035622697
24,252,0.0,0.0025087069
24,253,0.0,0.0028327447
24,254,0.0,0.0016591838
24,255,0.0,0.0027475376
24,256,-0.175441208411855,0.0018247394
24,257,0.0,0.0021172706
24,258,0.0,0.002130954
24,259,0.0,0.0022917902
24,260,0.0,0.0018294281
24,261,0.0,0.0016949032
24,262,-0.17463569476975,0.002497455
24,263,0.0,0.0024444032
24,264,0.0,0.0017243973
24,265,0.183390477059822,0.0014772546
24,266,0.0,0.0031088935
24,267,0.0,0.0018925234
24,268,0.0,0.0018322859
25,1,0.0,0.0024793223
25,2,0.0,0.0032696174
25,3,0.0,0.0036318442
25,4,0.0,0.002581344
25,5,0.0,0.0016274578
25,6,0.0,0.0035141255
25,7,0.0,0.00285625
25,8,0.0,0.0022246102
25,9,0.0,0.0024288106
25,10,0.0,0.0018072133
25,11,0.0,0.0025911815
25,12,0.0,0.0023280876
25,13,0.0,0.0033083442
25,14,0.0,0.0025508776
25,15,0.0,0.0036212169
25,16,0.0,0.00231082
25,17,0.0,0.0036321655
25,18,0.160057550583197,0.0024687517
25,19,0.0,0.0027721259
25,20,0.0,0.0024652863
25,21,0.0,0.002758062
25,22,0.173673953974731,0.0023169955
25,23,0.0,0.0018405123
25,24,0.0,0.0019429829
25,25,0.36660890118219,0.030703487
25,26,0.0,0.0035542902
25,27,0.0,0.0024151905
25,28,0.0,0.0019088835
25,29,0.0,0.0015160567
25,30,0.0,0.0036305105
25,31,0.0,0.0023747897
25,32,0.0,0.0025661956
25,33,0.0,0.0021073367
25,34,0.0,0.0035953838
25,35,0.0,0.00306611
25,36,0.0,0.0023640133
25,37,0.148621483537153,0.0027754628
25,38,0.0,0.0027954904
25,39,0.146870083632725,0.0036178422
25,40,0.0,0.0025739856
25,41,0.0,0.0018046973
25,42,0.0,0.0025945539
25,43,0.159897073760887,0.0022794455
25,44,0.0,0.0025268127
25,45,0.0,0.0024717622
25,46,0.0,0.0027648262
25,47,0.0,0.0025596363
25,48,0.0,0.0034431363
25,49,0.0,0.0024772035
25,50,0.0,0.002144395
25,51,0.0,0.0025522085
25,52,0.0,0.002537218
25,53,0.0,0.0020945747
25,54,0.0,0.0016899663
25,55,0.0,0.0034478228
25,56,0.0,0.0026492956
25,57,-0.141472091962452,0.0025464944
25,58,0.0,0.0036321478
25,59,0.0,0.0015831487
25,60,0.0,0.002615463
25,61,0.0,0.0014932407
25,62,0.0,0.002183076
25,63,0.0,0.002372834
25,64,0.0,0.0015733968
25,65,0.0,0.003487783
25,66,0.0,0.002185145
25,67,0.0,0.0020777239
25,68,0.0,0.0022500842
25,69,0.0,0.0018454418
25,70,0.0,0.0021521389
25,71,0.0,0.0027886052
25,72,0.0,0.0029237545
25,73,0.0,0.0026134048
25,74,0.0,0.0025108433
25,75,0.0,0.0024235873
25,76,0.0,0.0015848177
25,77,0.0,0.0023102872
25,78,0.0,0.0017604507
25,79,0.0,0.001966253
25,80,0.155506997473441,0.002297203
25,81,0.0,0.002595861
25,82,0.0,0.0025380026
25,83,0.0,0.0015416513
25,84,0.0,0.0025794879
25,85,0.0,0.003109112
25,86,0.0,0.0036189454
25,87,0.0,0.0024112794
25,88,0.0,0.00301668
25,89,0.0,0.0024973904
25,90,0.0,0.002721346
25,91,0.0,0.0024919738
25,92,0.0,0.002928053
25,93,0.0,0.0032293336
25,94,0.0,0.0024229237
25,95,0.0,0.0024959752
25,96,0.0,0.002355951
25,97,0.0,0.002768245
25,98,0.0,0.0025838655
25,99,0.0,0.0026172572
25,100,0.0,0.0026288144
25,101,0.0,0.0014787535
25,102,0.0,0.0032444382
25,103,0.0,0.0026747142
25,104,0.0,0.0021524783
25,105,0.0,0.0023993463
25,106,0.0,0.0031465036
25,107,0.0,0.002441913
25,108,0.0,0.0034521366
25,109,0.0,0.0030701477
25,110,0.0,0.0024431292
25,111,0.0,0.0027760305
25,112,0.0,0.0025329473
25,113,0.0,0.0023490638
25,114,0.153017369726164,0.0024520452
25,115,0.15643814741058,0.0017112908
25,116,0.0,0.002725128
25,117,0.0,0.0016221395
25,118,-0.157175517119321,0.003322144
25,119,0.0,0.0033355406
25,120,0.0,0.0026146611
25,121,0.0,0.0024292795
25,122,0.0,0.0030583264
25,123,0.0,0.0026257806
25,124,0.0,0.003385222
25,125,0.0,0.0021491554
25,126,0.0,0.0015496239
25,127,0.0,0.0016041845
25,128,0.0,0.0033416771
25,129,0.0,0.0026530703
25,130,0.0,0.0026072878
25,131,0.0,0.0024558413
25,132,0.0,0.0036246018
25,133,0.0,0.0028366386
25,134,0.0,0.0024652053
25,135,0.0,0.0024575987
25,136,0.0,0.0021868767
25,137,0.0,0.0033387402
25,138,0.0,0.001544198
25,139,0.0,0.0021668454
25,140,0.0,0.0025588437
25,141,0.0,0.0025959834
25,142,0.0,0.0029646535
25,143,0.0,0.0034910683
25,144,0.0,0.0024885484
25,145,0.0,0.0023909505
25,146,0.0,0.0028419318
25,147,0.0,0.0014871024
25,148,0.0,0.0022208923
25,149,0.0,0.0019627465
25,150,0.0,0.0022504125
25,151,0.0,0.0014975648
25,152,0.0,0.0017846376
25,153,0.0,0.0034725843
25,154,0.163175434896868,0.0027037235
25,155,0.153168939940237,0.0027883048
25,156,0.0,0.0025692456
25,157,0.0,0.0027618343
25,158,0.0,0.0026298468
25,159,0.0,0.002464193
25,160,0.0,0.0025065164
25,161,0.0,0.002026409
25,162,0.0,0.0027539823
25,163,0.0,0.0023086318
25,164,0.0,0.0025040084
25,165,0.0,0.0022343146
25,166,0.0,0.0018367446
25,167,0.0,0.00280136
25,168,0.0,0.0031865062
25,169,0.0,0.0021598567
25,170,0.0,0.002744724
25,171,0.0,0.0023266156
25,172,0.0,0.0015301076
25,173,0.0,0.0025373865
25,174,0.0,0.0018937462
25,175,0.0,0.0025758198
25,176,0.0,0.0035587992
25,177,0.0,0.002087201
25,178,0.0,0.0035020756
25,179,0.0,0.001655933
25,180,0.0,0.0024511358
25,181,0.0,0.0015305798
25,182,0.0,0.0033166567
25,183,0.0,0.0023790128
25,184,-0.148595786971269,0.0025097718
25,185,0.0,0.0019720555
25,186,0.152729405828237,0.0030812258
25,187,-0.157971212717457,0.0028006528
25,188,0.0,0.0025536036
25,189,0.0,0.0027487879
25,190,0.0,0.0015604421
25,191,0.0,0.0026597097
25,192,0.158454442028784,0.0035774107
25,193,0.0,0.0021635676
25,194,0.0,0.0029986678
25,195,0.0,0.002590592
25,196,-0.152515203048885,0.0028822226
25,197,0.0,0.0015798872
25,198,0.0,0.0025053946
25,199,0.0,0.0034242854
25,200,0.0,0.0026467126
25,201,0.0,0.002774829
25,202,0.0,0.002718025
25,203,0.0,0.0023558764
25,204,0.0,0.0018177666
25,205,0.0,0.0021083527
25,206,0.0,0.003535355
25,207,0.0,0.0021194834
25,208,0.15301049395778,0.002222138
25,209,0.0,0.0022975015
25,210,0.0,0.0021638954
25,211,0.0,0.0034345668
25,212,0.0,0.0036174483
25,213,0.0,0.0016869614
25,214,0.158091201012823,0.0025383038
25,215,-0.144441130899472,0.00245912
25,216,0.0,0.0023369072
25,217,0.0,0.0027593798
25,218,0.0,0.0022779107
25,219,0.0,0.003022194
25,220,0.157873952452145,0.0027246708
25,221,0.0,0.0019225441
25,222,0.0,0.0025557638
25,223,0.161461431958659,0.0027455394
25,224,0.0,0.0018759989
25,225,0.153041300194004,0.0019916208
25,226,0.0,0.0024988325
25,227,0.0,0.003613559
25,228,0.0,0.0025059427
25,229,0.0,0.0027617724
25,230,0.0,0.0014953911
25,231,0.0,0.002849027
25,232,0.0,0.0027821567
25,233,0.0,0.0014884123
25,234,0.0,0.0020066816
25,235,0.0,0.0025946475
25,236,0.0,0.0014925324
25,237,0.0,0.0016108318
25,238,0.0,0.0024091993
25,239,0.0,0.0016720565
25,240,0.0,0.0033825957
25,241,0.0,0.0026137615
25,242,0.0,0.0027653696
25,243,0.0,0.0017415378
25,244,0.0,0.0027287188
25,245,0.0,0.0034530954
25,246,0.0,0.0014868854
25,247,0.0,0.0021732291
25,248,0.0,0.0031797807
25,249,0.15811966299939,0.0017410214
25,250,0.0,0.0032699802
25,251,0.0,0.0027781888
25,252,-0.154197924171581,0.0024471167
25,253,0.0,0.003047648
25,254,0.0,0.0028680195
25,255,0.0,0.0025516343
25,256,0.0,0.0023578666
25,257,0.0,0.0015604934
25,258,0.0,0.002372127
25,259,0.0,0.0027782456
25,260,0.0,0.00285462
25,261,0.0,0.0026217229
25,262,0.0,0.0021900972
25,263,0.0,0.0022953553
25,264,0.0,0.0034437086
25,265,0.0,0.0025227056
25,266,0.0,0.0023846547
25,267,0.0,0.0017429204
25,268,0.0,0.0023129433
26,1,0.0,0.0031153564
26,2,0.0,0.0026528877
26,3,0.0,0.0018973649
26,4,0.0,0.0023017088
26,5,0.0,0.0028286525
26,6,0.0,0.0025797677
26,7,-0.154302425411375,0.0015707095
26,8,0.0,0.0024905428
26,9,0.0,0.0023107962
26,10,0.154272923100603,0.0034389663
26,11,0.0,0.0024394467
26,12,0.0,0.002565017
26,13,0.0,0.0023871362
26,14,0.145531496170053,0.0022221897
26,15,-0.151705608640202,0.0023839492
26,16,0.0,0.0034232377
26,17,0.0,0.0023083533
26,18,0.0,0.0030636927
26,19,0.0,0.0025403714
26,20,0.0,0.002552894
26,21,0.0,0.002457934
26,22,0.0,0.0022862167
26,23,0.0,0.0019826363
26,24,0.0,0.002376454
26,25,0.0,0.0035542902
26,26,0.317456791177392,0.030703487
26,27,0.0,0.0027166926
26,28,0.0,0.001871693
26,29,0.0,0.0025341678
26,30,0.0,0.0023442265
26,31,0.0,0.0024263472
26,32,0.0,0.0024271947
26,33,0.0,0.0031010364
26,34,0.146565659165963,0.0035463409
26,35,0.0,0.0035450952
26,36,0.0,0.0028022714
26,37,0.0,0.0019123848
26,38,0.0,0.0032251766
26,39,0.0,0.0031955712
26,40,0.0,0.0029944158
26,41,0.0,0.002529929
26,42,0.0,0.0023637381
26,43,0.0,0.0025081248
26,44,0.0,0.0026774402
26,45,0.0,0.0023091123
26,46,0.0,0.0023368052
26,47,0.0,0.0023506433
26,48,0.0,0.0023398856
26,49,0.0,0.0016678134
26,50,0.0,0.002773257
26,51,0.162001816560388,0.0014988054
26,52,0.0,0.0017269147
26,53,0.0,0.00250299
26,54,0.164109596074655,0.0015346347
26,55,0.0,0.0031882077
26,56,0.0,0.0021523475
26,57,0.0,0.0022387085
26,58,0.0,0.0028725285
26,59,0.0,0.0027634092
26,60,0.0,0.0024663014
26,61,0.0,0.0017600334
26,62,0.0,0.0016721119
26,63,0.0,0.002150334
26,64,0.0,0.0032196958
26,65,0.0,0.0017419932
26,66,0.0,0.00276834
26,67,0.0,0.0016389918
26,68,0.0,0.0023833574
26,69,0.0,0.0016122228
26,70,0.0,0.002181646
26,71,0.0,0.0024032714
26,72,0.0,0.002836036
26,73,0.0,0.0016106619
26,74,0.156851660222457,0.0014921054
26,75,0.0,0.0022520795
26,76,0.0,0.0035847956
26,77,0.0,0.0021170313
26,78,0.0,0.0021097674
26,79,0.0,0.0023842445
26,80,0.0,0.0024354053
26,81,0.0,0.0023158318
26,82,0.0,0.0023370115
26,83,0.15822053932313,0.0021573077
26,84,0.0,0.0023882226
26,85,0.0,0.0030597597
26,86,0.0,0.0023256182
26,87,0.15729002091453,0.0025154394
26,88,0.0,0.0026146206
26,89,0.0,0.0025537
26,90,0.0,0.0026243129
26,91,0.0,0.0036046244
26,92,0.0,0.0031228852
26,93,0.0,0.0024394924
26,94,0.0,0.0025466122
26,95,0.0,0.0023899842
26,96,0.0,0.0027709533
26,97,0.0,0.003597891
26,98,0.0,0.0034099254
26,99,0.0,0.0021014637
26,100,0.0,0.0014927774
26,101,0.0,0.0027014394
26,102,0.0,0.0024491684
26,103,0.0,0.002489212
26,104,0.0,0.0035974807
26,105,0.0,0.0019420744
26,106,0.0,0.0021939208
26,107,0.0,0.0025845934
26,108,0.0,0.003463178
26,109,0.0,0.0028202431
26,110,0.0,0.0014936919
26,111,0.0,0.002325721
26,112,0.0,0.002777719
26,113,0.0,0.0016187122
26,114,0.0,0.0014874786
26,115,0.0,0.0025852253
26,116,0.0,0.0014985888
26,117,0.0,0.0024672118
26,118,0.0,0.0025908947
26,119,0.0,0.0021597594
26,120,0.0,0.0027672737
26,121,0.0,0.001967663
26,122,0.0,0.0032010172
26,123,0.0,0.0023476593
26,124,0.0,0.0027663582
26,125,0.144696508644269,0.0019198041
26,126,0.0,0.002597297
26,127,0.0,0.00330059
26,128,0.0,0.0034934562
26,129,0.0,0.0027677906
26,130,0.0,0.0023311246
26,131,0.0,0.0027400912
26,132,0.0,0.002918946
26,133,0.0,0.0021083048
26,134,0.0,0.0016032839
26,135,0.169270645472108,0.001805102
26,136,0.0,0.0023723599
26,137,0.0,0.0015392457
26,138,0.0,0.0024090656
26,139,0.0,0.0036188378
26,140,0.0,0.0032763835
26,141,0.0,0.0025420515
26,142,0.0,0.0024029515
26,143,0.0,0.0029946263
26,144,0.0,0.0027983105
26,145,0.0,0.0023680548
26,146,0.0,0.0024091755
26,147,0.0,0.0017434992
26,148,0.0,0.00276645
26,149,0.0,0.0033073155
26,150,0.0,0.003144316
26,151,0.0,0.0026066797
26,152,0.0,0.0035383715
26,153,0.0,0.0035740659
26,154,0.0,0.001573524
26,155,0.0,0.0029640598
26,156,0.0,0.0024322635
26,157,0.14724117183101,0.0034662266
26,158,0.0,0.0017053504
26,159,0.0,0.0026238142
26,160,0.0,0.0026509287
26,161,0.0,0.003501338
26,162,0.0,0.0033443058
26,163,0.0,0.0025351453
26,164,0.0,0.0031853672
26,165,0.0,0.0021245135
26,166,0.0,0.001479907
26,167,0.0,0.0033620954
26,168,0.0,0.0027444004
26,169,0.0,0.002423985
26,170,0.147230333456498,0.0023843911
26,171,0.0,0.002614004
26,172,0.0,0.0034594475
26,173,0.140463529528055,0.002632827
26,174,0.0,0.001765518
26,175,0.0,0.0016511651
26,176,0.0,0.003502102
26,177,0.0,0.0021524597
26,178,0.0,0.0020390148
26,179,0.0,0.0023062509
26,180,0.0,0.002789155
26,181,0.0,0.0024814475
26,182,0.0,0.0035729045
26,183,0.0,0.00311278
26,184,0.0,0.0035128687
26,185,0.0,0.0024412028
26,186,0.0,0.0024332805
26,187,0.0,0.0034130649
26,188,0.0,0.0023975088
26,189,0.0,0.002641995
26,190,0.0,0.00312048
26,191,0.0,0.0022475678
26,192,0.0,0.0024396693
26,193,0.137362964136015,0.002472133
26,194,0.0,0.0031370204
26,195,0.0,0.0023133745
26,196,0.0,0.0023389077
26,197,0.0,0.0021579568
26,198,0.0,0.0017333664
26,199,0.159820375369869,0.0025760196
26,200,0.0,0.0027440349
26,201,0.0,0.0018061418
26,202,0.0,0.0027482933
26,203,0.0,0.0027806498
26,204,0.0,0.0030377056
26,205,0.0,0.0027590748
26,206,0.0,0.0024743942
26,207,0.0,0.0028141052
26,208,0.0,0.002746128
26,209,0.0,0.003116082
26,210,0.0,0.002391789
26,211,0.0,0.0023923856
26,212,0.0,0.002425755
26,213,0.0,0.003272797
26,214,0.0,0.0027971338
26,215,0.0,0.0027987733
26,216,0.0,0.0014842302
26,217,0.0,0.0020881174
26,218,0.0,0.0022808798
26,219,0.0,0.0015703673
26,220,0.0,0.0035848576
26,221,0.0,0.0019215699
26,222,0.0,0.002136182
26,223,0.0,0.0034118383
26,224,0.0,0.0024920367
26,225,0.0,0.0023237732
26,226,-0.138968446173766,0.002670731
26,227,0.0,0.002415203
26,228,0.0,0.002326646
26,229,0.0,0.0032316307
26,230,0.0,0.002580592
26,231,0.0,0.001530352
26,232,0.0,0.0023853327
26,233,0.0,0.0032876935
26,234,0.0,0.003214181
26,235,0.0,0.0023835157
26,236,0.0,0.0017556748
26,237,0.0,0.0023353095
26,238,0.0,0.0024259938
26,239,0.0,0.0015185131
26,240,0.0,0.0023625768
26,241,0.0,0.0027547176
26,242,0.0,0.001621665
26,243,0.0,0.0023905933
26,244,0.0,0.003629114
26,245,0.0,0.0024348465
26,246,0.0,0.0025543226
26,247,0.0,0.002329633
26,248,0.0,0.0025706436
26,249,0.0,0.001533024
26,250,0.0,0.002550018
26,251,0.0,0.003466113
26,252,0.0,0.002482152
26,253,0.0,0.0026030433
26,254,0.0,0.0026482646
26,255,0.140792153341943,0.0033498164
26,256,0.0,0.0026749154
26,257,0.0,0.003197874
26,258,0.0,0.00276038
26,259,0.0,0.002693444
26,260,0.0,0.001879625
26,261,0.0,0.0015355647
26,262,0.0,0.0021077022
26,263,0.0,0.003338159
26,264,0.0,0.0023107757
26,265,0.0,0.0023121214
26,266,0.0,0.0024631312
26,267,0.0,0.00339344
26,268,0.0,0.0017734352
27,1,0.0,0.0015858915
27,2,0.0,0.0018766318
27,3,0.0,0.0015446548
27,4,0.0,0.0027000746
27,5,0.0,0.0030778279
27,6,0.0,0.0025538197
27,7,0.0,0.002221976
27,8,0.0,0.0023228587
27,9,0.0,0.0024620588
27,10,0.0,0.0032038153
27,11,0.0,0.001577545
27,12,0.0,0.0017816168
27,13,0.0,0.0027296739
27,14,0.0,0.0014891578
27,15,0.0,0.003097077
27,16,0.0,0.0027042245
27,17,0.0,0.0032666987
27,18,0.0,0.0025370512
27,19,0.151843459353093,0.0022432138
27,20,0.0,0.0019937144
27,21,0.0,0.002589441
27,22,0.0,0.0014935927
27,23,0.0,0.0027223495
27,24,0.0,0.0018248535
27,25,0.0,0.0024151905
27,26,0.0,0.0027166926
27,27,0.0,0.030703487
27,28,0.0,0.0014911643
27,29,0.0,0.0014812434
27,30,0.0,0.0021188594
27,31,0.0,0.0023733783
27,32,-0.163594418287087,0.0018247534
27,33,0.0,0.003028775
27,34,0.0,0.0025135246
27,35,0.0,0.0022122688
27,36,0.0,0.0025880728
27,37,0.0,0.0016710986
27,38,0.0,0.0026317388
27,39,0.0,0.0030937218
27,40,0.0,0.0022620177
27,41,0.0,0.003546394
27,42,0.0,0.0025979965
27,43,0.0,0.0024193642
27,44,0.0,0.0016599926
27,45,0.0,0.003345259
27,46,0.0,0.002482552
27,47,0.0,0.002385499
27,48,0.161041485472134,0.00201893
27,49,0.0,0.0027505527
27,50,0.0,0.0035380893
27,51,0.0,0.0014846721
27,52,0.0,0.0014881506
27,53,0.0,0.0014791619
27,54,0.0,0.0028214166
27,55,0.0,0.0023342883
27,56,0.0,0.0027872142
27,57,0.0,0.002774985
27,58,0.157949567782075,0.0017407797
27,59,0.0,0.0017670151
27,60,0.0,0.0015767156
27,61,0.0,0.0026055314
27,62,0.0,0.0036012372
27,63,0.0,0.001955269
27,64,0.0,0.00241209
27,65,0.0,0.0024174633
27,66,0.0,0.001486646
27,67,0.0,0.0022068438
27,68,0.0,0.0017527039
27,69,0.0,0.0017275801
27,70,0.0,0.0017406647
27,71,0.0,0.0015927898
27,72,0.163489168218695,0.0015652208
27,73,0.0,0.0029107532
27,74,0.0,0.001808174
27,75,0.0,0.0023367205
27,76,0.0,0.0018779393
27,77,0.0,0.0021590563
27,78,0.0,0.002016562
27,79,0.0,0.001516487
27,80,0.0,0.0018846886
27,81,0.0,0.0017204438
27,82,0.0,0.001847256
27,83,0.0,0.002858926
27,84,0.0,0.0017706403
27,85,0.0,0.0019121291
27,86,0.0,0.002774497
27,87,0.0,0.0033351206
27,88,0.0,0.0014971974
27,89,0.0,0.0027429648
27,90,0.0,0.0017084214
27,91,0.0,0.0014863703
27,92,0.0,0.0024142312
27,93,0.0,0.0025271252
27,94,0.0,0.0017342335
27,95,0.0,0.0035170075
27,96,0.0,0.0035659508
27,97,0.0,0.0036305538
27,98,0.0,0.0017239833
27,99,0.0,0.0025660791
27,100,0.0,0.0027611158
27,101,0.168351620729592,0.0023422665
27,102,0.0,0.0015027253
27,103,0.0,0.0024839337
27,104,0.0,0.002241727
27,105,-0.169438579261125,0.0025244295
27,106,0.0,0.0014936076
27,107,0.0,0.0017635995
27,108,0.0,0.0023057805
27,109,0.0,0.0024858527
27,110,0.0,0.0021441267
27,111,0.0,0.0033154679
27,112,0.0,0.0030873623
27,113,0.0,0.0014934419
27,114,0.0,0.0031056958
27,115,0.0,0.0017397711
27,116,0.0,0.0015990576
27,117,0.0,0.0022777664
27,118,0.0,0.0018413877
27,119,0.0,0.002609191
27,120,0.0,0.002200393
27,121,0.0,0.0016540317
27,122,0.0,0.0019887243
27,123,0.0,0.00234093
27,124,0.0,0.0015117517
27,125,0.0,0.0026410678
27,126,0.0,0.0023767548
27,127,0.0,0.0016348725
27,128,0.162468909347231,0.002360222
27,129,0.0,0.0018458036
27,130,0.0,0.0017335247
27,131,0.0,0.0032877848
27,132,0.0,0.0021517002
27,133,0.0,0.002245965
27,134,0.0,0.0027825944
27,135,0.0,0.0016841716
27,136,0.0,0.0022123554
27,137,0.0,0.0016826978
27,138,0.0,0.0024495632
27,139,0.0,0.0015714578
27,140,0.0,0.0033932962
27,141,0.0,0.0014953604
27,142,0.0,0.0015007281
27,143,0.0,0.0035166605
27,144,0.17179837362356,0.0023852675
27,145,0.0,0.0028613508
27,146,0.0,0.002998514
27,147,0.0,0.0024305577
27,148,0.0,0.0025365194
27,149,0.155443110216367,0.0027722055
27,150,0.0,0.0014662617
27,151,0.0,0.0033384636
27,152,0.0,0.002613592
27,153,0.0,0.0024531055
27,154,0.0,0.0018767952
27,155,0.0,0.0016476605
27,156,0.0,0.0018201442
27,157,0.0,0.0020257812
27,158,0.0,0.0024398477
27,159,0.0,0.0018255967
27,160,0.0,0.0026450632
27,161,0.0,0.0036179381
27,162,0.0,0.0020984323
27,163,0.0,0.0023728074
27,164,0.0,0.0014641555
27,165,0.0,0.0031605372
27,166,0.0,0.0014804555
27,167,0.0,0.0018923576
27,168,0.0,0.0014935029
27,169,0.150068091104181,0.0015981146
27,170,0.0,0.0028631887
27,171,0.0,0.0027664513
27,172,0.0,0.002382875
27,173,0.0,0.003534453
27,174,0.0,0.0017623669
27,175,0.0,0.0023805378
27,176,0.0,0.002356891
27,177,0.0,0.002692055
27,178,0.0,0.0014943494
27,179,0.0,0.0030090427
27,180,0.0,0.0035550748
27,181,0.0,0.002640761
27,182,0.0,0.0015213531
27,183,0.0,0.001797412
27,184,0.0,0.002295713
27,185,0.0,0.0034091412
27,186,0.0,0.0020352118
27,187,-0.167735802166846,0.002423321
27,188,0.0,0.0035112454
27,189,0.0,0.0015236638
27,190,0.0,0.001846231
27,191,0.0,0.0016170144
27,192,0.0,0.0019400101
27,193,0.0,0.0018641395
27,194,0.0,0.0026160544
27,195,0.0,0.0029054065
27,196,0.0,0.002374791
27,197,0.0,0.002433136
27,198,0.0,0.0018552393
27,199,0.0,0.0016834363
27,200,0.0,0.0014973283
27,201,0.0,0.0025901436
27,202,0.0,0.0023168959
27,203,-0.160550327713303,0.0027629896
27,204,0.0,0.0016428218
27,205,0.0,0.0030224686
27,206,0.0,0.0034902883
27,207,0.0,0.0015775478
27,208,-0.162468449171546,0.002972609
27,209,0.0,0.0028674612
27,210,0.163723429595478,0.00225823
27,211,-0.155440910880466,0.0022613183
27,212,0.0,0.0019802758
27,213,0.167065394121934,0.0023743524
27,214,0.0,0.0016036443
27,215,0.0,0.0026309635
27,216,0.0,0.0026727691
27,217,0.0,0.0027677207
27,218,-0.165535988817193,0.0033368515
27,219,0.0,0.003972459
27,220,0.0,0.0020248597
27,221,0.0,0.0017564967
27,222,0.166565354427084,0.001460609
27,223,0.171441760449311,0.0014790376
27,224,0.0,0.0035965322
27,225,0.0,0.0015829508
27,226,0.15255409114364,0.0024555144
27,227,0.0,0.0027742442
27,228,0.0,0.002109605
27,229,0.0,0.0016713189
27,230,0.0,0.003608704
27,231,0.0,0.002022056
27,232,0.0,0.0022476926
27,233,0.0,0.0027106232
27,234,0.0,0.0020842082
27,235,0.0,0.0017968146
27,236,0.0,0.0024039238
27,237,0.0,0.0014570015
27,238,0.154051414459766,0.0015786528
27,239,0.0,0.003505853
27,240,0.0,0.0015924899
27,241,0.0,0.0014981409
27,242,0.0,0.0020064889
27,243,0.0,0.0022350615
27,244,0.0,0.0022304337
27,245,0.0,0.00303559
27,246,0.0,0.00276727
27,247,0.0,0.0017082221
27,248,0.0,0.003097836
27,249,0.0,0.0020938953
27,250,0.0,0.0018940433
27,251,0.0,0.0017085872
27,252,0.0,0.0028737606
27,253,0.0,0.0024712076
27,254,0.158950280905442,0.0014941334
27,255,0.154556085101359,0.0016158372
27,256,0.0,0.0015265043
27,257,-0.144623766655896,0.002634299
27,258,0.0,0.0021406212
27,259,0.0,0.0024640202
27,260,0.0,0.00248814
27,261,0.0,0.002715671
27,262,0.0,0.0027249935
27,263,0.0,0.0022429503
27,264,0.0,0.0027534114
27,265,0.0,0.0022654473
27,266,0.0,0.002599964
27,267,0.0,0.0014932868
27,268,0.0,0.0022761864
28,1,0.0,0.001486185
28,2,0.0,0.002423429
28,3,0.0,0.0020024343
28,4,0.0,0.0024048104
28,5,0.0,0.0030790982
28,6,0.0,0.0029300675
28,7,0.0,0.0023816307
28,8,0.0,0.0014994638
28,9,0.0,0.0025248732
28,10,0.0,0.002417853
28,11,0.0,0.0025532758
28,12,0.0,0.0018445668
28,13,0.0,0.0034117154
28,14,0.142309551438565,0.001479221
28,15,-0.148346974259612,0.0021490697
28,16,0.0,0.0024232306
28,17,0.0,0.002407936
28,18,-0.152719180476637,0.0032931138
28,19,0.0,0.0025843899
28,20,0.0,0.0019827858
28,21,0.0,0.003568219
28,22,0.0,0.0014937203
28,23,0.0,0.0026105405
28,24,0.0,0.003148043
28,25,0.159753456375328,0.0019088835
28,26,0.0,0.001871693
28,27,0.0,0.0014911643
28,28,0.0,0.030703487
28,29,0.0,0.0035605296
28,30,0.0,0.002049544
28,31,0.0,0.0024076323
28,32,0.0,0.0023132581
28,33,0.154091119519336,0.001496017
28,34,0.0,0.0014918977
28,35,0.0,0.0026137917
28,36,0.0,0.0027713706
28,37,0.0,0.0016981144
28,38,0.0,0.0024926704
28,39,0.0,0.0018519568
28,40,0.0,0.002359239
28,41,0.0,0.0014844108
28,42,0.0,0.0021918174
28,43,0.0,0.0034724502
28,44,0.0,0.0024789115
28,45,0.0,0.0023416677
28,46,0.0,0.0025513554
28,47,0.0,0.0017408589
28,48,0.0,0.00218113
28,49,0.0,0.0026020557
28,50,0.0,0.0033048843
28,51,0.0,0.0024697185
28,52,0.0,0.0024385876
28,53,0.0,0.0025009182
28,54,0.0,0.0025147772
28,55,0.0,0.0019453769
28,56,0.0,0.0031071422
28,57,0.141830458768378,0.0026134616
28,58,0.0,0.0031143692
28,59,0.0,0.0016280846
28,60,0.0,0.0026923628
28,61,0.0,0.0022773342
28,62,0.0,0.001492721
28,63,0.0,0.0035163248
28,64,0.0,0.0016461103
28,65,0.0,0.0027234303
28,66,0.0,0.0026936932
28,67,0.0,0.0016975193
28,68,0.0,0.0014916454
28,69,0.0,0.0016045896
28,70,0.0,0.0021908153
28,71,0.0,0.0023713117
28,72,0.0,0.0036049485
28,73,0.0,0.0025406792
28,74,0.0,0.0020719036
28,75,0.0,0.0014992375
28,76,0.0,0.0025831675
28,77,0.0,0.0023330245
28,78,0.0,0.0015265346
28,79,0.0,0.0023096483
28,80,0.0,0.0017097164
28,81,0.0,0.0032413248
28,82,0.0,0.0017281044
28,83,0.0,0.0026922142
28,84,0.156901928016177,0.0014966349
28,85,0.0,0.002237942
28,86,0.0,0.0032095825
28,87,0.0,0.0027814694
28,88,0.0,0.0016080961
28,89,0.0,0.0020742305
28,90,0.0,0.002429761
28,91,0.0,0.0024610036
28,92,0.0,0.0026639402
28,93,0.0,0.0020432281
28,94,0.0,0.0016285148
28,95,0.0,0.0020816005
28,96,0.0,0.002625661
28,97,0.0,0.0029099183
28,98,0.0,0.0027334765
28,99,0.0,0.002687981
28,100,0.0,0.0025402317
28,101,0.0,0.0027438053
28,102,0.0,0.0021007406
28,103,0.0,0.0023284145
28,104,0.0,0.0025567454
28,105,0.0,0.0024978304
28,106,0.0,0.0014956621
28,107,0.0,0.0020275665
28,108,0.0,0.0031110877
28,109,0.0,0.0027731746
28,110,0.0,0.0016244072
28,111,0.0,0.0023030136
28,112,0.0,0.0016483641
28,113,0.0,0.0023995014
28,114,0.0,0.0014907182
28,115,0.0,0.001750594
28,116,0.0,0.0015198793
28,117,0.0,0.0020255842
28,118,-0.157573662698838,0.002605781
28,119,0.0,0.0027215248
28,120,0.0,0.0017417152
28,121,0.0,0.0016399724
28,122,0.0,0.0016515558
28,123,0.0,0.0014929888
28,124,0.0,0.0019683712
28,125,0.0,0.0016683429
28,126,-0.148272077623661,0.003050047
28,127,0.0,0.0016330862
28,128,0.0,0.0022987253
28,129,0.0,0.0014950321
28,130,-0.157556276828262,0.0021504061
28,131,0.0,0.0025626407
28,132,0.0,0.0017677816
28,133,0.0,0.0026380583
28,134,0.0,0.0024926094
28,135,0.0,0.0026031318
28,136,0.0,0.0023673582
28,137,0.0,0.0018823547
28,138,0.0,0.003508463
28,139,0.0,0.0024807863
28,140,0.0,0.0016654078
28,141,0.0,0.0014934842
28,142,0.0,0.0019517234
28,143,0.0,0.0024627745
28,144,0.0,0.0027937791
28,145,-0.149632006138454,0.0027806568
28,146,0.0,0.0036016442
28,147,0.153166109628621,0.0022683092
28,148,0.0,0.0023212237
28,149,0.0,0.0024317964
28,150,0.0,0.0014935723
28,151,0.0,0.0020054835
28,152,0.0,0.0017414596
28,153,0.0,0.003188294
28,154,0.0,0.0029751025
28,155,0.0,0.0018815128
28,156,0.0,0.0020818417
28,157,0.0,0.0017422708
28,158,0.0,0.003632605
28,159,0.0,0.0026173396
28,160,0.0,0.0026196945
28,161,0.0,0.0025643418
28,162,0.0,0.0018078098
28,163,0.0,0.0027107643
28,164,0.0,0.0021391707
28,165,0.0,0.0035133888
28,166,0.0,0.0034697927
28,167,0.0,0.0023811967
28,168,0.0,0.0015493045
28,169,0.0,0.0025888216
28,170,0.0,0.0027902476
28,171,0.0,0.0023280038
28,172,0.0,0.0028377762
28,173,0.0,0.002651068
28,174,0.0,0.0021507684
28,175,0.0,0.0019820612
28,176,0.0,0.0024126195
28,177,0.0,0.0016235663
28,178,0.0,0.0015674843
28,179,0.0,0.0032713562
28,180,0.0,0.0014987062
28,181,0.0,0.0027518598
28,182,0.0,0.0017925045
28,183,0.0,0.0014940682
28,184,0.148972199002874,0.0017448906
28,185,0.0,0.0025434033
28,186,0.0,0.0027522007
28,187,0.0,0.002292979
28,188,0.0,0.002325113
28,189,0.0,0.002564997
28,190,0.0,0.0021269834
28,191,0.0,0.003220289
28,192,0.158855827287792,0.0035304008
28,193,0.0,0.002390121
28,194,0.0,0.002660411
28,195,0.0,0.0018015839
28,196,0.152901543460012,0.0035990179
28,197,0.0,0.0023875004
28,198,0.0,0.0018924414
28,199,0.0,0.0028184252
28,200,0.0,0.0018014153
28,201,0.0,0.0024060514
28,202,0.0,0.0017488133
28,203,0.0,0.0029432904
28,204,0.0,0.0034694006
28,205,0.0,0.0023956648
28,206,0.0,0.0035388446
28,207,0.0,0.002410118
28,208,0.0,0.0017343881
28,209,0.0,0.0026797075
28,210,0.0,0.0034911335
28,211,0.0,0.0015435764
28,212,0.0,0.0027788593
28,213,0.0,0.0034388606
28,214,0.0,0.0036172746
28,215,0.0,0.0017423658
28,216,0.0,0.002585222
28,217,0.0,0.0021078172
28,218,0.0,0.0014810292
28,219,0.0,0.0039040018
28,220,0.0,0.002575125
28,221,0.0,0.001565781
28,222,0.0,0.0014884383
28,223,0.0,0.0025968459
28,224,0.0,0.0022434858
28,225,0.0,0.002379349
28,226,0.0,0.003004672
28,227,0.0,0.0034511588
28,228,0.144894435597906,0.0025051837
28,229,0.0,0.0027783564
28,230,0.0,0.0024566585
28,231,0.0,0.001678023
28,232,0.0,0.0021163826
28,233,0.0,0.0025275452
28,234,0.0,0.0035825614
28,235,-0.142514605475833,0.0017198557
28,236,0.0,0.0031350348
28,237,0.0,0.0017178706
28,238,0.0,0.0024209856
28,239,-0.152414941157677,0.0015045651
28,240,0.0,0.002358316
28,241,0.0,0.0023533744
28,242,0.158147609343382,0.0014608251
28,243,0.0,0.0015542009
28,244,-0.150651110509429,0.003518566
28,245,0.0,0.0015336755
28,246,0.153020366391156,0.0033559105
28,247,0.0,0.0025999546
28,248,0.0,0.0025764583
28,249,0.0,0.0014940915
28,250,0.0,0.0023820028
28,251,0.0,0.0014900165
28,252,-0.154588527129375,0.0030279653
28,253,0.0,0.0034995247
28,254,0.0,0.0020514592
28,255,0.0,0.0025991965
28,256,0.0,0.0017292076
28,257,0.0,0.0034562917
28,258,0.0,0.0026219669
28,259,0.0,0.0023321868
28,260,0.0,0.0023753652
28,261,0.0,0.0026096166
28,262,0.0,0.0026656291
28,263,0.0,0.0026402408
28,264,0.0,0.0027418993
28,265,0.0,0.00265348
28,266,0.164694428376839,0.0020544804
28,267,0.0,0.0025455905
28,268,0.0,0.0036279145
29,1,-0.14354293008859,0.0023027156
29,2,0.0,0.002566956
29,3,0.0,0.0017124037
29,4,0.0,0.0025797193
29,5,0.0,0.0026069293
29,6,0.0,0.001716698
29,7,0.0,0.0014842506
29,8,0.0,0.0028589545
29,9,0.0,0.002307918
29,10,0.0,0.0024272674
29,11,0.0,0.003081719
29,12,0.0,0.0024748272
29,13,0.0,0.0015660953
29,14,0.0,0.0026123575
29,15,0.0,0.0036261617
29,16,0.0,0.001826847
29,17,-0.147623322341987,0.002416858
29,18,0.0,0.00235864
29,19,0.144901175241562,0.002207724
29,20,0.0,0.0019435044
29,21,0.0,0.0034185294
29,22,0.0,0.0027742889
29,23,0.0,0.0023877015
29,24,-0.131809658590422,0.0036238134
29,25,0.0,0.0015160567
29,26,0.0,0.0025341678
29,27,0.0,0.0014812434
29,28,0.0,0.0035605296
29,29,-0.640349267050624,0.030703487
29,30,0.0,0.0029427577
29,31,0.0,0.0026391894
29,32,0.0,0.0017386633
29,33,0.0,0.0020052693
29,34,0.0,0.0017568641
29,35,0.0,0.0020560385
29,36,0.0,0.001571212
29,37,0.162938824665687,0.0016340748
29,38,0.0,0.0017402675
29,39,0.0,0.002601467
29,40,0.0,0.0023855474
29,41,0.0,0.0016505858
29,42,0.178316262694465,0.0027824691
29,43,0.0,0.0022934922
29,44,0.0,0.0022211587
29,45,0.0,0.0026654825
29,46,0.0,0.0032598986
29,47,0.0,0.0019315071
29,48,0.0,0.0035560695
29,49,0.0,0.0025950512
29,50,0.0,0.0026849401
29,51,0.0,0.002471543
29,52,0.0,0.0023086304
29,53,0.0,0.002353082
29,54,0.186010218610317,0.0038233763
29,55,0.0,0.0032602837
29,56,0.0,0.0034530694
29,57,0.0,0.002361442
29,58,0.163084847249201,0.0022525047
29,59,0.0,0.0025879275
29,60,0.0,0.0015699491
29,61,0.0,0.0027745515
29,62,0.0,0.0024325913
29,63,0.0,0.0025386526
29,64,0.0,0.0018862402
29,65,0.0,0.0017415779
29,66,0.0,0.002613122
29,67,0.0,0.001590196
29,68,0.0,0.0023126686
29,69,0.0,0.0019564684
29,70,0.0,0.001989847
29,71,0.0,0.005007334
29,72,0.0,0.0024530804
29,73,0.0,0.0021470515
29,74,0.0,0.0016355035
29,75,0.0,0.002460531
29,76,0.0,0.0016652169
29,77,0.0,0.00262212
29,78,0.0,0.0024546767
29,79,0.0,0.0015048366
29,80,0.0,0.0014769058
29,81,0.0,0.001468373
29,82,0.0,0.003197623
29,83,0.0,0.0024732845
29,84,0.0,0.0030907965
29,85,-0.169181806512182,0.002022148
29,86,-0.174347332263044,0.0017877822
29,87,0.0,0.002257363
29,88,0.168299932319637,0.002615849
29,89,0.0,0.0025660065
29,90,0.0,0.0027206363
29,91,0.0,0.0015430884
29,92,0.0,0.002284747
29,93,0.0,0.0018083164
29,94,0.157857119438784,0.002036821
29,95,0.0,0.0015890761
29,96,0.0,0.002646532
29,97,0.0,0.002466267
29,98,0.0,0.002621063
29,99,0.0,0.001910706
29,100,0.0,0.0025924058
29,101,0.0,0.003038073
29,102,0.0,0.0019874526
29,103,0.0,0.0027135313
29,104,0.0,0.00230884
29,105,0.0,0.0020041144
29,106,0.0,0.0015562717
29,107,0.0,0.0026771366
29,108,0.0,0.002349764
29,109,0.0,0.0022682315
29,110,0.0,0.0014955597
29,111,0.0,0.0024937857
29,112,0.0,0.0014784997
29,113,0.0,0.002996108
29,114,0.167758185312309,0.0025714114
29,115,0.0,0.0035735448
29,116,0.0,0.0025359774
29,117,0.0,0.0034586643
29,118,0.0,0.0036009331
29,119,-0.185951643110037,0.0014959658
29,120,0.161841148979736,0.0014608935
29,121,0.0,0.002230009
29,122,0.0,0.0021022102
29,123,0.0,0.0025772522
29,124,0.0,0.0017427579
29,125,0.0,0.0027616667
29,126,0.0,0.002728317
29,127,0.0,0.0015536724
29,128,0.0,0.0023463909
29,129,0.0,0.0014937567
29,130,0.0,0.001876425
29,131,0.0,0.0025996892
29,132,0.0,0.0015104944
29,133,0.0,0.0024005524
29,134,0.0,0.0024982914
29,135,0.0,0.002101155
29,136,0.0,0.0032418515
29,137,0.172094230146835,0.0022773468
29,138,0.182207828152939,0.0015973225
29,139,0.0,0.0019295495
29,140,0.0,0.0015447638
29,141,0.0,0.0023548673
29,142,0.0,0.0020119203
29,143,0.0,0.0025473577
29,144,0.0,0.0027770894
29,145,0.0,0.0025874134
29,146,0.0,0.0024159737
29,147,0.0,0.0026858645
29,148,0.15624545471198,0.002374108
29,149,0.0,0.0031602103
29,150,0.0,0.0014762878
29,151,0.0,0.0020870133
29,152,0.0,0.002641424
29,153,0.0,0.0025574905
29,154,0.0,0.0023902832
29,155,0.167924356931295,0.0015926398
29,156,0.0,0.0023692665
29,157,0.0,0.0027773255
29,158,0.0,0.00247007
29,159,0.0,0.0034558042
29,160,-0.16821505255525,0.0020599999
29,161,0.0,0.0017304947
29,162,0.0,0.0020109564
29,163,0.169046119875911,0.0026074592
29,164,0.0,0.0019767703
29,165,0.170091138029108,0.0036033704
29,166,0.170976924547085,0.0016517332
29,167,0.0,0.0030093994
29,168,0.0,0.002456998
29,169,0.0,0.003603802
29,170,0.0,0.0014982694
29,171,0.0,0.0034773275
29,172,0.173942771129877,0.002356023
29,173,0.0,0.0026899325
29,174,0.0,0.0030724308
29,175,0.0,0.0014821244
29,176,0.0,0.0025804536
29,177,0.0,0.0014922274
29,178,0.0,0.0021278914
29,179,0.0,0.0025526546
29,180,0.0,0.002378698
29,181,0.0,0.0024297754
29,182,0.173595591073206,0.002472069
29,183,0.0,0.0028041112
29,184,0.0,0.001489182
29,185,0.0,0.0017496324
29,186,0.0,0.0019157771
29,187,-0.17318925311872,0.0027099522
29,188,0.0,0.0026635188
29,189,0.0,0.0021315687
29,190,0.0,0.0025227158
29,191,0.0,0.003623804
29,192,0.0,0.0028107213
29,193,0.0,0.0014801589
29,194,0.0,0.0023334343
29,195,0.0,0.0036327154
29,196,0.0,0.002614386
29,197,0.0,0.0027560238
29,198,0.0,0.0023512468
29,199,0.0,0.0016380302
29,200,0.0,0.001999361
29,201,-0.154776164283148,0.0025490029
29,202,0.168622601199444,0.0027815932
29,203,-0.165770163467991,0.0016767923
29,204,0.0,0.0020903
29,205,0.0,0.0016127378
29,206,0.0,0.0024896697
29,207,0.0,0.0023615914
29,208,0.0,0.0017174487
29,209,0.0,0.0023059049
29,210,0.0,0.0021760375
29,211,0.0,0.0024285712
29,212,0.0,0.0025707106
29,213,0.0,0.0015525571
29,214,0.0,0.0014940584
29,215,0.0,0.003167627
29,216,0.0,0.0032449919
29,217,0.0,0.0021397555
29,218,0.0,0.0025428552
29,219,0.0,0.002329973
29,220,0.0,0.0015858859
29,221,0.198296492037341,0.0022639432
29,222,0.0,0.001866092
29,223,0.177015700059312,0.0016987692
29,224,0.167760934398804,0.0020096675
29,225,0.0,0.0025196965
29,226,0.15751395208455,0.0020370088
29,227,0.0,0.0014789021
29,228,0.0,0.0031441837
29,229,0.0,0.002427042
29,230,-0.167289120002733,0.0018050293
29,231,0.0,0.002391744
29,232,0.0,0.0019841343
29,233,0.0,0.003543594
29,234,0.0,0.0020583668
29,235,0.0,0.0023306962
29,236,0.0,0.004035897
29,237,0.160071052856903,0.0025579478
29,238,0.0,0.002294939
29,239,0.0,0.0018887464
29,240,-0.163417946112858,0.0023143897
29,241,0.0,0.002323687
29,242,0.0,0.0017670109
29,243,0.0,0.0014664424
29,244,0.0,0.0020977757
29,245,-0.162753292654407,0.002550013
29,246,0.0,0.0025148178
29,247,0.0,0.0027649025
29,248,0.0,0.0024624588
29,249,0.0,0.0026799496
29,250,0.0,0.0034024594
29,251,0.0,0.003530309
29,252,0.0,0.0024756761
29,253,0.0,0.002341065
29,254,0.0,0.0018171952
29,255,0.0,0.0026584705
29,256,0.0,0.0028640777
29,257,0.0,0.0022128425
29,258,-0.161490239795145,0.0015916261
29,259,0.0,0.002481069
29,260,0.0,0.0014924887
29,261,0.0,0.0036318009
29,262,0.0,0.0021985439
29,263,0.0,0.0023807045
29,264,0.0,0.0021920614
29,265,0.0,0.0024117334
29,266,0.0,0.0021723052
29,267,0.0,0.0014874008
29,268,0.0,0.0022435035
30,1,0.0,0.0028807796
30,2,0.0,0.0035020448
30,3,0.0,0.0035626325
30,4,0.0,0.0026412136
30,5,0.0,0.0033493512
30,6,0.0,0.0034381156
30,7,0.0,0.0023402297
30,8,0.0,0.0024663857
30,9,0.0,0.0019571576
30,10,0.0,0.0016160831
30,11,0.0,0.0035549812
30,12,0.0,0.0028003724
30,13,0.0,0.0015667328
30,14,0.0,0.0020861966
30,15,0.0,0.0028461828
30,16,0.0,0.0033165957
30,17,0.0,0.0023598191
30,18,0.157578404985337,0.0024231463
30,19,0.0,0.003118766
30,20,-0.148035604262256,0.0029766806
30,21,0.0,0.0031946548
30,22,0.0,0.002055802
30,23,0.0,0.0018527652
30,24,0.0,0.00240931
30,25,0.0,0.0036305105
30,26,0.0,0.0023442265
30,27,0.0,0.0021188594
30,28,0.0,0.002049544
30,29,0.0,0.0029427577
30,30,0.0,0.030703487
30,31,0.0,0.0023345673
30,32,0.0,0.0027694656
30,33,0.0,0.002343066
30,34,0.0,0.003387326
30,35,0.0,0.0024299761
30,36,0.0,0.0019736616
30,37,0.0,0.0015726616
30,38,0.16432357269137,0.0016244827
30,39,0.0,0.002034545
30,40,-0.17491327469584,0.002770978
30,41,0.0,0.0023821802
30,42,0.0,0.0015669446
30,43,0.0,0.0023156404
30,44,0.0,0.0025091106
30,45,0.155185366854336,0.0025719241
30,46,0.0,0.0024827719
30,47,0.157755928019067,0.0017950623
30,48,0.0,0.0024919515
30,49,0.0,0.0026441445
30,50,0.0,0.0036272015
30,51,0.0,0.0016173013
30,52,0.0,0.00169753
30,53,0.0,0.0020197416
30,54,-0.176999843244951,0.0024839393
30,55,0.0,0.0032224567
30,56,0.0,0.002778594
30,57,0.0,0.0015211161
30,58,0.0,0.0019001313
30,59,0.0,0.00323604
30,60,0.0,0.0018159756
30,61,0.0,0.0032059918
30,62,0.0,0.0022263494
30,63,0.0,0.0025290619
30,64,0.0,0.0024749143
30,65,0.0,0.0024378132
30,66,0.0,0.0027694735
30,67,0.0,0.0019543958
30,68,0.0,0.0024684737
30,69,0.0,0.0020899856
30,70,0.0,0.0025034961
30,71,0.16541900598589,0.0032541393
30,72,0.16062762284668,0.001973248
30,73,0.0,0.0024677096
30,74,0.0,0.0026725214
30,75,0.0,0.002033717
30,76,0.0,0.003073115
30,77,-0.149060374618323,0.003455257
30,78,0.0,0.0031390847
30,79,-0.14598638240914,0.00322602
30,80,0.0,0.0014893329
30,81,0.0,0.0022183843
30,82,0.0,0.0031154328
30,83,0.0,0.0031413645
30,84,0.0,0.0022103814
30,85,0.0,0.0023356718
30,86,0.0,0.0016500377
30,87,0.0,0.001622634
30,88,0.0,0.0023087296
30,89,0.0,0.0026928564
30,90,0.0,0.0023431866
30,91,0.0,0.0026757359
30,92,0.0,0.0033566528
30,93,0.0,0.0019112066
30,94,0.0,0.0028718882
30,95,0.153617918690785,0.0032646898
30,96,0.0,0.0024372041
30,97,0.0,0.0022458322
30,98,0.0,0.0022582244
30,99,0.0,0.003275033
30,100,0.0,0.0019904398
30,101,0.0,0.0035776198
30,102,0.0,0.0028038584
30,103,0.0,0.0019659754
30,104,0.0,0.0018520942
30,105,0.0,0.002677477
30,106,0.0,0.002555512
30,107,0.0,0.0014865315
30,108,0.0,0.0025016353
30,109,0.0,0.0025748587
30,110,0.0,0.002593312
30,111,0.0,0.002063252
30,112,0.0,0.0014975625
30,113,0.0,0.0029126643
30,114,0.0,0.0020055063
30,115,0.0,0.0024228636
30,116,0.0,0.0026109796
30,117,0.0,0.0022890633
30,118,0.0,0.0025169076
30,119,0.0,0.0022328212
30,120,0.0,0.0023447708
30,121,0.0,0.0023099831
30,122,0.0,0.0024445895
30,123,0.15107894969011,0.0021423232
30,124,0.0,0.002321119
30,125,0.0,0.0025178287
30,126,0.0,0.0023305588
30,127,0.0,0.0014854474
30,128,0.0,0.0014999211
30,129,-0.155486052601736,0.001540442
30,130,0.0,0.002310859
30,131,0.0,0.0021797055
30,132,0.0,0.0025571543
30,133,0.0,0.0014929888
30,134,0.0,0.003345923
30,135,0.0,0.0024343096
30,136,0.0,0.0025309771
30,137,0.0,0.0023275926
30,138,0.0,0.0025551226
30,139,0.0,0.0021347417
30,140,0.0,0.0019967556
30,141,0.0,0.0015430995
30,142,0.0,0.0023638182
30,143,0.0,0.0036065723
30,144,0.0,0.0015033404
30,145,0.0,0.0032146596
30,146,0.0,0.0027155308
30,147,0.0,0.0025760788
30,148,0.0,0.002336795
30,149,0.0,0.002410348
30,150,0.0,0.0019674674
30,151,0.0,0.001595288
30,152,0.0,0.0021141353
30,153,0.0,0.0021699108
30,154,0.0,0.0019476693
30,155,0.159790064631428,0.0025076782
30,156,0.0,0.002545888
30,157,0.0,0.0024988307
30,158,0.0,0.0020026332
30,159,0.0,0.0025287652
30,160,0.0,0.002114599
30,161,0.0,0.0025343536
30,162,0.0,0.0021174848
30,163,0.0,0.002774442
30,164,-0.148292667276777,0.002152238
30,165,0.161851886382536,0.002059414
30,166,0.0,0.0023803292
30,167,0.0,0.0025172206
30,168,-0.158513941272386,0.0026969393
30,169,0.0,0.002214097
30,170,0.0,0.0032561128
30,171,0.0,0.0022118376
30,172,0.0,0.0025466816
30,173,0.0,0.0025108075
30,174,-0.165367401610171,0.0029852018
30,175,-0.16235863846762,0.0034844545
30,176,0.0,0.0018049753
30,177,0.0,0.0024636062
30,178,0.0,0.0031555486
30,179,0.0,0.001560241
30,180,0.0,0.0026510116
30,181,0.0,0.0027765394
30,182,0.0,0.0014702836
30,183,0.0,0.0015760213
30,184,0.0,0.0035018497
30,185,0.0,0.002407102
30,186,0.0,0.002383328
30,187,0.0,0.002782188
30,188,0.0,0.0025523445
30,189,0.0,0.0014939196
30,190,0.0,0.0029127602
30,191,0.0,0.002550437
30,192,0.0,0.001531018
30,193,0.0,0.0014942023
30,194,0.0,0.0025399276
30,195,0.0,0.0016546594
30,196,0.0,0.0024690097
30,197,0.150049378866703,0.0033298722
30,198,0.0,0.0017240709
30,199,0.0,0.0034209713
30,200,0.0,0.0024230517
30,201,0.0,0.0028131572
30,202,-0.160454485795665,0.0024039573
30,203,0.0,0.0027577244
30,204,0.0,0.0014918419
30,205,0.0,0.0026750574
30,206,0.0,0.00165594
30,207,0.0,0.0030515562
30,208,0.0,0.0034672488
30,209,0.0,0.002602039
30,210,0.0,0.0027574347
30,211,0.0,0.0018354384
30,212,0.0,0.0014799815
30,213,0.0,0.0025380566
30,214,0.0,0.0014971346
30,215,0.0,0.0020124181
30,216,0.0,0.0027739806
30,217,0.0,0.0031416886
30,218,0.0,0.0014956649
30,219,0.0,0.0022372883
30,220,0.0,0.002852283
30,221,-0.18869096692028,0.002036726
30,222,0.0,0.0025536143
30,223,-0.168441021124932,0.0020621289
30,224,0.0,0.0027799625
30,225,0.0,0.0017841686
30,226,0.0,0.0033502365
30,227,0.0,0.0019306554
30,228,0.0,0.0034865178
30,229,0.0,0.001988063
30,230,0.0,0.0026370906
30,231,0.0,0.0025087656
30,232,0.0,0.0023674853
30,233,0.0,0.003024193
30,234,0.0,0.0024898648
30,235,0.0,0.0023272582
30,236,0.0,0.0017296011
30,237,0.0,0.0021921284
30,238,0.0,0.0026132828
30,239,0.0,0.0027584494
30,240,0.15550194533121,0.0035322676
30,241,0.0,0.0025006086
30,242,0.0,0.0025905399
30,243,0.0,0.002852602
30,244,0.0,0.0023880312
30,245,0.0,0.0034735417
30,246,0.0,0.0025741626
30,247,0.0,0.0027837437
30,248,0.0,0.0035247146
30,249,0.0,0.0024693073
30,250,0.0,0.0032073949
30,251,0.0,0.0024706167
30,252,0.0,0.0026358701
30,253,0.0,0.0032017855
30,254,0.0,0.0019539278
30,255,0.0,0.002743184
30,256,0.0,0.0024699834
30,257,0.0,0.0026108087
30,258,0.0,0.0034890529
30,259,-0.161982398513307,0.0018243841
30,260,0.0,0.0023541353
30,261,0.0,0.002080252
30,262,0.0,0.0025523733
30,263,0.0,0.00268602
30,264,0.0,0.0023192093
30,265,0.0,0.002338993
30,266,0.0,0.0021658186
30,267,0.0,0.0025579934
30,268,0.0,0.0024984442
31,1,0.0,0.0025893468
31,2,0.0,0.0015441426
31,3,0.0,0.0025629667
31,4,0.0,0.0027152244
31,5,0.0,0.0030952096
31,6,0.0,0.0024289074
31,7,0.0,0.0024692076
31,8,0.0,0.0025075632
31,9,0.0,0.0027382826
31,10,0.0,0.0025509954
31,11,0.0,0.0023183222
31,12,0.0,0.0027809753
31,13,0.0,0.0025605364
31,14,0.0,0.0032531763
31,15,0.0,0.0031311451
31,16,0.0,0.0023887837
31,17,0.0,0.002603727
31,18,0.139811966144557,0.0026471582
31,19,0.0,0.0030497885
31,20,0.0,0.002553355
31,21,0.138716473568062,0.0035443786
31,22,0.0,0.0028192992
31,23,0.138353779297999,0.0027515534
31,24,0.0,0.002339397
31,25,0.146251733177944,0.0023747897
31,26,0.142705721083765,0.0024263472
31,27,0.136925546765214,0.0023733783
31,28,0.0,0.0024076323
31,29,0.0,0.0026391894
31,30,0.0,0.0023345673
31,31,-0.296319278189912,0.030703487
31,32,0.0,0.0027649319
31,33,0.0,0.0027597914
31,34,0.0,0.0023790617
31,35,0.0,0.003193114
31,36,0.0,0.002976058
31,37,0.0,0.002546065
31,38,0.0,0.0016862284
31,39,0.0,0.0025239582
31,40,0.0,0.002639053
31,41,0.0,0.0025230735
31,42,0.0,0.0027832254
31,43,0.0,0.0027262336
31,44,0.0,0.0023824954
31,45,0.0,0.002702299
31,46,0.0,0.0022506588
31,47,0.0,0.002571167
31,48,0.0,0.002431362
31,49,0.0,0.0021491335
31,50,0.155664702428457,0.0029093707
31,51,0.0,0.0025056954
31,52,0.0,0.002501919
31,53,0.0,0.0035928013
31,54,0.0,0.0027685296
31,55,0.0,0.0031014308
31,56,0.0,0.0028659557
31,57,0.0,0.0031926152
31,58,0.0,0.0024832287
31,59,0.0,0.002509341
31,60,0.0,0.0028028581
31,61,0.0,0.0028794212
31,62,0.170301702952434,0.0026226207
31,63,0.0,0.0035619978
31,64,0.0,0.0024327151
31,65,0.0,0.0016927114
31,66,0.0,0.003458743
31,67,0.0,0.0035578487
31,68,0.0,0.0027596834
31,69,0.0,0.0028292295
31,70,0.0,0.0027787285
31,71,0.0,0.0034713275
31,72,0.0,0.0019432376
31,73,0.0,0.003464528
31,74,0.162767543018437,0.0015834542
31,75,0.141759566441184,0.0035790955
31,76,-0.155957316544499,0.0035513486
31,77,0.0,0.0034954986
31,78,0.0,0.002563776
31,79,0.0,0.0025064568
31,80,0.0,0.0025893073
31,81,0.0,0.0027808058
31,82,0.0,0.0025501084
31,83,0.0,0.0030072373
31,84,0.157089948225862,0.002763912
31,85,0.0,0.003405739
31,86,0.0,0.0025427188
31,87,0.0,0.003182061
31,88,0.0,0.0027040136
31,89,0.0,0.0024445378
31,90,0.0,0.002301524
31,91,0.0,0.002541042
31,92,0.0,0.0024225726
31,93,0.0,0.0027572708
31,94,0.0,0.002410159
31,95,0.0,0.0029871296
31,96,0.0,0.003610462
31,97,0.0,0.0023180852
31,98,0.0,0.0029468532
31,99,0.0,0.00295898
31,100,0.0,0.0022691656
31,101,0.0,0.0024511348
31,102,0.0,0.0035024513
31,103,0.0,0.0034628678
31,104,0.0,0.0018633478
31,105,0.0,0.003069988
31,106,0.0,0.0033654948
31,107,0.0,0.0017050863
31,108,0.0,0.0034814165
31,109,0.0,0.0015216679
31,110,0.0,0.0024975804
31,111,0.0,0.0034549232
31,112,0.0,0.0032802601
31,113,0.0,0.0027080607
31,114,0.0,0.0028245146
31,115,0.0,0.0027695415
31,116,0.0,0.0023335638
31,117,0.0,0.0036233831
31,118,-0.157762487868013,0.0026162812
31,119,0.0,0.002803674
31,120,0.0,0.0024317019
31,121,0.0,0.0032452615
31,122,0.0,0.003501623
31,123,-0.145359606841515,0.0034767403
31,124,0.0,0.0027703438
31,125,0.0,0.0026331022
31,126,0.0,0.00278264
31,127,0.0,0.0018758862
31,128,0.0,0.0023975032
31,129,0.0,0.0023895362
31,130,0.0,0.0029820814
31,131,0.0,0.0025378736
31,132,0.0,0.0035925987
31,133,0.0,0.0025712731
31,134,0.0,0.0031778393
31,135,0.0,0.002433518
31,136,-0.154289405779911,0.0024774107
31,137,0.0,0.0024435236
31,138,0.0,0.0025288532
31,139,0.0,0.0026363484
31,140,0.0,0.0023313202
31,141,0.0,0.0030051875
31,142,0.0,0.0026920214
31,143,0.0,0.0025472278
31,144,0.0,0.002780593
31,145,0.0,0.003611274
31,146,0.0,0.0027646506
31,147,0.0,0.002589879
31,148,0.0,0.002464083
31,149,0.0,0.002614703
31,150,0.0,0.0035223193
31,151,0.0,0.0032087434
31,152,0.0,0.0026299148
31,153,0.0,0.003168345
31,154,0.0,0.0022503636
31,155,0.0,0.0025970289
31,156,0.0,0.0027078236
31,157,0.0,0.0026713996
31,158,0.0,0.0015522148
31,159,0.0,0.0027754847
31,160,0.0,0.0024688533
31,161,0.0,0.0023877043
31,162,0.0,0.0026305732
31,163,0.0,0.0024044658
31,164,0.0,0.0016791844
31,165,0.155724716245251,0.0024320758
31,166,0.0,0.0028157393
31,167,0.0,0.002510189
31,168,0.0,0.0027541425
31,169,0.0,0.0027891248
31,170,0.0,0.0032591023
31,171,0.0,0.0026691589
31,172,0.0,0.0033713123
31,173,0.0,0.0026135966
31,174,0.0,0.0025426038
31,175,0.0,0.001574289
31,176,0.0,0.0035466067
31,177,0.0,0.0025773728
31,178,0.0,0.003563872
31,179,-0.155037676263333,0.0029718745
31,180,0.0,0.0023531248
31,181,0.0,0.0026548905
31,182,-0.158933172383593,0.002444027
31,183,0.0,0.0029114666
31,184,0.0,0.00252017
31,185,0.152723002029707,0.0028142007
31,186,0.0,0.0025666985
31,187,0.0,0.003268416
31,188,0.0,0.0035261656
31,189,0.0,0.0025532637
31,190,0.0,0.002766563
31,191,0.0,0.0024576173
31,192,0.0,0.0022418927
31,193,0.0,0.002943844
31,194,0.0,0.0025874185
31,195,0.0,0.0025375304
31,196,0.0,0.0030342904
31,197,0.0,0.0015120707
31,198,0.0,0.0026133298
31,199,0.0,0.0031692586
31,200,0.0,0.0033347164
31,201,0.0,0.0027685799
31,202,0.0,0.0024368204
31,203,0.151768704513954,0.0023069219
31,204,0.0,0.002394375
31,205,0.0,0.0027794405
31,206,0.161372788657944,0.0024682777
31,207,0.0,0.002365447
31,208,0.0,0.002464238
31,209,0.0,0.0024794755
31,210,0.0,0.0033659348
31,211,0.0,0.0026803226
31,212,0.0,0.003569792
31,213,0.0,0.00281783
31,214,0.0,0.0025954084
31,215,0.0,0.0024431064
31,216,0.0,0.0016726744
31,217,0.145682339742263,0.0025221007
31,218,0.0,0.0023642592
31,219,0.0,0.0024050372
31,220,0.0,0.0032378165
31,221,0.18154775911758,0.003133922
31,222,0.0,0.0021939883
31,223,0.0,0.0023294045
31,224,0.0,0.0025489926
31,225,0.0,0.0016048849
31,226,0.0,0.0027591726
31,227,0.0,0.0027179145
31,228,0.0,0.002639689
31,229,0.0,0.0015338482
31,230,0.0,0.001594489
31,231,0.0,0.0027229376
31,232,0.0,0.0028510424
31,233,0.148714622549746,0.0023705903
31,234,0.0,0.0016243346
31,235,0.0,0.0031789574
31,236,0.0,0.0023337742
31,237,0.0,0.0020499616
31,238,0.0,0.0024231183
31,239,0.0,0.002703323
31,240,0.0,0.0026536467
31,241,0.0,0.0035694754
31,242,0.0,0.0014865948
31,243,0.0,0.001608172
31,244,0.0,0.0016057864
31,245,0.0,0.0031331824
31,246,0.0,0.0032578474
31,247,0.0,0.0034311144
31,248,0.0,0.0034189522
31,249,0.158710159653543,0.0024201954
31,250,0.0,0.0035964367
31,251,0.0,0.0023830426
31,252,0.0,0.0028577219
31,253,0.0,0.0031619156
31,254,0.0,0.0023628878
31,255,0.0,0.003621459
31,256,0.0,0.0033323155
31,257,0.0,0.00261355
31,258,0.0,0.0024915165
31,259,0.0,0.0025009592
31,260,0.0,0.0025827573
31,261,0.0,0.002772674
31,262,0.0,0.0021487568
31,263,0.0,0.0034022825
31,264,0.0,0.0024576532
31,265,0.0,0.0027152402
31,266,0.0,0.0015219748
31,267,0.0,0.0022993512
31,268,0.0,0.0025840304
32,1,0.0,0.0023158211
32,2,0.0,0.002844023
32,3,0.0,0.0025767996
32,4,0.0,0.0026138355
32,5,0.0,0.0035263817
32,6,0.143512842095274,0.003290283
32,7,0.0,0.002081504
32,8,0.0,0.0024180785
32,9,0.0,0.0017217658
32,10,0.0,0.0026156018
32,11,0.0,0.0025855605
32,12,0.0,0.002425266
32,13,0.0,0.0014921371
32,14,0.0,0.0015507825
32,15,-0.142769541585289,0.0023480887
32,16,0.0,0.0032007578
32,17,0.0,0.003556829
32,18,0.0,0.002575839
32,19,0.148931621478766,0.0026141293
32,20,0.0,0.0019308417
32,21,0.0,0.0027601225
32,22,0.0,0.0024894187
32,23,0.0,0.0027910871
32,24,0.0,0.0023185872
32,25,0.0,0.0025661956
32,26,0.0,0.0024271947
32,27,0.0,0.0018247534
32,28,0.0,0.0023132581
32,29,0.0,0.0017386633
32,30,0.0,0.0027694656
32,31,0.0,0.0027649319
32,32,0.0,0.030703487
32,33,0.0,0.0014930139
32,34,0.0,0.0020366386
32,35,0.0,0.002184568
32,36,0.0,0.0029668333
32,37,0.0,0.0014787852
32,38,0.0,0.0021897452
32,39,0.0,0.0035345196
32,40,0.0,0.002311368
32,41,0.152620811027822,0.003365424
32,42,0.0,0.0017602746
32,43,0.0,0.0024571032
32,44,0.155938447148713,0.0023426693
32,45,0.0,0.0025029709
32,46,0.0,0.0023150835
32,47,0.0,0.002325518
32,48,0.0,0.0031330371
32,49,0.0,0.0024383268
32,50,0.0,0.002419686
32,51,0.0,0.0017382074
32,52,0.0,0.00315549
32,53,0.0,0.0023387913
32,54,0.0,0.0014598658
32,55,-0.158302279444125,0.0025376328
32,56,0.0,0.0023651528
32,57,0.0,0.001785778
32,58,0.0,0.002634054
32,59,0.163115748626825,0.0019946764
32,60,0.0,0.0027838973
32,61,0.0,0.002756983
32,62,0.0,0.0026751328
32,63,-0.146872581856463,0.0034098402
32,64,0.0,0.0031174524
32,65,0.0,0.0023936331
32,66,0.0,0.0017672898
32,67,0.0,0.0021115518
32,68,0.0,0.0024507642
32,69,0.0,0.0022338564
32,70,0.0,0.0017035529
32,71,0.0,0.0029779212
32,72,0.157427018928358,0.0016250168
32,73,0.0,0.0026176218
32,74,0.0,0.0031960905
32,75,0.0,0.0026150555
32,76,0.158863823429453,0.0014749705
32,77,0.0,0.003529687
32,78,0.0,0.0023492663
32,79,0.0,0.0016549891
32,80,0.0,0.0027731648
32,81,0.0,0.0027714702
32,82,0.0,0.0027445233
32,83,0.0,0.0020276946
32,84,0.0,0.0027754703
32,85,0.157778846261959,0.0020673503
32,86,0.0,0.0022050552
32,87,0.0,0.002375905
32,88,0.0,0.0018548095
32,89,0.0,0.0027738223
32,90,0.0,0.0014915518
32,91,0.0,0.0025105183
32,92,-0.153911098359453,0.0025743544
32,93,0.0,0.0021699304
32,94,0.0,0.0034443988
32,95,0.0,0.0014703008
32,96,0.0,0.0024429676
32,97,0.0,0.002230145
32,98,0.0,0.0018516723
32,99,-0.153307005555275,0.002481501
32,100,0.0,0.0016536308
32,101,0.162109172564661,0.0027797977
32,102,0.0,0.0014943574
32,103,0.0,0.002644688
32,104,0.0,0.0025581722
32,105,0.0,0.002784283
32,106,0.0,0.0031881817
32,107,0.0,0.0014692959
32,108,0.0,0.0023281784
32,109,0.155993751964795,0.0023170412
32,110,0.0,0.0026289746
32,111,0.0,0.0022832109
32,112,0.0,0.0024814475
32,113,0.0,0.002355217
32,114,0.0,0.002337203
32,115,0.0,0.0029157144
32,116,0.0,0.003029202
32,117,0.0,0.0023727347
32,118,0.0,0.0022534947
32,119,0.0,0.002668384
32,120,0.0,0.001983047
32,121,0.0,0.001631875
32,122,0.0,0.0027696104
32,123,0.0,0.0019470253
32,124,0.0,0.001945667
32,125,0.0,0.0022460609
32,126,0.0,0.0019737869
32,127,0.0,0.0014758841
32,128,0.0,0.0036034035
32,129,0.0,0.0024133371
32,130,0.0,0.002785685
32,131,0.158977587489659,0.0021208893
32,132,0.0,0.0023899996
32,133,0.0,0.0019210735
32,134,0.0,0.0027512992
32,135,0.178928530382492,0.003457998
32,136,0.0,0.0023350772
32,137,0.0,0.0025536912
32,138,0.0,0.003438923
32,139,0.0,0.0025827414
32,140,0.0,0.0024538143
32,141,0.0,0.0017406642
32,142,0.0,0.0014636982
32,143,0.0,0.0016937195
32,144,0.0,0.0029949942
32,145,0.0,0.0024454999
32,146,0.0,0.002303013
32,147,0.0,0.0023773364
32,148,0.0,0.0024969503
32,149,0.0,0.0018791207
32,150,0.0,0.0017106798
32,151,0.0,0.0034797871
32,152,0.0,0.0035790657
32,153,0.0,0.002677986
32,154,0.0,0.0016036402
32,155,0.0,0.0023792079
32,156,0.0,0.0036251894
32,157,0.0,0.0019434979
32,158,0.0,0.002388162
32,159,0.0,0.0014865417
32,160,0.0,0.0017320341
32,161,0.0,0.001992776
32,162,0.0,0.0017536473
32,163,0.0,0.0014964896
32,164,0.0,0.003059573
32,165,0.0,0.0015528109
32,166,0.0,0.0021882085
32,167,0.0,0.0022905888
32,168,0.155355453756019,0.0030139806
32,169,0.0,0.001876229
32,170,0.0,0.0025123814
32,171,0.0,0.0023098253
32,172,0.0,0.0018996056
32,173,0.0,0.0023019742
32,174,0.0,0.0019297469
32,175,0.0,0.0025833216
32,176,-0.156794641733784,0.0026101866
32,177,0.0,0.0014866935
32,178,0.0,0.0029411623
32,179,0.0,0.0031348923
32,180,0.0,0.003388463
32,181,0.0,0.002786234
32,182,0.16189513896532,0.003504999
32,183,0.0,0.00254056
32,184,0.0,0.0029175794
32,185,-0.155569232438933,0.0026146783
32,186,0.0,0.0022301022
32,187,0.0,0.0025558244
32,188,0.0,0.0025078487
32,189,0.0,0.0014944486
32,190,0.0,0.0030575618
32,191,0.150700357101551,0.002745152
32,192,0.0,0.0015443899
32,193,0.0,0.0014910167
32,194,0.0,0.003629678
32,195,0.153951576560781,0.0023489199
32,196,0.0,0.0017034188
32,197,0.0,0.0015923809
32,198,0.0,0.0017310055
32,199,0.0,0.0022270028
32,200,0.0,0.002082707
32,201,0.0,0.003631333
32,202,0.0,0.0017210096
32,203,0.0,0.0023905938
32,204,0.0,0.0035996893
32,205,0.0,0.0018645651
32,206,0.0,0.0023631286
32,207,0.149447894008849,0.0033389232
32,208,0.0,0.0026001167
32,209,0.0,0.0025763419
32,210,0.0,0.002757066
32,211,0.0,0.002672656
32,212,-0.14967676193057,0.001776556
32,213,0.0,0.0028356859
32,214,-0.161638869354706,0.0020348243
32,215,0.0,0.0026794663
32,216,0.0,0.0027337857
32,217,0.0,0.0027618236
32,218,0.0,0.0014855647
32,219,0.0,0.0027817385
32,220,0.0,0.0020461115
32,221,0.0,0.003582865
32,222,0.0,0.0015265271
32,223,0.0,0.0016692621
32,224,0.0,0.001489494
32,225,0.0,0.0021032924
32,226,0.0,0.0016749045
32,227,-0.154119109885056,0.0027904608
32,228,0.0,0.0023089335
32,229,0.0,0.0024956283
32,230,0.0,0.0016094111
32,231,0.0,0.0026771002
32,232,0.0,0.001980288
32,233,0.0,0.0026298296
32,234,0.0,0.00289102
32,235,0.0,0.0019822083
32,236,0.0,0.0026837438
32,237,0.0,0.0017204811
32,238,0.0,0.0017367145
32,239,-0.155441477536939,0.002678224
32,240,0.0,0.0026633805
32,241,0.0,0.0016458137
32,242,0.0,0.0020153923
32,243,0.0,0.0025923639
32,244,0.0,0.0035518296
32,245,0.0,0.0022852533
32,246,0.0,0.0035850802
32,247,0.0,0.0020609456
32,248,0.0,0.003143574
32,249,0.0,0.0021692105
32,250,0.0,0.0023923507
32,251,-0.156317600050948,0.001740241
32,252,0.0,0.0027816137
32,253,0.0,0.0020349817
32,254,0.0,0.0016179942
32,255,0.0,0.001690784
32,256,0.0,0.0024666404
32,257,0.0,0.002745017
32,258,0.0,0.0023841416
32,259,0.0,0.00240502
32,260,0.0,0.0026332508
32,261,0.0,0.0018586926
32,262,-0.15118642094011,0.0022335444
32,263,0.0,0.0016215458
32,264,0.0,0.0023285188
32,265,0.0,0.0014861799
32,266,0.0,0.0022077453
32,267,0.0,0.0025389101
32,268,0.0,0.0033408026
33,1,0.0,0.002160455
33,2,0.0,0.0034617484
33,3,0.0,0.00218766
33,4,0.142730432698725,0.0024694162
33,5,0.0,0.0023726653
33,6,0.0,0.0025376128
33,7,0.0,0.002507051
33,8,0.0,0.002788586
33,9,0.0,0.0027727447
33,10,0.0,0.0027683275
33,11,0.0,0.002345453
33,12,0.0,0.0025287368
33,13,0.0,0.003059451
33,14,0.0,0.0025522532
33,15,0.0,0.001688953
33,16,0.0,0.0030895858
33,17,0.0,0.0034499
33,18,0.0,0.0021948107
33,19,0.0,0.0028799842
33,20,0.0,0.0025979215
33,21,0.0,0.002436188
33,22,0.0,0.0017412095
33,23,0.13906324677993,0.002634658
33,24,0.0,0.0020159972
33,25,0.147001700756655,0.0021073367
33,26,0.0,0.0031010364
33,27,0.0,0.003028775
33,28,0.0,0.001496017
33,29,0.0,0.0020052693
33,30,0.0,0.002343066
33,31,0.0,0.0027597914
33,32,0.0,0.0014930139
33,33,0.329322868259624,0.030703487
33,34,0.0,0.002109657
33,35,0.0,0.0026437948
33,36,0.0,0.002201552
33,37,0.0,0.0022078925
33,38,0.160663462542882,0.0033779312
33,39,0.0,0.0017154561
33,40,0.0,0.0023925072
33,41,0.0,0.002898064
33,42,0.0,0.001516839
33,43,0.0,0.0025275298
33,44,0.0,0.0017370051
33,45,0.0,0.0014926787
33,46,0.0,0.0025709495
33,47,0.0,0.0014861673
33,48,0.0,0.0026821462
33,49,0.153034433364083,0.002109943
33,50,0.0,0.002211241
33,51,0.0,0.0024737944
33,52,0.0,0.0022626556
33,53,0.0,0.0027675354
33,54,0.0,0.0022286922
33,55,0.0,0.002471753
33,56,0.0,0.0016033612
33,57,0.0,0.0018413733
33,58,0.0,0.003573258
33,59,0.0,0.0031946437
33,60,0.0,0.0025805105
33,61,0.0,0.002400044
33,62,0.0,0.0024459935
33,63,0.0,0.0031184903
33,64,0.0,0.0026072226
33,65,0.0,0.0028766375
33,66,0.0,0.0022997372
33,67,0.0,0.0035645897
33,68,0.0,0.0027631545
33,69,0.0,0.0031184005
33,70,0.0,0.0023779212
33,71,0.0,0.0028380635
33,72,-0.157049835540334,0.0028693122
33,73,0.0,0.0017141262
33,74,0.0,0.0034873434
33,75,0.0,0.00174475
33,76,0.0,0.0025817892
33,77,0.0,0.0034736977
33,78,0.0,0.0026136567
33,79,0.0,0.0023787925
33,80,0.0,0.0024604006
33,81,0.0,0.0036015497
33,82,-0.154077143787731,0.0017349697
33,83,0.0,0.0030535525
33,84,0.0,0.002292927
33,85,0.0,0.0028591296
33,86,-0.16220664393617,0.0024358584
33,87,0.0,0.0033059297
33,88,0.156580355098667,0.003446443
33,89,0.0,0.0026134243
33,90,0.0,0.0014577364
33,91,0.0,0.0019959416
33,92,0.0,0.0026137736
33,93,0.0,0.0023542424
33,94,0.146864728202232,0.0019569066
33,95,0.0,0.001971268
33,96,0.0,0.0015967735
33,97,0.0,0.0015498246
33,98,0.0,0.0020763893
33,99,0.0,0.0018241871
33,100,0.0,0.0019851802
33,101,0.0,0.0019747429
33,102,0.0,0.0020915219
33,103,0.0,0.0024133949
33,104,0.0,0.0023200233
33,105,0.0,0.001866315
33,106,0.0,0.002919848
33,107,0.0,0.001994092
33,108,0.0,0.0023266664
33,109,0.0,0.0027537257
33,110,0.0,0.003633019
33,111,0.153146437899738,0.0024256902
33,112,0.0,0.0025074352
33,113,0.0,0.0027807541
33,114,0.0,0.0030670324
33,115,0.0,0.002561279
33,116,0.0,0.0026809773
33,117,0.0,0.0025456776
33,118,0.0,0.001881219
33,119,0.0,0.0027796552
33,120,0.0,0.0021256106
33,121,0.0,0.0027677007
33,122,0.0,0.0032169265
33,123,0.0,0.0027822186
33,124,0.0,0.0026960624
33,125,0.0,0.0023320876
33,126,0.0,0.0021565706
33,127,0.0,0.002442665
33,128,0.0,0.0021450156
33,129,0.0,0.0020425585
33,130,0.160299916777619,0.0018141866
33,131,0.0,0.003955887
33,132,0.0,0.0027777012
33,133,0.0,0.002321038
33,134,0.0,0.0028571011
33,135,0.0,0.003340484
33,136,0.0,0.0017628223
33,137,0.0,0.0034410483
33,138,0.0,0.001489724
33,139,0.0,0.0027387827
33,140,0.0,0.002517405
33,141,0.150635836046795,0.00254553
33,142,0.0,0.0036249682
33,143,0.0,0.0029402724
33,144,0.0,0.0034610382
33,145,0.0,0.002392441
33,146,0.0,0.002551936
33,147,0.0,0.0014600973
33,148,0.0,0.0014687516
33,149,0.0,0.0024765865
33,150,0.0,0.0033783736
33,151,0.0,0.0025093113
33,152,0.0,0.002635397
33,153,0.0,0.0025510234
33,154,0.166437467249025,0.0021508993
33,155,0.0,0.0031358479
33,156,0.0,0.0016590059
33,157,0.0,0.0030194288
33,158,0.0,0.0014923001
33,159,0.0,0.0015582191
33,160,0.0,0.0025186446
33,161,0.0,0.0023961915
33,162,-0.148218563704629,0.002535155
33,163,0.0,0.0022667004
33,164,0.0,0.0026007467
33,165,0.0,0.0018851007
33,166,0.0,0.0015150066
33,167,0.0,0.002774646
33,168,0.0,0.0014901804
33,169,0.0,0.0027999063
33,170,0.0,0.002602161
33,171,0.0,0.0028843172
33,172,0.0,0.0022184867
33,173,0.0,0.002597902
33,174,0.0,0.0016321838
33,175,0.0,0.0021114834
33,176,0.0,0.002313884
33,177,0.0,0.0014773319
33,178,0.0,0.0025975425
33,179,0.0,0.0033170432
33,180,0.0,0.0035448205
33,181,0.0,0.0021217219
33,182,0.0,0.0022989246
33,183,0.0,0.0027064113
33,184,-0.151566358275712,0.0014947797
33,185,0.0,0.0023802305
33,186,0.0,0.0016118824
33,187,0.0,0.0023191283
33,188,0.0,0.0026173186
33,189,0.0,0.002601365
33,190,0.0,0.0015594196
33,191,0.0,0.0025758566
33,192,0.0,0.0026132544
33,193,0.0,0.0024798806
33,194,0.0,0.0017587785
33,195,0.0,0.002613883
33,196,0.0,0.0020074751
33,197,0.0,0.0016029598
33,198,0.0,0.002761018
33,199,0.0,0.003146423
33,200,-0.148413171870843,0.0033733272
33,201,0.0,0.0015753321
33,202,0.0,0.0015694783
33,203,-0.154226746872872,0.0034596585
33,204,0.16709191987407,0.0022519697
33,205,0.0,0.0026832237
33,206,0.163986378537151,0.0026043751
33,207,0.0,0.0024087904
33,208,0.0,0.0027405163
33,209,0.0,0.0026136022
33,210,-0.157274870086036,0.0026012468
33,211,0.0,0.0020996984
33,212,0.0,0.0026990902
33,213,0.0,0.0025291885
33,214,0.0,0.0016930844
33,215,0.0,0.0023338231
33,216,0.0,0.0015257224
33,217,0.0,0.0032260972
33,218,0.0,0.0022949912
33,219,0.0,0.0017399858
33,220,0.0,0.0025466466
33,221,0.184488102342534,0.0017544562
33,222,0.0,0.0027183103
33,223,0.0,0.0023669172
33,224,0.0,0.0014681737
33,225,0.0,0.0017694053
33,226,0.0,0.0014882269
33,227,0.0,0.001494138
33,228,0.0,0.0017422722
33,229,0.0,0.001882351
33,230,0.0,0.0014871075
33,231,-0.153188565544145,0.0033366345
33,232,0.0,0.0025415118
33,233,0.0,0.0021634805
33,234,0.0,0.0021525202
33,235,0.0,0.0025682636
33,236,0.0,0.0024398672
33,237,0.0,0.0032104389
33,238,0.0,0.00237815
33,239,0.0,0.0024683652
33,240,-0.152038326333068,0.0018186821
33,241,0.0,0.0017133178
33,242,0.0,0.002016968
33,243,0.0,0.0017224429
33,244,0.0,0.0025407998
33,245,0.0,0.002471453
33,246,0.0,0.0016333344
33,247,0.0,0.0026138197
33,248,0.0,0.0020575165
33,249,0.0,0.0024355706
33,250,0.0,0.0024632667
33,251,0.0,0.0017522965
33,252,0.0,0.0023478414
33,253,0.0,0.0023634029
33,254,0.0,0.0023871106
33,255,0.0,0.002775414
33,256,0.0,0.0020198738
33,257,0.0,0.0029547727
33,258,0.0,0.0023807646
33,259,0.0,0.0026021693
33,260,0.0,0.003313853
33,261,0.0,0.0031612236
33,262,0.0,0.0021775565
33,263,0.0,0.0021936721
33,264,0.0,0.002119822
33,265,0.0,0.0014813277
33,266,0.167562370056012,0.0019906554
33,267,0.0,0.001642643
33,268,0.0,0.0027181446
34,1,0.0,0.0014890241
34,2,0.0,0.0026301066
34,3,-0.15260429564341,0.0022038054
34,4,0.0,0.0030174055
34,5,0.0,0.0025614914
34,6,0.0,0.002539318
34,7,0.0,0.0024005538
34,8,0.0,0.0026352447
34,9,0.0,0.003285814
34,10,0.0,0.002333654
34,11,0.0,0.00305027
34,12,0.0,0.002395973
34,13,0.0,0.001699043
34,14,0.0,0.002360674
34,15,0.0,0.0035742894
34,16,0.0,0.0023579504
34,17,0.0,0.0025626323
34,18,0.0,0.0019767154
34,19,0.0,0.0027325507
34,20,0.0,0.0014848798
34,21,0.0,0.002557611
34,22,0.0,0.0035447748
34,23,0.0,0.0024890513
34,24,0.0,0.0023415643
34,25,0.0,0.0035953838
34,26,0.0,0.0035463409
34,27,0.0,0.0025135246
34,28,0.0,0.0014918977
34,29,0.0,0.0017568641
34,30,0.151769009632756,0.003387326
34,31,0.0,0.0023790617
34,32,0.0,0.0020366386
34,33,0.0,0.002109657
34,34,0.0,0.030703487
34,35,0.0,0.0016306052
34,36,0.0,0.001660055
34,37,0.0,0.0014941073
34,38,0.0,0.0027649864
34,39,0.147687197125164,0.00257394
34,40,0.0,0.003504448
34,41,0.0,0.0023692101
34,42,0.163552607435976,0.0025310419
34,43,0.0,0.0022547194
34,44,0.0,0.002681762
34,45,0.0,0.0018250681
34,46,0.0,0.0027491301
34,47,0.0,0.00363283
34,48,0.0,0.0024831356
34,49,0.0,0.002584084
34,50,0.0,0.0031638383
34,51,0.0,0.0019859606
34,52,0.0,0.0028391206
34,53,0.0,0.0022795787
34,54,0.0,0.0035578478
34,55,0.0,0.002330671
34,56,0.0,0.003426482
34,57,0.0,0.0025814828
34,58,0.0,0.0027199853
34,59,0.0,0.0018992643
34,60,0.0,0.0033560488
34,61,0.0,0.0015433668
34,62,-0.170612029244354,0.0028564478
34,63,0.0,0.003128089
34,64,0.0,0.0024634781
34,65,0.0,0.002792262
34,66,0.0,0.0019699354
34,67,0.0,0.0017422866
34,68,0.0,0.0014864607
34,69,0.0,0.002735091
34,70,0.0,0.0022031483
34,71,0.0,0.0017161383
34,72,0.0,0.0026526214
34,73,0.0,0.002669828
34,74,0.0,0.0025514225
34,75,0.0,0.0029095076
34,76,0.0,0.0021156962
34,77,0.0,0.0019831252
34,78,-0.160541190963651,0.0017414382
34,79,0.0,0.0024666698
34,80,0.0,0.0020684013
34,81,0.148986730596565,0.002227806
34,82,0.0,0.0023782132
34,83,0.0,0.00241614
34,84,-0.157376199862139,0.0029641134
34,85,0.0,0.00276598
34,86,0.0,0.0019195192
34,87,0.0,0.0023864815
34,88,0.0,0.003306489
34,89,0.0,0.0025229794
34,90,0.0,0.0024194634
34,91,0.0,0.0025927788
34,92,0.0,0.0025922237
34,93,0.15570623629088,0.0026658634
34,94,0.0,0.0015312014
34,95,0.0,0.0014982326
34,96,0.0,0.0017393595
34,97,0.0,0.0024621682
34,98,0.0,0.002483178
34,99,0.0,0.0015936038
34,100,0.0,0.0019519087
34,101,0.0,0.002328936
34,102,0.0,0.0023389612
34,103,0.0,0.002691621
34,104,0.0,0.0020552943
34,105,0.0,0.0023368942
34,106,0.0,0.0031622224
34,107,0.0,0.0014833072
34,108,0.0,0.0018794914
34,109,0.0,0.0014890633
34,110,0.0,0.0023627472
34,111,0.0,0.002258853
34,112,0.0,0.0023831478
34,113,0.0,0.0033032568
34,114,0.0,0.0034753042
34,115,0.0,0.0032461626
34,116,0.0,0.0031644036
34,117,0.0,0.002320148
34,118,0.0,0.0028196787
34,119,0.0,0.002093065
34,120,0.0,0.0030005816
34,121,0.0,0.0018054931
34,122,0.0,0.002360125
34,123,0.0,0.002414866
34,124,0.151353625058941,0.0029226858
34,125,0.0,0.0035893633
34,126,0.0,0.0018543717
34,127,0.0,0.0016455404
34,128,0.0,0.0023075189
34,129,0.0,0.0014661364
34,130,0.0,0.0028543584
34,131,0.0,0.0019958378
34,132,0.0,0.0021771924
34,133,0.0,0.0022058766
34,134,0.0,0.0020320541
34,135,0.0,0.0025749588
34,136,0.0,0.0016002776
34,137,0.0,0.002487564
34,138,0.167121971598974,0.0025572125
34,139,0.0,0.0022776364
34,140,0.0,0.0023603137
34,141,0.0,0.002274271
34,142,0.0,0.0018172823
34,143,0.0,0.002589677
34,144,0.0,0.0034205494
34,145,0.0,0.0020793523
34,146,0.0,0.0025200853
34,147,0.0,0.0024168934
34,148,0.143309147085199,0.0024614143
34,149,0.0,0.002614967
34,150,0.0,0.0021272167
34,151,0.0,0.0035750065
34,152,0.15777229964271,0.0026524914
34,153,0.0,0.002199511
34,154,0.0,0.0014930675
34,155,0.0,0.0031141485
34,156,0.0,0.0021814336
34,157,0.0,0.003358053
34,158,0.0,0.0024625533
34,159,0.0,0.0025338694
34,160,0.0,0.002116491
34,161,0.0,0.001980504
34,162,0.0,0.0015164223
34,163,0.0,0.0028146887
34,164,0.0,0.0020447327
34,165,0.0,0.0023748418
34,166,0.0,0.002625235
34,167,0.0,0.002263506
34,168,0.0,0.0027764048
34,169,0.0,0.0024589514
34,170,0.0,0.0032953112
34,171,0.0,0.0032658484
34,172,0.0,0.0035066488
34,173,0.0,0.0023899716
34,174,0.0,0.0020684819
34,175,0.0,0.0027983803
34,176,0.0,0.0023251623
34,177,0.0,0.0014845822
34,178,0.0,0.0027677808
34,179,0.0,0.0029148264
34,180,0.0,0.0014835354
34,181,0.0,0.003445873
34,182,0.0,0.0026360494
34,183,0.0,0.0025605364
34,184,-0.149422501435173,0.0017487952
34,185,0.0,0.0025437898
34,186,0.15357911773081,0.0025268304
34,187,0.0,0.0017859861
34,188,0.0,0.0030593555
34,189,0.0,0.003064808
34,190,0.0,0.0027784752
34,191,0.0,0.0026794053
34,192,0.0,0.0023540147
34,193,0.0,0.0014660023
34,194,0.0,0.00243475
34,195,0.0,0.0016496778
34,196,0.153363723231696,0.002723494
34,197,0.0,0.0019384688
34,198,0.0,0.0024955883
34,199,0.0,0.0029623793
34,200,0.0,0.0026684254
34,201,0.0,0.002781575
34,202,0.154661530485643,0.0025888905
34,203,0.0,0.002525352
34,204,0.0,0.0017403187
34,205,0.0,0.0015506251
34,206,0.0,0.0019250358
34,207,0.0,0.0021581342
34,208,0.0,0.0024429471
34,209,0.0,0.0027630948
34,210,0.0,0.003185133
34,211,0.0,0.0026191515
34,212,0.0,0.003107226
34,213,0.0,0.0017206185
34,214,0.0,0.002151947
34,215,0.0,0.002391676
34,216,0.0,0.0018205093
34,217,-0.14594780426497,0.0020755944
34,218,0.156766808065965,0.0028341524
34,219,0.0,0.0016661324
34,220,0.0,0.0026881522
34,221,0.0,0.002528259
34,222,0.157741643581484,0.002150511
34,223,0.0,0.0024289177
34,224,0.0,0.0018920284
34,225,0.153892747324666,0.0023136814
34,226,0.0,0.0025260393
34,227,0.0,0.002561525
34,228,0.0,0.002333608
34,229,0.0,0.0024690107
34,230,0.0,0.0022092145
34,231,0.0,0.0027751657
34,232,0.0,0.0021695471
34,233,0.0,0.0023688017
34,234,0.0,0.0033013392
34,235,0.0,0.0036334335
34,236,0.0,0.0025144862
34,237,0.0,0.0026616398
34,238,0.0,0.0017391639
34,239,0.0,0.0015361323
34,240,0.0,0.0026622415
34,241,-0.149477177885568,0.0015587821
34,242,0.15862564654513,0.002388088
34,243,0.0,0.0029879082
34,244,0.0,0.00353168
34,245,0.0,0.0014868453
34,246,0.0,0.0023957356
34,247,-0.151985413377822,0.0023963181
34,248,0.0,0.0027334802
34,249,0.0,0.0015482903
34,250,0.0,0.0036268798
34,251,0.0,0.0036307191
34,252,0.0,0.0023431717
34,253,0.0,0.0018716324
34,254,0.0,0.0019495613
34,255,0.0,0.0019645318
34,256,0.0,0.0022293846
34,257,0.0,0.001909832
34,258,0.0,0.0026332238
34,259,0.0,0.0020511723
34,260,0.0,0.0014930512
34,261,0.152231991231602,0.0015967898
34,262,0.0,0.0026716897
34,263,0.0,0.0015564109
34,264,0.0,0.0028695352
34,265,0.0,0.0023648408
34,266,0.165192254831578,0.0020997324
34,267,0.0,0.0023731478
34,268,0.0,0.0026524356
35,1,0.0,0.002335527
35,2,0.0,0.0024451981
35,3,0.0,0.0026138513
35,4,0.0,0.0031937012
35,5,0.0,0.0026270594
35,6,0.0,0.0030728434
35,7,0.0,0.0026699542
35,8,0.0,0.0025541852
35,9,0.0,0.0018424615
35,10,0.0,0.0024894844
35,11,0.0,0.0024393434
35,12,0.0,0.0024763648
35,13,0.0,0.0025101295
35,14,0.0,0.0022416576
35,15,0.0,0.0027755136
35,16,0.0,0.002486946
35,17,0.0,0.002549591
35,18,0.0,0.0026883353
35,19,0.0,0.0035950388
35,20,0.0,0.003142736
35,21,0.0,0.0018257056
35,22,-0.16313506453407,0.0028438559
35,23,0.0,0.002740981
35,24,0.0,0.0021203165
35,25,0.0,0.00306611
35,26,0.0,0.0035450952
35,27,0.0,0.0022122688
35,28,0.0,0.0026137917
35,29,0.0,0.0020560385
35,30,0.0,0.0024299761
35,31,0.0,0.003193114
35,32,0.0,0.002184568
35,33,0.0,0.0026437948
35,34,0.0,0.0016306052
35,35,-0.650889112846926,0.030703487
35,36,0.0,0.0035292176
35,37,0.0,0.0018564588
35,38,0.0,0.003088999
35,39,0.0,0.0025915839
35,40,0.0,0.0024928343
35,41,0.0,0.0025069085
35,42,0.0,0.0027165553
35,43,0.165777704509758,0.0036296118
35,44,0.0,0.0022146888
35,45,0.0,0.0024758005
35,46,0.0,0.0024120738
35,47,0.0,0.0019895495
35,48,0.0,0.0035994546
35,49,0.0,0.0023670928
35,50,0.0,0.0022368333
35,51,-0.173646218348327,0.0016818959
35,52,0.150775211858878,0.0026898487
35,53,0.0,0.0031487881
35,54,0.0,0.0023672078
35,55,0.160522039560201,0.0017983364
35,56,0.16458900291904,0.002387167
35,57,0.0,0.002338645
35,58,0.0,0.0024019387
35,59,0.0,0.0025957865
35,60,0.0,0.0027118656
35,61,0.0,0.0027568382
35,62,0.0,0.00316269
35,63,0.0,0.0024933973
35,64,0.0,0.0025939723
35,65,0.0,0.0023694928
35,66,0.0,0.0027043852
35,67,0.0,0.0027706912
35,68,0.0,0.0026842984
35,69,0.153914742953179,0.0034282529
35,70,0.0,0.0027825348
35,71,0.0,0.002426968
35,72,0.0,0.0024789334
35,73,0.0,0.0024236762
35,74,0.0,0.0026030634
35,75,0.0,0.0027770037
35,76,0.0,0.0014879755
35,77,0.0,0.0024513733
35,78,0.0,0.0016681086
35,79,0.0,0.0020702495
35,80,0.0,0.002405501
35,81,0.0,0.0025609108
35,82,0.0,0.0035060993
35,83,0.0,0.0024639438
35,84,0.0,0.0026124022
35,85,0.15999126664733,0.002683065
35,86,0.0,0.0017283531
35,87,0.0,0.0021936866
35,88,0.0,0.00268509
35,89,0.0,0.0026139338
35,90,-0.145050933919277,0.0035844129
35,91,0.0,0.002640517
35,92,0.0,0.0024943734
35,93,-0.160539574223027,0.003314021
35,94,0.0,0.0026142458
35,95,0.0,0.0023301975
35,96,0.0,0.0034075403
35,97,0.0,0.0026939819
35,98,0.0,0.0023638336
35,99,0.0,0.0027741236
35,100,0.0,0.0027692178
35,101,0.0,0.0034110919
35,102,0.0,0.0026696222
35,103,0.157875451667669,0.0024339445
35,104,0.0,0.0023904806
35,105,0.0,0.0027714823
35,106,0.0,0.002642206
35,107,0.0,0.002762061
35,108,0.0,0.0019659288
35,109,0.158181141244244,0.0024232408
35,110,0.0,0.0019346741
35,111,0.0,0.003151787
35,112,0.0,0.0021047564
35,113,0.0,0.0031698574
35,114,0.0,0.0022672354
35,115,0.0,0.0027271514
35,116,0.0,0.0027335426
35,117,0.0,0.0028186403
35,118,-0.162956055544457,0.0023881178
35,119,0.0,0.0036011063
35,120,0.0,0.0024154787
35,121,0.0,0.0024362141
35,122,0.0,0.0035557393
35,123,-0.150144869585243,0.003040359
35,124,0.0,0.0016462575
35,125,0.0,0.0024448438
35,126,0.0,0.002564563
35,127,0.0,0.0020214906
35,128,-0.158638302149634,0.0036014128
35,129,0.0,0.0026325355
35,130,0.0,0.0024923077
35,131,0.0,0.0036214073
35,132,0.0,0.0025364556
35,133,0.161593633215491,0.003029977
35,134,0.0,0.0034308243
35,135,0.0,0.0027650967
35,136,0.0,0.0035749786
35,137,0.162745477374404,0.0020200335
35,138,0.0,0.0024781348
35,139,0.0,0.0016062036
35,140,0.0,0.0034285556
35,141,0.0,0.0017815162
35,142,0.0,0.0020411303
35,143,0.0,0.0019213641
35,144,0.0,0.0023543695
35,145,0.0,0.0036114356
35,146,0.0,0.00363169
35,147,0.158397949509324,0.0025425814
35,148,-0.14775766214234,0.0015686192
35,149,0.0,0.002624835
35,150,0.0,0.0026064608
35,151,0.0,0.0036267973
35,152,0.0,0.0018231897
35,153,0.0,0.0023471178
35,154,0.0,0.002332409
35,155,0.0,0.0024970756
35,156,0.0,0.002425788
35,157,0.0,0.0026284787
35,158,0.155026294796972,0.0023588277
35,159,0.0,0.00212458
35,160,0.0,0.0026417766
35,161,0.0,0.0027278312
35,162,0.0,0.0017489577
35,163,0.0,0.002596079
35,164,0.0,0.0023510251
35,165,0.0,0.0018377593
35,166,0.0,0.0016030134
35,167,0.0,0.0027353736
35,168,0.0,0.0024731993
35,169,0.0,0.0018462883
35,170,0.0,0.0014802711
35,171,0.0,0.0036156108
35,172,0.0,0.0027083564
35,173,0.0,0.0036022766
35,174,0.0,0.0023477818
35,175,0.0,0.002428058
35,176,0.0,0.0024184599
35,177,0.0,0.003422093
35,178,0.0,0.0023273923
35,179,0.0,0.002737035
35,180,0.0,0.00237303
35,181,0.159867406600145,0.0024924022
35,182,0.0,0.0016491911
35,183,0.0,0.0027473639
35,184,0.0,0.0025343946
35,185,0.0,0.0025675078
35,186,0.0,0.0024861712
35,187,0.0,0.002609902
35,188,0.0,0.0027718851
35,189,0.0,0.002490507
35,190,0.0,0.00276044
35,191,0.0,0.0033690524
35,192,0.0,0.0014735996
35,193,0.0,0.0027701273
35,194,0.0,0.0024575358
35,195,0.156110329869051,0.002429129
35,196,0.0,0.0023968648
35,197,0.0,0.0024428936
35,198,0.0,0.0017379834
35,199,0.0,0.0017417218
35,200,0.0,0.001981067
35,201,0.0,0.0023285425
35,202,0.0,0.0035857526
35,203,0.0,0.0026141638
35,204,0.0,0.00206119
35,205,0.144923957931394,0.0024921196
35,206,0.0,0.0017069043
35,207,0.0,0.002457607
35,208,0.0,0.0020114495
35,209,0.0,0.0027681296
35,210,0.0,0.0029769405
35,211,0.0,0.0025569238
35,212,0.0,0.002764271
35,213,0.0,0.00230981
35,214,0.0,0.0017427411
35,215,0.0,0.002978329
35,216,0.0,0.002386643
35,217,0.0,0.0026074788
35,218,0.0,0.0014912873
35,219,0.0,0.002003288
35,220,0.0,0.0023733997
35,221,0.0,0.002449776
35,222,0.0,0.002072305
35,223,0.0,0.0024786065
35,224,0.0,0.0027224887
35,225,0.0,0.0014917515
35,226,0.0,0.0031091603
35,227,0.0,0.0025715753
35,228,0.0,0.0023244093
35,229,0.0,0.0016751038
35,230,0.0,0.0026858523
35,231,0.0,0.003189852
35,232,0.0,0.0023900978
35,233,0.0,0.0024427404
35,234,0.0,0.0025586844
35,235,0.0,0.0025738515
35,236,0.0,0.0022903895
35,237,0.0,0.002184994
35,238,0.0,0.0026991297
35,239,0.157621122665436,0.001565807
35,240,0.154540519045815,0.0017372859
35,241,0.0,0.0018565119
35,242,0.0,0.002717968
35,243,0.0,0.002552596
35,244,0.0,0.003169017
35,245,0.0,0.0026110238
35,246,0.0,0.0029042666
35,247,0.0,0.002804135
35,248,0.0,0.0026886957
35,249,0.163934924844806,0.0026584133
35,250,0.156849347620655,0.0026327595
35,251,0.0,0.0025575515
35,252,0.0,0.0026334082
35,253,0.0,0.0015563993
35,254,0.0,0.0019044513
35,255,0.0,0.0027754223
35,256,0.0,0.0022248677
35,257,0.0,0.0024577044
35,258,0.0,0.002701132
35,259,0.0,0.003037211
35,260,0.0,0.0031735413
35,261,0.0,0.002311546
35,262,0.0,0.0027901116
35,263,0.0,0.002552393
35,264,0.0,0.0034310548
35,265,0.0,0.002594213
35,266,0.0,0.0023357272
35,267,0.0,0.0025866595
35,268,0.0,0.0016503842
36,1,0.0,0.0023885928
36,2,0.0,0.0027697878
36,3,0.169414024104627,0.0025645592
36,4,0.0,0.0018770532
36,5,0.0,0.002222512
36,6,0.0,0.0027538934
36,7,-0.161638462582254,0.002053081
36,8,0.0,0.0023948997
36,9,0.0,0.0028035385
36,10,0.0,0.0027940823
36,11,0.168727135504507,0.0016778172
36,12,0.0,0.0027290685
36,13,0.0,0.0022307313
36,14,0.0,0.0023018802
36,15,0.0,0.0014904751
36,16,0.0,0.0035685664
36,17,0.0,0.0015749466
36,18,0.0,0.0024999292
36,19,0.0,0.002359616
36,20,0.0,0.0018491521
36,21,0.0,0.001766183
36,22,0.0,0.0031749983
36,23,0.0,0.0035689091
36,24,0.0,0.002200203
36,25,0.0,0.0023640133
36,26,0.0,0.0028022714
36,27,0.0,0.0025880728
36,28,0.0,0.0027713706
36,29,0.0,0.001571212
36,30,0.0,0.0019736616
36,31,0.0,0.002976058
36,32,0.0,0.0029668333
36,33,0.0,0.002201552
36,34,0.0,0.001660055
36,35,0.0,0.0035292176
36,36,-0.584091317141429,0.030703487
36,37,0.0,0.0014786576
36,38,0.0,0.0023762677
36,39,0.0,0.0014881794
36,40,0.0,0.0025248001
36,41,0.0,0.0031297295
36,42,0.0,0.002149044
36,43,0.0,0.0020538871
36,44,0.157092371366769,0.0026434972
36,45,0.0,0.0035888716
36,46,0.0,0.0027392353
36,47,0.0,0.0023808498
36,48,-0.156217594354095,0.0014983048
36,49,0.0,0.0024435068
36,50,0.0,0.0024239528
36,51,0.0,0.0021273135
36,52,0.0,0.0025739977
36,53,0.0,0.0014923722
36,54,0.0,0.002303836
36,55,0.0,0.0026950683
36,56,0.0,0.002295081
36,57,0.0,0.001650447
36,58,0.0,0.0028471723
36,59,0.0,0.0028656432
36,60,0.0,0.0023476458
36,61,0.0,0.0021503894
36,62,0.0,0.0030226987
36,63,0.0,0.0018156297
36,64,0.0,0.0023124781
36,65,0.0,0.0026054475
36,66,0.0,0.0025765505
36,67,0.0,0.0015311781
36,68,-0.160545107204861,0.00188147
36,69,0.0,0.0027743084
36,70,0.0,0.0024723583
36,71,0.163322619411851,0.001484755
36,72,0.0,0.002425572
36,73,0.0,0.0033248235
36,74,0.0,0.002282634
36,75,0.0,0.0014913785
36,76,0.0,0.0020633927
36,77,0.0,0.0017247004
36,78,0.164443597753557,0.0020713108
36,79,0.0,0.0026003225
36,80,0.0,0.0025701076
36,81,0.0,0.0024109753
36,82,0.0,0.0019840202
36,83,0.0,0.0025336281
36,84,0.0,0.0028267968
36,85,0.0,0.0021713153
36,86,0.0,0.0034858282
36,87,0.167494675286613,0.0030568382
36,88,0.0,0.002392761
36,89,0.0,0.0021596658
36,90,0.0,0.001494295
36,91,0.0,0.0027732328
36,92,0.0,0.0015760115
36,93,0.0,0.0027031042
36,94,0.0,0.0025005955
36,95,0.0,0.0030480633
36,96,0.0,0.0023073875
36,97,0.0,0.0022377106
36,98,0.155595813705272,0.002146094
36,99,0.154441457447945,0.002432885
36,100,0.150709186865492,0.0017897733
36,101,0.0,0.0017841458
36,102,0.0,0.0022753961
36,103,0.0,0.002207168
36,104,0.149955337802819,0.0020129024
36,105,0.164363158755938,0.0016877237
36,106,0.0,0.0027525974
36,107,0.154481036686713,0.0021065604
36,108,0.0,0.002610465
36,109,0.0,0.001894772
36,110,0.0,0.0021326141
36,111,0.0,0.0017146692
36,112,0.0,0.0025855368
36,113,0.0,0.0027369317
36,114,0.0,0.0022340938
36,115,0.0,0.0024401955
36,116,0.0,0.001755665
36,117,0.0,0.0015144078
36,118,-0.161891815527527,0.0019475194
36,119,0.0,0.0025423267
36,120,0.0,0.0030063866
36,121,0.0,0.0033923397
36,122,0.0,0.0015481049
36,123,0.0,0.003506991
36,124,0.0,0.002064778
36,125,0.0,0.0014825729
36,126,0.0,0.0016268212
36,127,-0.15451586896614,0.0015716064
36,128,0.0,0.0035902616
36,129,0.0,0.0015596915
36,130,0.0,0.0022095959
36,131,0.0,0.0023762705
36,132,0.0,0.0024720174
36,133,0.0,0.0021920502
36,134,0.0,0.0016576634
36,135,0.0,0.0026044166
36,136,0.0,0.0026576687
36,137,0.0,0.0017691925
36,138,-0.171184342837132,0.0020712027
36,139,0.0,0.0030792812
36,140,0.0,0.002086958
36,141,0.0,0.0023766584
36,142,0.0,0.0021009683
36,143,0.0,0.0014781766
36,144,-0.166652267039988,0.0022464325
36,145,0.0,0.0021338863
36,146,0.0,0.0017004777
36,147,0.0,0.0036103013
36,148,0.0,0.0018120641
36,149,0.0,0.0017253049
36,150,0.0,0.0026662643
36,151,0.0,0.0025715278
36,152,0.0,0.003633127
36,153,0.0,0.00269411
36,154,0.0,0.0014637876
36,155,0.0,0.0025505684
36,156,0.0,0.0024265237
36,157,0.0,0.0026164767
36,158,0.0,0.0035306024
36,159,0.0,0.0021449435
36,160,0.0,0.002530587
36,161,0.0,0.0023079328
36,162,0.0,0.002122505
36,163,0.0,0.0032149437
36,164,0.0,0.0022655763
36,165,0.0,0.0030998592
36,166,0.0,0.0018628472
36,167,0.0,0.0015010377
36,168,0.0,0.0027835285
36,169,0.0,0.0020329687
36,170,-0.156782335912054,0.0020260834
36,171,0.0,0.0027749618
36,172,0.0,0.002669802
36,173,0.0,0.0024565626
36,174,0.0,0.0024936725
36,175,0.0,0.0032158648
36,176,0.0,0.0015217294
36,177,0.0,0.0015886752
36,178,0.0,0.0018136469
36,179,0.0,0.0023078998
36,180,0.0,0.0023312871
36,181,0.0,0.0022103135
36,182,0.0,0.0022691744
36,183,0.0,0.0036194893
36,184,0.0,0.001490396
36,185,0.156720424516179,0.0022048093
36,186,0.0,0.002415394
36,187,0.0,0.0014848923
36,188,0.0,0.0024307403
36,189,0.0,0.0026568696
36,190,0.0,0.0014922973
36,191,0.0,0.0027565407
36,192,0.0,0.0024137953
36,193,0.0,0.0015131743
36,194,0.0,0.0024608239
36,195,0.0,0.0022940394
36,196,0.0,0.003067986
36,197,0.0,0.0027564447
36,198,0.0,0.002292083
36,199,0.0,0.0015741913
36,200,0.149870488536214,0.0030142167
36,201,0.0,0.0018288172
36,202,0.0,0.0026359563
36,203,0.0,0.0026757736
36,204,0.0,0.0017380328
36,205,0.0,0.0022857608
36,206,0.0,0.0016787071
36,207,0.0,0.0014920561
36,208,0.0,0.0026737954
36,209,0.0,0.0015830724
36,210,0.0,0.0023285686
36,211,0.0,0.0022284696
36,212,0.0,0.0019907416
36,213,0.0,0.0027021533
36,214,0.0,0.0015773936
36,215,0.0,0.002577724
36,216,-0.147835062992566,0.002392217
36,217,0.0,0.0036101933
36,218,0.0,0.0015170705
36,219,0.0,0.0034234244
36,220,0.0,0.0021924833
36,221,0.0,0.0016362243
36,222,0.0,0.0026051402
36,223,0.0,0.0015163645
36,224,0.0,0.0014984519
36,225,0.0,0.0028209323
36,226,0.0,0.0032564579
36,227,0.0,0.0014942158
36,228,0.0,0.002612703
36,229,0.0,0.0021356656
36,230,0.0,0.0026991349
36,231,0.0,0.0015521501
36,232,0.0,0.0023914194
36,233,0.0,0.0033015525
36,234,0.0,0.0018813433
36,235,0.146420079501281,0.0014787992
36,236,0.0,0.0014741928
36,237,-0.150386831720297,0.0025992305
36,238,0.0,0.0027798563
36,239,0.0,0.0027172873
36,240,0.0,0.0027668234
36,241,0.0,0.0025863615
36,242,0.162481490621129,0.0017994321
36,243,0.0,0.0024053147
36,244,0.0,0.0030973493
36,245,0.0,0.0014901729
36,246,0.0,0.0031465236
36,247,0.0,0.0025081811
36,248,0.0,0.00344908
36,249,0.0,0.0021588062
36,250,0.0,0.0028116181
36,251,0.0,0.0015629428
36,252,0.0,0.0020108502
36,253,0.0,0.0015485277
36,254,0.154189030436213,0.0014790879
36,255,0.0,0.0024797413
36,256,0.0,0.0017669778
36,257,0.0,0.003276274
36,258,0.0,0.0036324384
36,259,0.0,0.00265414
36,260,0.0,0.0022128765
36,261,0.0,0.003474908
36,262,0.0,0.0023629186
36,263,0.0,0.0018694159
36,264,0.0,0.002044811
36,265,-0.159940496696408,0.003559804
36,266,0.0,0.0024400754
36,267,0.0,0.0018574279
36,268,0.0,0.0026954338
37,1,0.0,0.0015396094
37,2,0.0,0.0023078062
37,3,0.0,0.0026915665
37,4,0.145942400615812,0.0022735978
37,5,0.0,0.0027557774
37,6,0.0,0.0022413693
37,7,0.0,0.0018003685
37,8,0.0,0.0027313214
37,9,0.0,0.0024047373
37,10,0.0,0.0027908469
37,11,0.0,0.0027766158
37,12,0.0,0.0024504652
37,13,0.0,0.0034853444
37,14,0.0,0.0014944607
37,15,0.0,0.0023430567
37,16,0.0,0.0024917834
37,17,0.0,0.0032161796
37,18,0.0,0.002595351
37,19,0.0,0.0024587815
37,20,0.0,0.0014734329
37,21,0.0,0.002427584
37,22,0.0,0.001491955
37,23,0.142192689314766,0.003076356
37,24,0.0,0.0031868923
37,25,0.0,0.0027754628
37,26,0.0,0.0019123848
37,27,0.0,0.0016710986
37,28,0.0,0.0016981144
37,29,0.0,0.0016340748
37,30,0.0,0.0015726616
37,31,0.0,0.002546065
37,32,0.0,0.0014787852
37,33,0.0,0.0022078925
37,34,0.0,0.0014941073
37,35,0.0,0.0018564588
37,36,0.0,0.0014786576
37,37,0.0,0.030703487
37,38,0.0,0.0030966145
37,39,0.144854628094398,0.0016943133
37,40,0.0,0.0025410554
37,41,0.0,0.0023946092
37,42,0.0,0.0014576069
37,43,0.0,0.0035222704
37,44,0.0,0.002610967
37,45,0.0,0.0033462732
37,46,0.0,0.0025979262
37,47,0.0,0.001471974
37,48,0.0,0.0024753138
37,49,0.0,0.002391636
37,50,0.152957342878723,0.0022814102
37,51,0.0,0.0015508775
37,52,0.0,0.00189783
37,53,0.0,0.0015250742
37,54,0.0,0.0014589122
37,55,0.0,0.0016384432
37,56,0.0,0.0029949206
37,57,0.0,0.0025734045
37,58,0.0,0.0016866578
37,59,0.0,0.0015572766
37,60,0.0,0.0023508156
37,61,0.0,0.0046327775
37,62,0.0,0.0026085088
37,63,-0.141677752056659,0.0023693289
37,64,0.0,0.0016448013
37,65,0.0,0.0025107618
37,66,0.0,0.0020011524
37,67,0.0,0.0021887505
37,68,0.0,0.002748339
37,69,0.0,0.002200162
37,70,0.0,0.0014898265
37,71,0.0,0.0024067424
37,72,0.0,0.0015485054
37,73,0.0,0.002472247
37,74,0.0,0.0036731483
37,75,0.0,0.0026134937
37,76,-0.153244867776663,0.0015495466
37,77,0.0,0.0023755427
37,78,0.0,0.0022437847
37,79,0.0,0.0018695449
37,80,0.0,0.0014765239
37,81,0.0,0.0025794604
37,82,0.0,0.0023198747
37,83,0.0,0.0025964002
37,84,0.0,0.0025299336
37,85,0.0,0.0032385676
37,86,0.0,0.0014958675
37,87,0.0,0.0023632576
37,88,0.0,0.0025713095
37,89,0.15264807130509,0.0032849791
37,90,0.0,0.0014806921
37,91,0.0,0.00254968
37,92,0.0,0.0027116179
37,93,0.0,0.0017890157
37,94,0.0,0.0026738895
37,95,0.0,0.0014921031
37,96,0.0,0.0027330955
37,97,0.0,0.0026294296
37,98,0.0,0.0021422096
37,99,0.0,0.0014858646
37,100,0.0,0.0016927212
37,101,0.156375430093357,0.0014891499
37,102,0.0,0.0014831461
37,103,0.0,0.0017275601
37,104,0.0,0.002433808
37,105,0.0,0.002626848
37,106,0.0,0.0019849231
37,107,0.0,0.0015074508
37,108,0.0,0.002847123
37,109,0.0,0.0014938591
37,110,0.0,0.0015792865
37,111,0.0,0.0014929222
37,112,0.0,0.0014924025
37,113,0.0,0.0026086597
37,114,0.0,0.0019840184
37,115,0.0,0.0023446633
37,116,0.0,0.0016680486
37,117,0.0,0.0015184633
37,118,0.0,0.003043015
37,119,-0.16728464010438,0.0014816467
37,120,0.0,0.0028038132
37,121,0.0,0.0042697517
37,122,0.0,0.0021789852
37,123,0.0,0.0019059307
37,124,0.0,0.0017373981
37,125,0.0,0.0031406675
37,126,0.0,0.0019286694
37,127,0.0,0.0016318848
37,128,0.0,0.0023318962
37,129,0.0,0.002445708
37,130,-0.155001539144926,0.0036290805
37,131,0.0,0.0018200744
37,132,0.0,0.002015925
37,133,0.0,0.0017921198
37,134,0.0,0.0027861865
37,135,0.0,0.0020795944
37,136,0.0,0.0022794302
37,137,0.0,0.0021176715
37,138,0.0,0.002825249
37,139,0.0,0.0027594059
37,140,0.0,0.0025149416
37,141,0.0,0.0023853206
37,142,0.0,0.0014614165
37,143,0.0,0.0025817868
37,144,-0.159576988022434,0.0027116588
37,145,0.0,0.0035339622
37,146,0.0,0.0018560276
37,147,0.0,0.0024565598
37,148,0.0,0.0022006026
37,149,0.0,0.0034865565
37,150,0.0,0.002577194
37,151,0.0,0.0022364636
37,152,-0.154746303222032,0.0014884095
37,153,0.0,0.0024666125
37,154,0.0,0.0016742605
37,155,0.0,0.0022938875
37,156,0.0,0.0035554562
37,157,0.0,0.0025290586
37,158,0.0,0.0035979487
37,159,0.0,0.0017844057
37,160,0.0,0.0014910675
37,161,0.0,0.0016534021
37,162,0.0,0.00392026
37,163,0.0,0.0017567216
37,164,0.0,0.0017399518
37,165,0.0,0.003266871
37,166,0.0,0.0016168337
37,167,0.150842826087002,0.0014905729
37,168,0.149860587862515,0.0025584595
37,169,0.0,0.0014592372
37,170,0.0,0.0023637535
37,171,0.0,0.0023759278
37,172,0.0,0.0017926497
37,173,0.0,0.0020915214
37,174,0.0,0.0014901496
37,175,0.0,0.001852083
37,176,0.0,0.0015600338
37,177,0.0,0.0014575077
37,178,0.0,0.0017955867
37,179,0.0,0.002551429
37,180,0.0,0.0015593888
37,181,0.0,0.0024525817
37,182,0.0,0.0014635772
37,183,0.149441514150319,0.0018322235
37,184,0.0,0.002321913
37,185,0.0,0.0027115531
37,186,0.0,0.002397941
37,187,0.0,0.00306369
37,188,0.0,0.0027837157
37,189,0.151185434494956,0.0014605867
37,190,0.0,0.0033517978
37,191,0.0,0.0020180661
37,192,0.0,0.0014866823
37,193,0.0,0.0014694929
37,194,0.0,0.0022747843
37,195,0.0,0.003454261
37,196,0.0,0.0025041085
37,197,0.0,0.0014895508
37,198,0.0,0.0014795605
37,199,0.0,0.0027519707
37,200,0.0,0.0023791366
37,201,0.0,0.0027363752
37,202,0.0,0.00237568
37,203,0.0,0.0026322044
37,204,-0.161569046820475,0.0017157318
37,205,0.0,0.001493433
37,206,0.0,0.002175699
37,207,0.0,0.001493521
37,208,0.0,0.0026034615
37,209,0.0,0.003615473
37,210,0.0,0.0025200187
37,211,0.144383161787782,0.002430942
37,212,0.0,0.0022999044
37,213,0.0,0.002150542
37,214,0.0,0.0014830227
37,215,0.0,0.0016062702
37,216,0.0,0.002483395
37,217,0.0,0.003119661
37,218,0.0,0.0014906237
37,219,-0.158978783269453,0.0021352074
37,220,0.0,0.003551009
37,221,0.0,0.0022932785
37,222,0.154716235129237,0.0015001604
37,223,0.0,0.0018141
37,224,0.0,0.0014967062
37,225,0.0,0.0014967322
37,226,0.0,0.0014915811
37,227,0.0,0.002471705
37,228,0.0,0.0019107703
37,229,0.0,0.0019427501
37,230,0.0,0.0023149354
37,231,0.0,0.0018037613
37,232,0.0,0.0024155532
37,233,-0.146128140532539,0.0023205597
37,234,0.0,0.0019897735
37,235,0.0,0.0024954905
37,236,0.0,0.0029301075
37,237,0.0,0.0031208792
37,238,0.143092511306019,0.0015928047
37,239,0.0,0.0020073946
37,240,0.0,0.0027737296
37,241,0.0,0.0023798165
37,242,0.0,0.0026203897
37,243,0.0,0.0035669869
37,244,0.0,0.0035174247
37,245,0.0,0.002611022
37,246,0.0,0.0017101532
37,247,0.0,0.001493718
37,248,0.0,0.002254771
37,249,0.0,0.0023681922
37,250,0.0,0.0015786653
37,251,0.0,0.0016226117
37,252,0.0,0.0019063354
37,253,0.0,0.0028306134
37,254,0.0,0.0015299777
37,255,0.0,0.0016268105
37,256,0.0,0.002932292
37,257,0.0,0.0020060944
37,258,0.0,0.0017068577
37,259,0.0,0.0025219196
37,260,0.0,0.0014784401
37,261,0.149312255247384,0.0014934405
37,262,0.0,0.0016766246
37,263,0.0,0.001739508
37,264,0.0,0.0027703876
37,265,-0.153150168185234,0.0021570385
37,266,0.0,0.0027622324
37,267,-0.151493500642811,0.0031792233
37,268,0.0,0.0021881284
38,1,0.0,0.002693073
38,2,0.0,0.0022266158
38,3,0.0,0.0019667265
38,4,0.150154680439464,0.0021013967
38,5,0.0,0.0025891787
38,6,0.0,0.0034035798
38,7,0.0,0.003526223
38,8,0.0,0.0027462589
38,9,0.0,0.002535473
38,10,0.0,0.00260125
38,11,0.0,0.0024626423
38,12,0.0,0.003157908
38,13,0.0,0.0014599571
38,14,0.0,0.0015854379
38,15,0.0,0.0014857147
38,16,0.0,0.001491745
38,17,0.1526186123929,0.0021975571
38,18,0.147838644773451,0.0026087547
38,19,0.0,0.0021284102
38,20,0.0,0.0027983421
38,21,0.146680259391037,0.0023335349
38,22,0.0,0.0026401998
38,23,0.0,0.003079975
38,24,0.0,0.0026078122
38,25,0.0,0.0027954904
38,26,0.0,0.0032251766
38,27,0.0,0.0026317388
38,28,0.0,0.0024926704
38,29,0.0,0.0017402675
38,30,0.0,0.0016244827
38,31,0.0,0.0016862284
38,32,0.0,0.0021897452
38,33,0.0,0.0033779312
38,34,0.0,0.0027649864
38,35,0.0,0.003088999
38,36,0.0,0.0023762677
38,37,0.0,0.0030966145
38,38,0.0,0.030703487
38,39,-0.153522341755176,0.0014684657
38,40,0.0,0.0024302797
38,41,0.0,0.0023026215
38,42,0.0,0.0027695876
38,43,0.0,0.0026599155
38,44,0.159423868804728,0.0024438673
38,45,0.0,0.0016549253
38,46,0.0,0.0029491154
38,47,0.0,0.0023848042
38,48,0.0,0.0014662715
38,49,0.0,0.0028744796
38,50,0.0,0.0024365243
38,51,0.0,0.0024411632
38,52,0.0,0.0016744738
38,53,0.160580271669452,0.0015617823
38,54,-0.177350354182681,0.0014917543
38,55,0.0,0.0030240724
38,56,0.0,0.0020121168
38,57,0.0,0.002420228
38,58,0.0,0.0032620658
38,59,0.0,0.0019794614
38,60,0.151449595721603,0.0026043598
38,61,0.0,0.0024167104
38,62,0.0,0.0023548044
38,63,0.0,0.0033881469
38,64,0.0,0.0018362701
38,65,0.0,0.001716713
38,66,0.165771659627882,0.0036332766
38,67,0.0,0.0016938667
38,68,0.0,0.0026895967
38,69,0.0,0.0025913063
38,70,0.0,0.0015028547
38,71,0.0,0.0014988976
38,72,0.0,0.0015135426
38,73,0.0,0.0025104983
38,74,0.0,0.0023285272
38,75,0.0,0.0027132733
38,76,0.0,0.0035508578
38,77,0.0,0.0017399606
38,78,-0.166884198933078,0.0022832695
38,79,0.0,0.001830407
38,80,0.0,0.0024057082
38,81,0.154873220000563,0.0025505712
38,82,0.0,0.0032127765
38,83,0.0,0.0026919134
38,84,0.0,0.0033353213
38,85,0.0,0.00314673
38,86,0.0,0.0016728058
38,87,0.0,0.0022344664
38,88,0.0,0.0015677307
38,89,0.0,0.002419639
38,90,0.0,0.0014759405
38,91,0.0,0.0019863956
38,92,0.0,0.0019351314
38,93,0.0,0.0028073154
38,94,0.150507946562745,0.003176114
38,95,0.0,0.002503797
38,96,0.0,0.0023858068
38,97,0.0,0.0020091026
38,98,0.0,0.0020745164
38,99,0.0,0.0030174097
38,100,0.0,0.002766966
38,101,0.0,0.002590511
38,102,-0.15088787315331,0.0027792524
38,103,0.159172209303341,0.0025519873
38,104,0.152180910457008,0.0034188684
38,105,0.0,0.0029555461
38,106,0.0,0.0027688108
38,107,0.0,0.0026814896
38,108,0.0,0.0036240858
38,109,0.0,0.0026539108
38,110,0.156829955790308,0.0017664027
38,111,0.0,0.0026119528
38,112,0.0,0.002461237
38,113,0.0,0.0027253847
38,114,0.0,0.0020699538
38,115,0.0,0.0032862728
38,116,0.0,0.0015729982
38,117,0.0,0.0024449555
38,118,0.0,0.0028835507
38,119,0.0,0.0020346483
38,120,0.0,0.0023276065
38,121,0.0,0.0021824855
38,122,0.159429137210465,0.0024161977
38,123,0.0,0.0034311353
38,124,0.0,0.0020535002
38,125,0.0,0.0027197958
38,126,0.0,0.002510203
38,127,0.0,0.0032360028
38,128,0.0,0.0019369735
38,129,0.0,0.002315349
38,130,-0.164276416834112,0.0026361537
38,131,-0.162530937778758,0.0027899896
38,132,0.0,0.0025622202
38,133,0.162920931256667,0.0025733407
38,134,0.0,0.0018652375
38,135,0.0,0.003573161
38,136,0.160677661389187,0.0028169607
38,137,0.0,0.0024748063
38,138,0.0,0.001949559
38,139,0.0,0.0026092352
38,140,-0.155289760059782,0.0017419383
38,141,0.0,0.001805718
38,142,0.0,0.0016935924
38,143,0.0,0.0023091817
38,144,0.0,0.0021643154
38,145,0.0,0.0025513605
38,146,0.0,0.0034511313
38,147,0.0,0.0031307857
38,148,0.0,0.0026842947
38,149,0.0,0.0020975056
38,150,0.0,0.0017393134
38,151,0.0,0.0015441831
38,152,0.0,0.002552257
38,153,0.0,0.0016398584
38,154,0.0,0.0021132273
38,155,0.0,0.0021891533
38,156,0.0,0.0021928633
38,157,0.0,0.0025119907
38,158,-0.156299650023414,0.002681991
38,159,0.0,0.0026142136
38,160,0.0,0.0025011925
38,161,0.0,0.0026861513
38,162,0.0,0.002423009
38,163,0.0,0.002757105
38,164,0.0,0.0022751205
38,165,0.0,0.0029030447
38,166,0.0,0.0014782436
38,167,0.0,0.0025267713
38,168,0.0,0.001950583
38,169,0.147733431159704,0.0030000946
38,170,0.0,0.0035732188
38,171,0.0,0.0024854033
38,172,0.0,0.002283778
38,173,0.0,0.0018345676
38,174,0.0,0.0027563563
38,175,0.0,0.002396253
38,176,0.0,0.0021387432
38,177,0.0,0.0026568137
38,178,0.0,0.0020643575
38,179,0.0,0.003567473
38,180,0.0,0.0022869715
38,181,0.0,0.0026712827
38,182,-0.165513700222475,0.001592496
38,183,0.0,0.0026046936
38,184,0.0,0.0026925951
38,185,0.0,0.0014956472
38,186,0.0,0.0025674058
38,187,0.0,0.0020441082
38,188,0.0,0.0014880365
38,189,0.0,0.0023256084
38,190,0.0,0.0028817295
38,191,0.154068700815466,0.0032261168
38,192,0.0,0.0014918041
38,193,0.0,0.0026252936
38,194,0.0,0.0023521734
38,195,0.0,0.0025745137
38,196,0.0,0.0023711836
38,197,0.0,0.0019534933
38,198,-0.147349394959038,0.0028208299
38,199,0.0,0.0023571383
38,200,0.0,0.0023792167
38,201,0.14757042790299,0.001467126
38,202,0.0,0.0033903928
38,203,0.0,0.0024181632
38,204,0.0,0.0031617698
38,205,0.0,0.0024780966
38,206,0.0,0.0025428492
38,207,0.0,0.00204169
38,208,0.0,0.0034874603
38,209,0.0,0.0030314773
38,210,0.0,0.0015334459
38,211,0.0,0.0026092883
38,212,0.0,0.0028881095
38,213,0.0,0.00272654
38,214,0.0,0.003557125
38,215,0.0,0.0028716167
38,216,0.0,0.0023433976
38,217,0.151714225206637,0.0016885065
38,218,0.0,0.0025013788
38,219,0.0,0.0022218325
38,220,0.0,0.0016971622
38,221,0.0,0.0027395664
38,222,0.0,0.0015062466
38,223,0.0,0.002788023
38,224,0.0,0.0015053973
38,225,0.0,0.0014943136
38,226,0.0,0.0033521997
38,227,0.0,0.002565422
38,228,0.0,0.0022355723
38,229,0.0,0.0014889017
38,230,0.0,0.0020610555
38,231,0.0,0.0029317439
38,232,0.0,0.0027638152
38,233,0.0,0.0023650285
38,234,0.0,0.0036255862
38,235,0.0,0.0025941422
38,236,0.0,0.0034897798
38,237,0.0,0.0024644793
38,238,0.0,0.002769975
38,239,0.0,0.0023418227
38,240,0.155809884206621,0.0021323161
38,241,0.0,0.0025693104
38,242,0.0,0.0035260725
38,243,0.0,0.0026142495
38,244,0.0,0.0025781346
38,245,0.0,0.0023368043
38,246,0.0,0.002657549
38,247,0.0,0.0035386817
38,248,0.0,0.0027578878
38,249,0.0,0.0023480915
38,250,0.0,0.003426672
38,251,0.0,0.0026121615
38,252,0.0,0.0025399164
38,253,0.0,0.0023284443
38,254,0.0,0.002570332
38,255,0.0,0.0024673417
38,256,0.0,0.0019011684
38,257,0.142373805904436,0.0029375264
38,258,0.0,0.00237372
38,259,0.162303170562353,0.0027537504
38,260,0.0,0.0036121542
38,261,0.0,0.002337825
38,262,0.0,0.002064114
38,263,0.0,0.002715828
38,264,0.0,0.0026152884
38,265,0.0,0.001924126
38,266,0.0,0.0017639659
38,267,0.0,0.001675243
38,268,0.0,0.0014853338
39,1,0.0,0.0014931886
39,2,0.0,0.0017877962
39,3,0.0,0.0018152101
39,4,0.0,0.002325208
39,5,0.0,0.0018366715
39,6,0.0,0.0025013522
39,7,0.0,0.0027764793
39,8,0.0,0.002744575
39,9,0.0,0.002743998
39,10,0.0,0.0022785668
39,11,0.0,0.0032005417
39,12,0.0,0.0019848766
39,13,0.0,0.0014789705
39,14,0.0,0.0014929026
39,15,0.0,0.0014674757
39,16,0.0,0.0019375281
39,17,0.0,0.0024469965
39,18,0.155437194329618,0.0018789312
39,19,0.0,0.0035972688
39,20,0.0,0.0025518043
39,21,0.0,0.0022952892
39,22,0.0,0.0016325926
39,23,0.0,0.0028721387
39,24,0.0,0.0027728816
39,25,0.0,0.0036178422
39,26,0.0,0.0031955712
39,27,0.0,0.0030937218
39,28,0.0,0.0018519568
39,29,0.0,0.002601467
39,30,0.0,0.002034545
39,31,0.0,0.0025239582
39,32,0.149308976235735,0.0035345196
39,33,0.0,0.0017154561
39,34,0.0,0.00257394
39,35,0.0,0.0025915839
39,36,0.0,0.0014881794
39,37,0.0,0.0016943133
39,38,0.0,0.0014684657
39,39,0.0,0.030703487
39,40,0.0,0.0024668942
39,41,0.0,0.002770335
39,42,0.0,0.0032389266
39,43,0.0,0.0020858333
39,44,0.0,0.0020326627
39,45,0.0,0.0024656826
39,46,0.0,0.0031251735
39,47,0.0,0.0034068902
39,48,0.0,0.0032193386
39,49,0.0,0.003187946
39,50,0.0,0.0030664848
39,51,0.0,0.0014991197
39,52,0.0,0.0022863299
39,53,0.0,0.002058613
39,54,0.0,0.003546467
39,55,0.0,0.0027212296
39,56,0.0,0.0035026744
39,57,0.0,0.003533844
39,58,0.0,0.0015800162
39,59,0.0,0.0017127916
39,60,0.0,0.002628412
39,61,0.0,0.0014861184
39,62,0.0,0.001857304
39,63,0.0,0.0026271488
39,64,0.0,0.0016249232
39,65,0.0,0.0016534538
39,66,0.0,0.0020145737
39,67,0.145221112608665,0.0014665863
39,68,0.0,0.0030294424
39,69,0.0,0.0024148566
39,70,0.0,0.0025505964
39,71,0.0,0.0014872272
39,72,0.0,0.00278955
39,73,0.0,0.0014931718
39,74,0.0,0.0014930232
39,75,0.0,0.0023484384
39,76,0.0,0.002492249
39,77,0.0,0.0030170796
39,78,0.0,0.0027647717
39,79,0.0,0.0028279368
39,80,0.0,0.0018178234
39,81,0.0,0.0022004424
39,82,0.0,0.001488654
39,83,0.0,0.0024457113
39,84,0.0,0.0014763381
39,85,0.0,0.002511994
39,86,-0.154996932290577,0.0020921216
39,87,0.0,0.0027607456
39,88,0.0,0.0027811727
39,89,0.0,0.003607877
39,90,0.0,0.0014867489
39,91,0.0,0.0035228482
39,92,0.0,0.0022764057
39,93,0.0,0.0015091682
39,94,0.0,0.0015641106
39,95,0.0,0.0021279487
39,96,0.0,0.0015748437
39,97,0.0,0.003509249
39,98,0.0,0.0024233279
39,99,0.0,0.0021008416
39,100,0.0,0.0033406704
39,101,0.0,0.0018951013
39,102,0.0,0.0016109007
39,103,0.0,0.00249004
39,104,0.0,0.0022591292
39,105,-0.155530392055284,0.002110362
39,106,0.0,0.0015588589
39,107,0.0,0.0022310368
39,108,0.0,0.0028518066
39,109,0.0,0.0026932005
39,110,-0.146231710226026,0.0027695596
39,111,0.0,0.0017588176
39,112,0.0,0.0018178318
39,113,0.138008950036459,0.0034870785
39,114,0.0,0.0027677212
39,115,0.0,0.0025713113
39,116,0.0,0.001485928
39,117,0.0,0.002662424
39,118,0.0,0.0025220606
39,119,0.0,0.0022824137
39,120,0.0,0.00247805
39,121,0.0,0.0029863836
39,122,0.0,0.0024254196
39,123,0.0,0.002590904
39,124,0.0,0.0019947053
39,125,0.0,0.0023599085
39,126,0.0,0.0020282674
39,127,0.0,0.0015862565
39,128,0.0,0.0021963008
39,129,0.0,0.0030855522
39,130,0.0,0.0020927181
39,131,0.0,0.0024822126
39,132,0.0,0.00306042
39,133,0.151911070109168,0.002398179
39,134,0.0,0.0019211718
39,135,0.0,0.0025992664
39,136,0.0,0.0027822084
39,137,0.0,0.0025980314
39,138,0.0,0.0014779544
39,139,0.0,0.0020745206
39,140,0.0,0.0015925486
39,141,0.0,0.0027708365
39,142,0.0,0.0029561594
39,143,0.0,0.0023018979
39,144,0.0,0.001971705
39,145,0.0,0.0023818421
39,146,0.0,0.0015926785
39,147,0.0,0.0022923118
39,148,0.0,0.0021906416
39,149,0.0,0.0015664464
39,150,0.0,0.0024934323
39,151,0.0,0.0016885228
39,152,0.0,0.002748128
39,153,0.0,0.0025739963
39,154,0.0,0.0019287849
39,155,0.0,0.003080681
39,156,0.0,0.0014682328
39,157,0.0,0.002134814
39,158,0.0,0.0033226851
39,159,0.0,0.0025156015
39,160,0.0,0.0026130998
39,161,0.0,0.0030037048
39,162,0.0,0.0021286886
39,163,0.0,0.0015438842
39,164,0.0,0.0025660833
39,165,0.0,0.002028259
39,166,0.0,0.0035934825
39,167,0.0,0.002626997
39,168,0.0,0.0033217832
39,169,0.0,0.0016664728
39,170,0.0,0.002394739
39,171,0.0,0.0022663325
39,172,0.0,0.0021771104
39,173,0.0,0.0027354718
39,174,0.0,0.003468025
39,175,0.0,0.0030128881
39,176,0.0,0.0014568949
39,177,0.0,0.0017396989
39,178,0.0,0.0016194526
39,179,0.150545987696355,0.0018385034
39,180,0.0,0.0030892068
39,181,0.0,0.003229666
39,182,0.154328625085707,0.0045020096
39,183,0.0,0.0017839284
39,184,0.0,0.0023207013
39,185,0.0,0.0015329607
39,186,0.0,0.0030216454
39,187,0.0,0.0025214162
39,188,0.0,0.001468318
39,189,0.0,0.0017246711
39,190,0.0,0.003625906
39,191,0.0,0.0036186394
39,192,0.0,0.0026427438
39,193,0.0,0.0019591781
39,194,0.141153057506402,0.0024044686
39,195,0.146756321976362,0.0017406438
39,196,0.0,0.0025755106
39,197,0.0,0.001978966
39,198,0.0,0.0014872393
39,199,0.0,0.0030212859
39,200,0.0,0.0025045853
39,201,0.0,0.0014806902
39,202,0.0,0.0016527111
39,203,0.0,0.0023496333
39,204,0.0,0.002448108
39,205,0.0,0.0035612783
39,206,0.0,0.0015719542
39,207,0.0,0.0022898805
39,208,0.0,0.0027688649
39,209,0.0,0.0025197584
39,210,0.0,0.0032766024
39,211,0.0,0.002473271
39,212,0.0,0.0024375906
39,213,0.0,0.0029531582
39,214,0.0,0.0021501398
39,215,0.0,0.004193818
39,216,0.0,0.0018108529
39,217,0.0,0.0018570088
39,218,0.0,0.0019392609
39,219,0.0,0.0015181247
39,220,0.153872590449088,0.0023531495
39,221,0.0,0.0026968084
39,222,0.0,0.0022022529
39,223,-0.157369144226808,0.001803128
39,224,0.0,0.0014681481
39,225,0.0,0.0024226871
39,226,0.0,0.002843503
39,227,0.0,0.0027695638
39,228,0.0,0.0020754961
39,229,0.161639160070877,0.0024447143
39,230,0.0,0.0015224502
39,231,0.0,0.002580036
39,232,0.0,0.0021291622
39,233,0.0,0.0019924254
39,234,0.0,0.0026139226
39,235,0.0,0.002407562
39,236,0.0,0.0019967454
39,237,0.0,0.0015628082
39,238,0.0,0.0026934077
39,239,0.0,0.002538973
39,240,0.0,0.0027049761
39,241,0.0,0.0015429133
39,242,0.0,0.0020789085
39,243,0.0,0.0022468246
39,244,0.0,0.0035817893
39,245,0.0,0.0027755718
39,246,0.148765178839106,0.0035266955
39,247,0.0,0.0026037064
39,248,0.0,0.002522136
39,249,0.0,0.0018068724
39,250,0.0,0.0022641816
39,251,0.0,0.0031161788
39,252,0.150289732192175,0.001491141
39,253,0.0,0.0015863855
39,254,0.0,0.0023155832
39,255,0.0,0.002571341
39,256,0.0,0.002479359
39,257,0.0,0.0024020956
39,258,0.0,0.0024923757
39,259,0.0,0.0020709592
39,260,0.0,0.0036119008
39,261,0.0,0.0021957923
39,262,0.0,0.0026134183
39,263,0.0,0.0021944419
39,264,0.0,0.0024476675
39,265,0.0,0.002837785
39,266,-0.160114608722443,0.0017081806
39,267,0.0,0.0025347522
39,268,0.0,0.0024178461
40,1,0.0,0.0024266774
40,2,0.0,0.0035745543
40,3,0.0,0.0022834302
40,4,0.0,0.0035391166
40,5,0.0,0.0024047517
40,6,0.0,0.002341989
40,7,0.0,0.002355548
40,8,0.0,0.0034842878
40,9,0.0,0.0032761549
40,10,0.0,0.0024866145
40,11,0.0,0.0025370773
40,12,0.0,0.0023834053
40,13,0.0,0.0014906051
40,14,0.0,0.0023664664
40,15,0.0,0.0022381037
40,16,0.0,0.0034627444
40,17,0.0,0.0025815815
40,18,0.0,0.0023156381
40,19,0.0,0.0026351493
40,20,0.0,0.0026671258
40,21,0.0,0.0019020499
40,22,0.0,0.002856765
40,23,0.0,0.002585684
40,24,0.0,0.0014902726
40,25,0.0,0.0025739856
40,26,0.0,0.0029944158
40,27,0.0,0.0022620177
40,28,0.0,0.002359239
40,29,0.0,0.0023855474
40,30,0.0,0.002770978
40,31,0.0,0.002639053
40,32,0.0,0.002311368
40,33,0.0,0.0023925072
40,34,0.0,0.003504448
40,35,0.0,0.0024928343
40,36,0.0,0.0025248001
40,37,0.0,0.0025410554
40,38,0.0,0.0024302797
40,39,0.0,0.0024668942
40,40,0.0,0.030703487
40,41,0.166087442623349,0.0026600105
40,42,0.0,0.0015368997
40,43,0.0,0.0026136232
40,44,0.0,0.0024808445
40,45,0.165513280881742,0.0028137802
40,46,0.0,0.0033508083
40,47,0.0,0.0032763137
40,48,0.0,0.0016237423
40,49,0.0,0.00265302
40,50,0.0,0.0024266373
40,51,0.0,0.0025946298
40,52,-0.161810048326511,0.0026310575
40,53,0.0,0.0034496048
40,54,0.0,0.0016214857
40,55,0.0,0.002490454
40,56,0.0,0.0024348851
40,57,0.0,0.002455593
40,58,0.0,0.00301224
40,59,0.0,0.0025958554
40,60,0.0,0.0027774097
40,61,-0.157430923585916,0.0025404338
40,62,0.0,0.0029821526
40,63,0.0,0.002374304
40,64,0.0,0.0024077487
40,65,0.0,0.0024709045
40,66,0.0,0.0014932072
40,67,0.0,0.002640095
40,68,0.0,0.0029322398
40,69,0.0,0.0024377825
40,70,0.0,0.0026097614
40,71,0.0,0.0034760023
40,72,0.0,0.0026348247
40,73,0.0,0.0035218517
40,74,-0.180430563493853,0.0026631318
40,75,0.0,0.0026349798
40,76,0.0,0.0014990657
40,77,0.0,0.002294378
40,78,0.0,0.002359177
40,79,0.0,0.0024716235
40,80,0.0,0.002647934
40,81,0.0,0.0023150984
40,82,0.0,0.0032279366
40,83,0.0,0.0026665996
40,84,0.0,0.0027588867
40,85,0.0,0.0025255815
40,86,0.0,0.0020360234
40,87,0.0,0.0016794549
40,88,0.0,0.0017409474
40,89,-0.172208044120243,0.0034957766
40,90,0.0,0.0030615
40,91,0.0,0.002623131
40,92,0.167491579593379,0.002323063
40,93,0.172289038384237,0.0026094415
40,94,0.0,0.0027796635
40,95,0.0,0.002169529
40,96,0.0,0.0017410452
40,97,0.0,0.0025772313
40,98,0.0,0.0035179844
40,99,0.0,0.0030818838
40,100,0.0,0.0023946436
40,101,0.0,0.0015332005
40,102,0.0,0.002817479
40,103,0.0,0.0016609649
40,104,0.0,0.0029566786
40,105,0.0,0.0027355077
40,106,0.0,0.002494121
40,107,0.0,0.0022106734
40,108,0.0,0.0024976386
40,109,0.0,0.003601462
40,110,0.0,0.0023285672
40,111,0.0,0.002349855
40,112,0.0,0.0031227977
40,113,0.0,0.0016050432
40,114,0.0,0.0035437243
40,115,0.0,0.0028693415
40,116,0.0,0.0018705977
40,117,0.0,0.0034766537
40,118,0.0,0.003481654
40,119,0.0,0.0016854759
40,120,0.164250655683507,0.002534049
40,121,0.0,0.0035348637
40,122,0.0,0.0026808372
40,123,0.0,0.0014919182
40,124,0.0,0.0025712955
40,125,0.0,0.002771995
40,126,0.0,0.0023672422
40,127,0.166914566593134,0.0024862401
40,128,0.0,0.00298884
40,129,-0.165833977900896,0.0021890323
40,130,0.0,0.0035382714
40,131,0.173005114851434,0.0024272418
40,132,0.0,0.002238505
40,133,0.0,0.0033572474
40,134,0.0,0.0034558084
40,135,-0.194716446750928,0.003207367
40,136,0.0,0.002451716
40,137,0.0,0.0027405848
40,138,0.0,0.0027815374
40,139,0.0,0.003610381
40,140,0.0,0.0024206047
40,141,0.164321022533868,0.0028597312
40,142,0.0,0.002800176
40,143,0.0,0.0024920516
40,144,0.0,0.003029482
40,145,0.0,0.0027118968
40,146,0.0,0.002146327
40,147,0.169990673857673,0.0023647384
40,148,0.0,0.0024015582
40,149,0.0,0.0021430012
40,150,0.0,0.002313611
40,151,0.0,0.0026146309
40,152,0.0,0.0018153251
40,153,0.0,0.0025828928
40,154,0.0,0.0025505694
40,155,0.0,0.0018318249
40,156,0.0,0.0026229043
40,157,0.0,0.0025659064
40,158,0.0,0.0031873966
40,159,0.0,0.0014895843
40,160,0.0,0.002508576
40,161,0.0,0.0016206196
40,162,0.0,0.0026576733
40,163,0.0,0.0025401078
40,164,0.0,0.0016951384
40,165,0.0,0.0022089416
40,166,0.0,0.002800155
40,167,0.0,0.001633984
40,168,0.0,0.0026893392
40,169,0.0,0.0027412386
40,170,0.0,0.0023962026
40,171,0.0,0.002511622
40,172,0.0,0.003473917
40,173,0.0,0.0028285068
40,174,0.0,0.002163426
40,175,0.0,0.0017953524
40,176,0.0,0.0027769199
40,177,0.0,0.0023632278
40,178,0.0,0.0022097481
40,179,0.0,0.002860126
40,180,0.0,0.0029385001
40,181,0.0,0.002629527
40,182,0.0,0.002305178
40,183,0.0,0.002010948
40,184,0.0,0.0028263973
40,185,-0.169296020592825,0.002414206
40,186,0.0,0.0022107968
40,187,0.0,0.0023329933
40,188,0.0,0.0026716236
40,189,0.0,0.0023066774
40,190,-0.173602403319267,0.0030981111
40,191,0.0,0.0025651166
40,192,0.0,0.0018295678
40,193,0.0,0.002556994
40,194,0.0,0.0035841875
40,195,0.0,0.0027865795
40,196,0.0,0.0023154188
40,197,0.0,0.002635113
40,198,0.0,0.0030421838
40,199,0.0,0.0026744036
40,200,0.0,0.0024865977
40,201,0.0,0.003099164
40,202,0.0,0.002059536
40,203,0.0,0.0024527884
40,204,0.0,0.0035487874
40,205,0.0,0.003500347
40,206,0.0,0.002552894
40,207,0.0,0.0036115865
40,208,0.0,0.001701226
40,209,0.0,0.0027184575
40,210,0.0,0.0019195345
40,211,0.0,0.0023909765
40,212,0.0,0.0023389831
40,213,0.0,0.0023267297
40,214,-0.175901217264263,0.003136849
40,215,0.0,0.0022686217
40,216,0.0,0.0024881838
40,217,0.0,0.0027341838
40,218,0.0,0.003175788
40,219,0.0,0.0023867264
40,220,0.175659494220682,0.0015712213
40,221,0.20124874942003,0.0023149047
40,222,0.0,0.0032361392
40,223,0.0,0.0031254399
40,224,0.0,0.0023256224
40,225,0.0,0.0032158825
40,226,0.0,0.0027723336
40,227,0.0,0.0029866928
40,228,0.0,0.0023380746
40,229,0.0,0.0035084402
40,230,0.0,0.0021336754
40,231,0.167105666163599,0.0027420344
40,232,0.0,0.0025870954
40,233,0.164852664412258,0.0022090496
40,234,0.0,0.002497632
40,235,0.0,0.002496052
40,236,0.0,0.0035335897
40,237,0.0,0.0025027213
40,238,0.0,0.0018419134
40,239,0.0,0.0023539378
40,240,0.0,0.0026385952
40,241,0.0,0.0025796825
40,242,0.0,0.001627245
40,243,0.0,0.0029905844
40,244,0.0,0.0020412593
40,245,0.0,0.0020474028
40,246,0.0,0.002741294
40,247,0.0,0.0015417142
40,248,0.171511299646476,0.002727345
40,249,0.0,0.003589278
40,250,0.168328733918377,0.0024967478
40,251,0.0,0.003631204
40,252,0.0,0.002792803
40,253,0.0,0.0016939039
40,254,0.0,0.0017485837
40,255,-0.161956893073183,0.0027640024
40,256,0.0,0.002482274
40,257,0.0,0.0015484365
40,258,0.0,0.0036320384
40,259,0.0,0.0036318353
40,260,0.0,0.0036176187
40,261,0.0,0.0024341736
40,262,0.0,0.0022214097
40,263,0.0,0.002070203
40,264,0.0,0.0027289395
40,265,-0.172774478539947,0.0024508266
40,266,0.0,0.0027820156
40,267,0.0,0.0023017605
40,268,0.0,0.00242905
41,1,-0.157588667925445,0.0025946773
41,2,0.161486139897089,0.0024566124
41,3,0.0,0.0026085912
41,4,-0.1594518366255,0.002471792
41,5,0.0,0.0035075834
41,6,0.0,0.0026146625
41,7,0.0,0.001649118
41,8,0.0,0.0020846725
41,9,0.0,0.003301789
41,10,0.0,0.0025754957
41,11,-0.161910521055965,0.0027546138
41,12,0.0,0.0027738735
41,13,0.0,0.0023756078
41,14,0.0,0.0017377827
41,15,-0.152497854111352,0.0028265375
41,16,0.0,0.0023728781
41,17,0.0,0.0024668635
41,18,0.0,0.0026350026
41,19,0.0,0.0019610329
41,20,0.0,0.0025669602
41,21,0.0,0.0029378682
41,22,0.0,0.0026637567
41,23,0.0,0.0035784515
41,24,0.144707290732833,0.0018717246
41,25,0.0,0.0018046973
41,26,0.0,0.002529929
41,27,0.0,0.003546394
41,28,0.0,0.0014844108
41,29,0.0,0.0016505858
41,30,0.0,0.0023821802
41,31,0.0,0.0025230735
41,32,0.0,0.003365424
41,33,0.0,0.002898064
41,34,-0.151204607304202,0.0023692101
41,35,0.0,0.0025069085
41,36,0.0,0.0031297295
41,37,0.0,0.0023946092
41,38,0.0,0.0023026215
41,39,-0.159482885653942,0.002770335
41,40,0.0,0.0026600105
41,41,0.82637507095933,0.030703487
41,42,0.0,0.0022727977
41,43,0.0,0.002176091
41,44,0.0,0.0017965739
41,45,0.0,0.0022916067
41,46,0.0,0.0032192948
41,47,0.0,0.0014926204
41,48,0.0,0.002671841
41,49,0.0,0.002313416
41,50,0.0,0.0017624944
41,51,0.0,0.0023481962
41,52,0.0,0.002324022
41,53,0.0,0.003429751
41,54,0.0,0.0029268689
41,55,0.0,0.0025292682
41,56,0.0,0.0036280528
41,57,0.0,0.0032901238
41,58,0.0,0.0023580198
41,59,0.0,0.0016521146
41,60,0.0,0.0018346007
41,61,0.0,0.002685056
41,62,0.0,0.0023466977
41,63,0.0,0.0021747155
41,64,0.0,0.0015922207
41,65,0.0,0.0027345554
41,66,0.0,0.0016127201
41,67,0.0,0.0014661509
41,68,0.0,0.0015319078
41,69,0.0,0.0023833993
41,70,0.0,0.002608919
41,71,0.0,0.0027581593
41,72,0.0,0.0033215396
41,73,0.0,0.0028601037
41,74,0.0,0.0027577928
41,75,0.0,0.0024394668
41,76,0.0,0.0016318187
41,77,0.0,0.0019926447
41,78,0.0,0.0023068832
41,79,0.0,0.0034036543
41,80,0.0,0.0016921218
41,81,0.0,0.00249195
41,82,0.0,0.0016521225
41,83,0.0,0.0027656793
41,84,0.0,0.00307377
41,85,0.0,0.0020908173
41,86,0.0,0.003034072
41,87,0.0,0.0023317854
41,88,0.0,0.0016538729
41,89,0.0,0.002770586
41,90,0.0,0.0024331873
41,91,0.137239878521959,0.0025900537
41,92,0.149116233495791,0.0023171646
41,93,0.0,0.0025968337
41,94,0.0,0.0023314646
41,95,0.0,0.002643771
41,96,0.0,0.0025735907
41,97,0.152725596744119,0.0027506207
41,98,-0.149641139153466,0.0027418188
41,99,0.0,0.0023437552
41,100,0.0,0.002509585
41,101,0.0,0.002776565
41,102,0.0,0.0028329492
41,103,0.0,0.002957102
41,104,0.0,0.0020309282
41,105,0.0,0.002132915
41,106,0.0,0.0024448154
41,107,0.0,0.0016327468
41,108,0.0,0.0018263953
41,109,0.0,0.0024223863
41,110,0.0,0.002840328
41,111,0.0,0.0024424521
41,112,0.0,0.0016754535
41,113,0.0,0.002509439
41,114,0.0,0.0017947885
41,115,0.0,0.0024586576
41,116,0.0,0.002267473
41,117,-0.150594625793582,0.0026752348
41,118,0.0,0.00341659
41,119,0.0,0.0021917536
41,120,0.0,0.0024310104
41,121,0.0,0.0017964263
41,122,0.0,0.0027570305
41,123,0.0,0.002129301
41,124,0.0,0.0014923564
41,125,0.0,0.0025992226
41,126,0.0,0.0023349165
41,127,0.0,0.0016176086
41,128,0.0,0.0031551723
41,129,0.0,0.0016401131
41,130,0.0,0.0028133118
41,131,0.0,0.0016772775
41,132,0.0,0.0014932188
41,133,0.0,0.002659232
41,134,0.0,0.0016128304
41,135,0.0,0.0014936496
41,136,0.0,0.0027532377
41,137,0.0,0.0018936973
41,138,0.0,0.0031504962
41,139,0.0,0.0030563204
41,140,0.0,0.001528081
41,141,0.0,0.0020115902
41,142,0.0,0.002703628
41,143,0.0,0.0025077718
41,144,-0.160274460401673,0.0023585674
41,145,0.147849159356833,0.0035976632
41,146,-0.148915863214646,0.0025408622
41,147,0.0,0.0029121004
41,148,0.0,0.0020373436
41,149,0.145016277439715,0.0024231733
41,150,0.0,0.0021224697
41,151,0.0,0.0023361212
41,152,0.0,0.0025270237
41,153,0.0,0.0024491623
41,154,0.0,0.002753593
41,155,0.0,0.0022691553
41,156,0.0,0.002349025
41,157,0.0,0.0035601421
41,158,0.148119710489959,0.0024331915
41,159,0.0,0.0031460808
41,160,0.0,0.0029105153
41,161,0.0,0.0025529661
41,162,0.0,0.0014845878
41,163,0.0,0.0023223963
41,164,0.0,0.0035170238
41,165,0.0,0.0024163518
41,166,0.0,0.0035002558
41,167,0.0,0.0024892166
41,168,0.0,0.002505239
41,169,0.0,0.0027462863
41,170,0.0,0.0035693864
41,171,0.0,0.0027317777
41,172,0.0,0.0034905896
41,173,0.0,0.0024795192
41,174,0.15702323837034,0.0024513789
41,175,0.0,0.0024161302
41,176,0.0,0.0024354886
41,177,0.0,0.0025496017
41,178,0.0,0.0025457563
41,179,0.0,0.0016866969
41,180,0.0,0.0029864102
41,181,0.0,0.0033498695
41,182,0.0,0.0016475939
41,183,0.0,0.001466861
41,184,0.0,0.00258076
41,185,0.0,0.0035648881
41,186,0.0,0.0021412633
41,187,0.0,0.0027568648
41,188,0.0,0.0033192872
41,189,0.0,0.0026121456
41,190,0.0,0.0019586906
41,191,0.146005517970978,0.00261928
41,192,0.0,0.0017008805
41,193,0.140676834198774,0.0019364813
41,194,0.0,0.0022579506
41,195,0.149155450660668,0.0023973607
41,196,0.151079740547002,0.0014928035
41,197,0.0,0.0027223346
41,198,0.0,0.0018554097
41,199,0.0,0.0020602331
41,200,0.0,0.001627258
41,201,0.0,0.0025897324
41,202,0.0,0.002368582
41,203,-0.149780912349874,0.0014919648
41,204,0.0,0.0029516197
41,205,0.0,0.0025345348
41,206,0.0,0.003239605
41,207,0.0,0.002371192
41,208,0.0,0.0017205947
41,209,0.0,0.002435389
41,210,0.0,0.0034115207
41,211,0.0,0.0025154133
41,212,0.0,0.0016575726
41,213,0.0,0.0017715883
41,214,0.0,0.0016447273
41,215,-0.143081661004071,0.002710823
41,216,0.0,0.0024879458
41,217,0.143774263803209,0.003404378
41,218,0.0,0.0017400724
41,219,0.0,0.0025816266
41,220,0.0,0.0032047993
41,221,0.0,0.0027904548
41,222,0.0,0.0017832718
41,223,0.0,0.0036128825
41,224,0.0,0.0025061797
41,225,0.0,0.0022326233
41,226,0.0,0.0025499403
41,227,0.0,0.002619401
41,228,0.0,0.0022946456
41,229,-0.164281588963962,0.0022238288
41,230,0.0,0.002318039
41,231,0.0,0.0019100541
41,232,0.0,0.0023086825
41,233,0.0,0.0033453307
41,234,0.0,0.0027778484
41,235,0.0,0.0026767547
41,236,0.0,0.0020507807
41,237,0.0,0.0023285467
41,238,0.0,0.0014923741
41,239,-0.150598936050704,0.0015596617
41,240,0.0,0.002426228
41,241,0.0,0.001484096
41,242,0.0,0.0014937813
41,243,0.0,0.0021838318
41,244,0.0,0.0019356464
41,245,0.0,0.0015629851
41,246,0.0,0.0021607801
41,247,0.0,0.0025006817
41,248,0.0,0.0022977875
41,249,0.0,0.0014693146
41,250,0.0,0.0020128302
41,251,0.0,0.0015596244
41,252,0.0,0.0024892637
41,253,0.0,0.0023868228
41,254,0.148288193685905,0.0014920691
41,255,0.0,0.0035482836
41,256,0.0,0.0018115588
41,257,0.0,0.0032419167
41,258,0.0,0.0026097284
41,259,0.0,0.0015087812
41,260,0.0,0.0023525343
41,261,0.0,0.00254985
41,262,0.0,0.0025092452
41,263,0.0,0.0026061097
41,264,0.0,0.0024621962
41,265,0.0,0.0022511384
41,266,0.0,0.0024164459
41,267,0.0,0.002445269
41,268,0.0,0.0023772381
42,1,0.0,0.0020150729
42,2,0.0,0.002784518
42,3,0.0,0.0025300626
42,4,-0.146705977330358,0.0025256653
42,5,0.0,0.0024297591
42,6,0.0,0.0033694399
42,7,0.0,0.0028352565
42,8,0.0,0.0023118756
42,9,0.0,0.0033882605
42,10,0.0,0.0027408218
42,11,0.0,0.002342204
42,12,0.0,0.0027496936
42,13,0.0,0.0023346227
42,14,0.0,0.0022457507
42,15,0.0,0.0021983744
42,16,0.0,0.0024426957
42,17,0.0,0.0023500398
42,18,0.0,0.0025186073
42,19,0.0,0.0014929939
42,20,0.0,0.0025249235
42,21,-0.143311355637083,0.0022813817
42,22,0.0,0.0018948046
42,23,0.0,0.002414904
42,24,0.0,0.002161982
42,25,0.0,0.0025945539
42,26,0.0,0.0023637381
42,27,0.141461105689394,0.0025979965
42,28,0.0,0.0021918174
42,29,0.0,0.0027824691
42,30,0.0,0.0015669446
42,31,0.0,0.0027832254
42,32,0.0,0.0017602746
42,33,0.0,0.001516839
42,34,0.0,0.0025310419
42,35,0.0,0.0027165553
42,36,0.154442174334101,0.002149044
42,37,0.0,0.0014576069
42,38,0.0,0.0027695876
42,39,0.0,0.0032389266
42,40,0.0,0.0015368997
42,41,0.0,0.0022727977
42,42,0.107146298512816,0.030703487
42,43,-0.172586143005899,0.0015243599
42,44,0.0,0.002159426
42,45,0.0,0.0018711211
42,46,0.0,0.0027899877
42,47,0.0,0.0014578607
42,48,-0.16370251715366,0.0015884903
42,49,0.0,0.0023300727
42,50,0.0,0.0025703623
42,51,0.0,0.0024830922
42,52,0.0,0.001550857
42,53,0.0,0.0022618482
42,54,0.0,0.0017122086
42,55,0.0,0.0025914828
42,56,0.0,0.0023951726
42,57,0.0,0.0032204464
42,58,0.0,0.002954627
42,59,0.0,0.0019804696
42,60,0.0,0.0026136553
42,61,0.0,0.003166738
42,62,0.183132552882786,0.0017610299
42,63,0.0,0.0020714812
42,64,0.0,0.0014847303
42,65,0.0,0.002150183
42,66,0.0,0.0014834628
42,67,0.0,0.0016432051
42,68,0.0,0.0023464938
42,69,0.0,0.0015789163
42,70,0.0,0.0014880756
42,71,0.0,0.0023704073
42,72,0.0,0.0016285842
42,73,0.0,0.0026150323
42,74,0.0,0.0017412906
42,75,0.152439998237611,0.0027155303
42,76,0.0,0.0024251747
42,77,0.0,0.0022098124
42,78,0.0,0.002128067
42,79,0.0,0.0018396205
42,80,0.0,0.0031509302
42,81,0.0,0.0035449932
42,82,0.0,0.0019625295
42,83,0.0,0.0023908773
42,84,0.0,0.002362682
42,85,0.0,0.0023327502
42,86,0.0,0.0016076998
42,87,0.0,0.0023236303
42,88,0.0,0.0025399379
42,89,0.0,0.0027743308
42,90,0.0,0.0014847917
42,91,0.0,0.002615407
42,92,0.0,0.002175067
42,93,0.0,0.002453933
42,94,0.0,0.0022415929
42,95,0.0,0.0017008153
42,96,0.0,0.0024304222
42,97,0.0,0.0020639957
42,98,0.163050944853173,0.0027192235
42,99,0.161841279413132,0.002617471
42,100,0.0,0.0027120416
42,101,0.0,0.0030704727
42,102,0.0,0.0014988082
42,103,0.0,0.0029738303
42,104,0.0,0.0031272033
42,105,0.0,0.0034960536
42,106,0.0,0.0025430867
42,107,0.0,0.002242213
42,108,0.0,0.0015805624
42,109,0.0,0.0032905168
42,110,0.0,0.002604791
42,111,0.0,0.0018444997
42,112,0.0,0.0027281325
42,113,0.0,0.0024197232
42,114,0.0,0.001478015
42,115,0.0,0.0026438367
42,116,0.0,0.0027570627
42,117,0.0,0.0036297776
42,118,0.0,0.002759826
42,119,0.183072216770957,0.0014918786
42,120,0.0,0.002534015
42,121,0.0,0.0035283342
42,122,0.0,0.0036117532
42,123,0.0,0.0019215452
42,124,0.162460852660102,0.0020335442
42,125,0.0,0.0036104294
42,126,0.0,0.0026059845
42,127,0.0,0.0017398936
42,128,-0.165153527622878,0.0031138072
42,129,0.0,0.0017330633
42,130,0.0,0.002784594
42,131,0.0,0.0017417008
42,132,0.0,0.0024551582
42,133,0.0,0.0036124792
42,134,0.0,0.0021508443
42,135,0.0,0.0031885887
42,136,0.0,0.002433951
42,137,0.0,0.0014898614
42,138,0.179386374086735,0.0023373142
42,139,0.0,0.0023869444
42,140,-0.160350375784953,0.0024464377
42,141,-0.159403330080162,0.0020708274
42,142,0.0,0.0019920869
42,143,0.0,0.0025214748
42,144,0.0,0.0024544625
42,145,0.0,0.002552208
42,146,0.0,0.0018193698
42,147,0.0,0.002150816
42,148,0.0,0.0014964882
42,149,0.0,0.0021056216
42,150,0.0,0.003638845
42,151,0.0,0.0023341314
42,152,0.0,0.0019722646
42,153,0.0,0.00227782
42,154,0.0,0.0021967446
42,155,0.165324079739688,0.002602409
42,156,0.0,0.0022673924
42,157,0.164306411965314,0.0033003045
42,158,0.0,0.0021235184
42,159,0.0,0.0021917177
42,160,0.0,0.0032594693
42,161,0.0,0.0027930262
42,162,0.0,0.0017366973
42,163,0.0,0.0017526718
42,164,-0.153428492605134,0.0027769827
42,165,-0.167457308638339,0.0016181706
42,166,0.0,0.0017041061
42,167,0.0,0.0014849044
42,168,0.164003760354032,0.00260075
42,169,0.0,0.0016624997
42,170,0.0,0.002168592
42,171,0.0,0.0036233696
42,172,0.0,0.0014915555
42,173,0.0,0.0023893388
42,174,0.0,0.0014892477
42,175,0.0,0.0015677889
42,176,0.0,0.0024271635
42,177,0.0,0.0032728743
42,178,0.0,0.0017626528
42,179,0.0,0.0027274545
42,180,-0.16569421603251,0.0036211936
42,181,-0.16643311100891,0.0024729446
42,182,0.0,0.002156658
42,183,0.163545136337899,0.0024008667
42,184,0.0,0.0022786781
42,185,0.0,0.0017608106
42,186,0.0,0.0021377578
42,187,0.0,0.0016172826
42,188,0.0,0.0025305715
42,189,0.0,0.0026933048
42,190,0.0,0.002460075
42,191,0.0,0.0018863739
42,192,0.0,0.0029990822
42,193,0.0,0.002427301
42,194,0.0,0.0036235447
42,195,0.0,0.003211698
42,196,0.0,0.0026899693
42,197,0.0,0.0017873319
42,198,0.0,0.0022341139
42,199,0.0,0.0022462113
42,200,0.0,0.0018809866
42,201,0.152379484390221,0.0026146164
42,202,0.0,0.0026929528
42,203,-0.163203243558384,0.0034967973
42,204,0.0,0.0026350277
42,205,0.0,0.002591692
42,206,0.0,0.0024329815
42,207,0.0,0.0024294425
42,208,0.0,0.0035787472
42,209,0.0,0.003474447
42,210,-0.166428777424856,0.0022198828
42,211,0.0,0.002492263
42,212,0.0,0.0030408287
42,213,0.0,0.0026188819
42,214,0.0,0.0024391967
42,215,0.0,0.0023088926
42,216,0.0,0.0025907364
42,217,0.0,0.0029453728
42,218,0.0,0.0014765379
42,219,0.0,0.0015805718
42,220,0.0,0.0023413273
42,221,0.0,0.0015216405
42,222,0.0,0.0016637193
42,223,0.0,0.0024231113
42,224,0.0,0.0014844188
42,225,0.0,0.001870967
42,226,0.0,0.0018059341
42,227,0.0,0.0022228588
42,228,0.0,0.002792731
42,229,0.0,0.0020666556
42,230,0.0,0.0029303697
42,231,0.0,0.0016751396
42,232,0.0,0.0021486417
42,233,0.0,0.0024931757
42,234,0.0,0.0014933008
42,235,0.0,0.003300482
42,236,0.0,0.0026020124
42,237,0.0,0.0023674462
42,238,0.0,0.0031457022
42,239,-0.164094572895271,0.0025504478
42,240,0.0,0.0026161866
42,241,0.0,0.0015572868
42,242,0.0,0.002013573
42,243,0.0,0.0025353204
42,244,0.0,0.002794596
42,245,0.0,0.0018233587
42,246,0.164746392161499,0.0027796272
42,247,0.0,0.0023307465
42,248,0.0,0.0022463752
42,249,0.0,0.0015289057
42,250,0.0,0.002242628
42,251,0.0,0.0015852205
42,252,0.0,0.0017448887
42,253,0.0,0.0021527838
42,254,0.0,0.0020264117
42,255,0.0,0.0016096709
42,256,0.160338819524413,0.0027287803
42,257,0.0,0.0024803057
42,258,0.0,0.0015391046
42,259,-0.167592340800472,0.0017744089
42,260,0.0,0.0033044633
42,261,0.0,0.0018278081
42,262,0.0,0.0025550555
42,263,0.0,0.0029896968
42,264,0.0,0.0017409069
42,265,0.0,0.0018834686
42,266,0.0,0.0017589903
42,267,0.0,0.0020656
42,268,0.0,0.002694088
43,1,0.0,0.0023926445
43,2,-0.15636334399711,0.0027607018
43,3,0.0,0.0021902658
43,4,0.0,0.0031615864
43,5,0.0,0.0034923991
43,6,0.148428954676103,0.002676434
43,7,0.0,0.0020014793
43,8,0.0,0.0025656875
43,9,0.0,0.0018362626
43,10,0.0,0.002504175
43,11,0.0,0.003396031
43,12,-0.144241271416924,0.0027133198
43,13,0.0,0.0023387205
43,14,0.0,0.0018093535
43,15,0.0,0.0024329252
43,16,0.0,0.0029911455
43,17,0.0,0.0036174306
43,18,-0.152012156786973,0.0035501216
43,19,0.0,0.002650756
43,20,0.0,0.0017543687
43,21,0.0,0.0021922537
43,22,0.0,0.0028859326
43,23,0.0,0.003396599
43,24,0.0,0.0018139919
43,25,0.0,0.0022794455
43,26,0.0,0.0025081248
43,27,0.0,0.0024193642
43,28,0.0,0.0034724502
43,29,0.0,0.0022934922
43,30,0.0,0.0023156404
43,31,0.0,0.0027262336
43,32,0.0,0.0024571032
43,33,0.0,0.0025275298
43,34,0.0,0.0022547194
43,35,0.0,0.0036296118
43,36,0.0,0.0020538871
43,37,0.0,0.0035222704
43,38,0.0,0.0026599155
43,39,0.0,0.0020858333
43,40,0.0,0.0026136232
43,41,-0.155968701850446,0.002176091
43,42,0.0,0.0015243599
43,43,0.0,0.030703487
43,44,0.0,0.0024371548
43,45,0.0,0.0027557835
43,46,0.0,0.001503624
43,47,0.0,0.0019035656
43,48,0.160934037568065,0.002247773
43,49,0.0,0.0033403821
43,50,0.0,0.0027382206
43,51,0.0,0.0016887207
43,52,0.0,0.0019575367
43,53,0.163009119379394,0.002609538
43,54,0.0,0.002473441
43,55,0.0,0.0020031887
43,56,0.0,0.0021688184
43,57,0.0,0.0019816435
43,58,0.0,0.002443016
43,59,0.0,0.0027717417
43,60,0.0,0.0025044251
43,61,0.0,0.002634468
43,62,0.0,0.0024518534
43,63,0.0,0.002273229
43,64,0.0,0.0035122922
43,65,0.0,0.0020540738
43,66,0.0,0.0024829395
43,67,0.0,0.0020136796
43,68,0.0,0.0017218255
43,69,0.0,0.0034609525
43,70,0.155163490113718,0.002294789
43,71,0.0,0.0019285385
43,72,0.0,0.0018736762
43,73,0.0,0.0027090344
43,74,0.0,0.002248215
43,75,0.0,0.0024155844
43,76,0.0,0.0025346144
43,77,0.0,0.002407453
43,78,0.0,0.002292859
43,79,0.0,0.0025412054
43,80,0.0,0.0026133494
43,81,0.0,0.0035869167
43,82,0.0,0.0024012486
43,83,0.173572395415286,0.0034128763
43,84,0.0,0.002552031
43,85,0.0,0.0035243742
43,86,0.0,0.0029740138
43,87,0.0,0.0027323277
43,88,0.162891683283925,0.0026422474
43,89,0.0,0.0026875604
43,90,0.0,0.0016539334
43,91,0.0,0.002576116
43,92,0.0,0.003520233
43,93,0.0,0.0014984729
43,94,0.0,0.0032185689
43,95,0.0,0.0034103156
43,96,0.172161260559637,0.002776442
43,97,0.0,0.002420147
43,98,0.160293484429921,0.0032858844
43,99,0.0,0.0023872298
43,100,0.0,0.0025611357
43,101,0.0,0.003086736
43,102,0.0,0.0023856536
43,103,0.0,0.0023712288
43,104,0.0,0.0022190409
43,105,0.0,0.002125719
43,106,0.0,0.0030785543
43,107,0.0,0.0014939429
43,108,0.0,0.00213461
43,109,0.0,0.003282485
43,110,0.0,0.0016502822
43,111,0.0,0.0016416083
43,112,0.0,0.002334646
43,113,0.0,0.003205391
43,114,0.0,0.0025782967
43,115,-0.165997146022569,0.002308282
43,116,0.0,0.0018514832
43,117,0.0,0.0035029426
43,118,-0.166779571979667,0.0017864117
43,119,0.0,0.00242755
43,120,-0.15664045028756,0.0022746227
43,121,0.0,0.0026282957
43,122,0.0,0.0017938484
43,123,0.0,0.0022061258
43,124,0.0,0.0027139569
43,125,0.0,0.0023383829
43,126,0.0,0.0020392267
43,127,0.0,0.0021347064
43,128,0.0,0.0033887862
43,129,-0.158150412631698,0.0036204783
43,130,0.0,0.0016002394
43,131,0.0,0.001642101
43,132,0.0,0.002444446
43,133,0.0,0.0021635098
43,134,0.0,0.0023952192
43,135,0.0,0.0025547314
43,136,0.0,0.001720882
43,137,0.166564052912565,0.002785583
43,138,0.0,0.0032353043
43,139,0.0,0.0023257881
43,140,0.0,0.0017067879
43,141,-0.156707556839311,0.0026117605
43,142,0.0,0.003540235
43,143,0.0,0.002352023
43,144,0.0,0.0025525317
43,145,0.0,0.0017013513
43,146,0.0,0.00154693
43,147,0.0,0.0014856006
43,148,0.0,0.002528226
43,149,0.0,0.002309694
43,150,0.0,0.0016104868
43,151,0.0,0.0022369698
43,152,0.0,0.0021894155
43,153,0.0,0.0015028883
43,154,0.0,0.0018259767
43,155,0.0,0.002602214
43,156,0.0,0.0034099142
43,157,0.0,0.0025867503
43,158,0.0,0.0023713997
43,159,0.0,0.003225348
43,160,0.162809531095821,0.0014958382
43,161,0.0,0.002835338
43,162,0.0,0.0016193073
43,163,0.0,0.0019948906
43,164,0.0,0.00254437
43,165,0.0,0.0026069144
43,166,0.0,0.003303586
43,167,0.0,0.0027885581
43,168,0.161230186249031,0.0031102118
43,169,0.0,0.0026071374
43,170,0.0,0.0024381885
43,171,0.170323521534655,0.0032431926
43,172,0.0,0.0025149053
43,173,0.0,0.0016874135
43,174,0.0,0.0027598357
43,175,0.165140764964587,0.0027928497
43,176,0.0,0.0025941692
43,177,0.155182189954196,0.0032008095
43,178,0.0,0.0014894842
43,179,0.0,0.0025652312
43,180,0.0,0.002772647
43,181,0.0,0.0036017536
43,182,0.0,0.0020055673
43,183,0.0,0.0015969472
43,184,0.0,0.0031216186
43,185,0.0,0.0018474068
43,186,0.0,0.0035137502
43,187,0.0,0.001618573
43,188,0.0,0.0020051692
43,189,0.0,0.00270666
43,190,0.0,0.0026505603
43,191,0.0,0.0029788283
43,192,0.0,0.002158057
43,193,0.0,0.0024742493
43,194,0.0,0.0026672464
43,195,0.0,0.0023260834
43,196,0.0,0.0024055382
43,197,0.0,0.0024498277
43,198,0.0,0.0023191273
43,199,0.0,0.0029427856
43,200,0.0,0.0023908783
43,201,0.0,0.0016313493
43,202,0.163203983332123,0.001567333
43,203,0.0,0.0021201828
43,204,0.173826940641941,0.0032711914
43,205,0.0,0.003568476
43,206,0.0,0.0025577862
43,207,-0.155099233422559,0.00302525
43,208,0.0,0.0014982382
43,209,0.0,0.0024689683
43,210,0.0,0.0027374518
43,211,0.0,0.0026193755
43,212,0.0,0.0029644207
43,213,0.0,0.0023854473
43,214,0.0,0.0026785852
43,215,0.0,0.0028317794
43,216,0.0,0.003599308
43,217,0.0,0.0026966832
43,218,0.0,0.0015230714
43,219,-0.171040159402642,0.0029291324
43,220,0.0,0.0022722194
43,221,0.0,0.0016101506
43,222,0.0,0.002593527
43,223,0.0,0.0027125482
43,224,0.0,0.0019286056
43,225,0.0,0.0020183418
43,226,0.0,0.0030504782
43,227,0.0,0.0029387702
43,228,0.0,0.0026280563
43,229,0.0,0.0029257117
43,230,0.0,0.0017444193
43,231,0.0,0.0027744593
43,232,0.0,0.003061276
43,233,0.0,0.0031611943
43,234,0.0,0.0027803513
43,235,0.0,0.001718408
43,236,0.0,0.003122765
43,237,0.0,0.0025692927
43,238,0.0,0.0023344276
43,239,0.0,0.0035730605
43,240,0.0,0.0021407823
43,241,0.0,0.0017950931
43,242,0.0,0.0026127738
43,243,0.0,0.002728044
43,244,0.0,0.002021934
43,245,0.0,0.002729903
43,246,0.0,0.0020541651
43,247,0.0,0.0018595457
43,248,0.0,0.0035262038
43,249,0.0,0.00206842
43,250,0.0,0.0035178335
43,251,0.0,0.002804657
43,252,0.0,0.0035936204
43,253,0.0,0.0018271501
43,254,-0.158844228266369,0.0019937637
43,255,0.0,0.0026766323
43,256,0.0,0.0023809802
43,257,0.0,0.0024591256
43,258,0.0,0.0031257463
43,259,0.0,0.0023800833
43,260,0.0,0.0030672746
43,261,0.0,0.00255795
43,262,0.0,0.0019592205
43,263,0.150414453215527,0.0023436425
43,264,0.0,0.0020212648
43,265,-0.164769339909631,0.0025403816
43,266,0.0,0.0017266739
43,267,0.0,0.0029826816
43,268,0.0,0.0024610586
44,1,-0.139921971269373,0.0020435578
44,2,0.0,0.0024645585
44,3,0.0,0.0025766618
44,4,0.141576266852621,0.002803889
44,5,0.0,0.002669767
44,6,0.0,0.0027491972
44,7,-0.137719608170715,0.0021789712
44,8,0.0,0.0023440877
44,9,0.0,0.0031245695
44,10,0.0,0.0019200412
44,11,0.0,0.002365232
44,12,0.0,0.0015632459
44,13,0.0,0.0033114585
44,14,0.0,0.0023094164
44,15,0.0,0.0020967363
44,16,0.0,0.0023635454
44,17,0.0,0.0026067584
44,18,0.0,0.0021205414
44,19,0.0,0.0018055323
44,20,0.0,0.0023639714
44,21,0.0,0.003150627
44,22,0.0,0.0023419675
44,23,0.0,0.003385536
44,24,0.12848467877124,0.0026985332
44,25,0.0,0.0025268127
44,26,0.0,0.0026774402
44,27,0.0,0.0016599926
44,28,0.0,0.0024789115
44,29,0.0,0.0022211587
44,30,-0.143554485584905,0.0025091106
44,31,0.0,0.0023824954
44,32,0.0,0.0023426693
44,33,0.0,0.0017370051
44,34,0.0,0.002681762
44,35,0.0,0.0022146888
44,36,0.0,0.0026434972
44,37,0.0,0.002610967
44,38,0.0,0.0024438673
44,39,0.0,0.0020326627
44,40,0.0,0.0024808445
44,41,0.0,0.0017965739
44,42,0.0,0.002159426
44,43,0.0,0.0024371548
44,44,0.0,0.030703487
44,45,0.0,0.0020103846
44,46,0.0,0.0021042181
44,47,0.0,0.0016509499
44,48,-0.153504987725054,0.0022459887
44,49,0.0,0.0021421602
44,50,0.0,0.0027166558
44,51,0.0,0.0026183412
44,52,0.0,0.001801772
44,53,0.0,0.0020865565
44,54,0.0,0.0024317726
44,55,0.0,0.003422161
44,56,0.0,0.0024257652
44,57,0.0,0.00273277
44,58,0.0,0.002783494
44,59,0.0,0.0024330653
44,60,0.0,0.0035503884
44,61,0.0,0.00340313
44,62,0.0,0.0026200325
44,63,0.0,0.0019940627
44,64,0.0,0.0024493933
44,65,0.0,0.0018873378
44,66,0.0,0.0023854105
44,67,0.0,0.0015794821
44,68,0.0,0.0017557731
44,69,0.0,0.0025771167
44,70,0.0,0.0020848615
44,71,0.160486639111931,0.001562532
44,72,0.0,0.002150448
44,73,0.0,0.0026583057
44,74,0.0,0.0031558299
44,75,0.0,0.002550391
44,76,0.0,0.0025422452
44,77,0.0,0.002358994
44,78,0.0,0.0023362604
44,79,0.0,0.0027712109
44,80,0.0,0.003206221
44,81,-0.149958340253933,0.0018900712
44,82,0.15288836657847,0.0026917257
44,83,-0.165559932692069,0.0027542808
44,84,0.0,0.0019786796
44,85,0.0,0.0026143058
44,86,0.0,0.0015449654
44,87,0.0,0.0026672017
44,88,0.0,0.0028416459
44,89,0.0,0.0025923373
44,90,0.0,0.0028226618
44,91,0.0,0.0025241114
44,92,0.0,0.0034162994
44,93,0.0,0.0028008302
44,94,0.0,0.00279793
44,95,0.0,0.0023389803
44,96,0.0,0.0025537098
44,97,0.0,0.0026431247
44,98,0.152894003851822,0.0027522543
44,99,0.0,0.0026615215
44,100,0.0,0.0018870309
44,101,0.0,0.0029789377
44,102,0.0,0.0022373768
44,103,0.0,0.0025958745
44,104,0.0,0.002348586
44,105,0.0,0.002324666
44,106,0.0,0.002311403
44,107,0.0,0.002565397
44,108,0.0,0.0025349502
44,109,0.0,0.0031352565
44,110,0.0,0.0024375683
44,111,0.0,0.001483731
44,112,-0.157129737642946,0.003631608
44,113,0.0,0.0015996355
44,114,0.0,0.0027161795
44,115,0.0,0.0019460078
44,116,0.0,0.0018185796
44,117,0.0,0.0029637343
44,118,0.0,0.0024378803
44,119,0.171668089635089,0.0025499095
44,120,0.0,0.003548306
44,121,0.0,0.0017174766
44,122,0.0,0.0014992971
44,123,0.0,0.0014892812
44,124,0.0,0.0033073062
44,125,0.0,0.002358004
44,126,0.0,0.0026353798
44,127,0.0,0.0023609847
44,128,0.0,0.0023637968
44,129,0.0,0.0022381684
44,130,0.0,0.0020616949
44,131,0.0,0.0014924882
44,132,0.0,0.0015821867
44,133,0.0,0.0023866822
44,134,0.145948892437006,0.0014921688
44,135,0.0,0.0014934731
44,136,0.0,0.0016426849
44,137,0.0,0.0027550426
44,138,0.0,0.0023958744
44,139,0.0,0.0024890518
44,140,0.0,0.0024515889
44,141,0.0,0.0027696905
44,142,0.0,0.0014911899
44,143,0.0,0.002689185
44,144,0.0,0.0035581533
44,145,0.0,0.0022596698
44,146,0.0,0.0018204455
44,147,0.0,0.0016262843
44,148,0.0,0.0025942344
44,149,0.0,0.0031416076
44,150,0.0,0.0026987637
44,151,0.0,0.002549755
44,152,0.0,0.0029631266
44,153,0.0,0.0014777179
44,154,0.0,0.0017889566
44,155,0.0,0.002005673
44,156,0.0,0.0015937379
44,157,0.0,0.00253188
44,158,0.0,0.0017836341
44,159,0.0,0.00245581
44,160,0.0,0.00287017
44,161,0.0,0.002494127
44,162,0.0,0.0018472429
44,163,0.0,0.0020343582
44,164,0.0,0.0020490508
44,165,0.0,0.0033009732
44,166,0.0,0.002047469
44,167,0.0,0.002307559
44,168,0.0,0.0026898663
44,169,0.0,0.0023577255
44,170,0.0,0.0023136404
44,171,-0.162461033585934,0.0032002688
44,172,0.0,0.002510074
44,173,0.0,0.0024664486
44,174,0.0,0.0018164855
44,175,0.0,0.0016964125
44,176,0.0,0.00262438
44,177,0.0,0.0026804395
44,178,0.0,0.0023821671
44,179,0.0,0.0026630592
44,180,0.0,0.002572176
44,181,0.0,0.0024622115
44,182,0.0,0.0022660792
44,183,0.0,0.0016165609
44,184,0.0,0.0025397409
44,185,0.0,0.003436619
44,186,0.0,0.0014917958
44,187,0.0,0.001800505
44,188,0.0,0.002422608
44,189,0.0,0.0035452843
44,190,0.0,0.0023171743
44,191,0.0,0.003410148
44,192,0.0,0.0027346653
44,193,0.0,0.0016424945
44,194,0.0,0.002621648
44,195,-0.152397757574169,0.002189896
44,196,0.0,0.0022759382
44,197,0.145575294517271,0.0023869649
44,198,0.0,0.003157314
44,199,0.0,0.0025688182
44,200,0.0,0.0024118004
44,201,0.0,0.001819137
44,202,0.155670148072198,0.002783639
44,203,0.0,0.0017177593
44,204,0.0,0.0030272356
44,205,0.0,0.0025364477
44,206,0.0,0.0015173838
44,207,0.0,0.0021464229
44,208,-0.154865171683368,0.0033337465
44,209,0.0,0.002721808
44,210,-0.15606142092316,0.002550011
44,211,0.0,0.0031329421
44,212,0.0,0.0024822117
44,213,0.0,0.0015205955
44,214,0.0,0.0030524395
44,215,0.0,0.0028097755
44,216,0.0,0.003117395
44,217,0.0,0.0023176554
44,218,0.0,0.0024295528
44,219,0.0,0.0014725616
44,220,0.0,0.0018803119
44,221,0.0,0.0014956463
44,222,0.158770347974547,0.0031061238
44,223,0.0,0.0017363224
44,224,0.0,0.001739793
44,225,0.0,0.0031984323
44,226,0.0,0.0020824997
44,227,0.0,0.0023757145
44,228,0.0,0.0014901059
44,229,0.0,0.00166714
44,230,0.0,0.0026597641
44,231,0.152006644131525,0.0026547834
44,232,0.0,0.0021090019
44,233,0.0,0.0035496755
44,234,0.0,0.002246887
44,235,0.0,0.001866295
44,236,0.0,0.0021570814
44,237,0.0,0.0017410889
44,238,0.0,0.0022570696
44,239,0.0,0.002305591
44,240,0.0,0.0016650935
44,241,0.0,0.002453099
44,242,0.0,0.0027060085
44,243,0.0,0.0027158782
44,244,0.0,0.0017803288
44,245,0.0,0.0026212335
44,246,0.0,0.0035566203
44,247,0.0,0.002388977
44,248,0.0,0.001896292
44,249,0.0,0.0015864992
44,250,0.0,0.0033971556
44,251,-0.154739901008646,0.0021514324
44,252,0.0,0.0027196328
44,253,0.0,0.0027683843
44,254,0.0,0.002410408
44,255,0.0,0.0023218696
44,256,0.0,0.001831179
44,257,0.0,0.0025162622
44,258,0.0,0.0032801167
44,259,0.0,0.0017915876
44,260,0.0,0.0027703815
44,261,0.0,0.0025822255
44,262,0.0,0.0018880139
44,263,0.0,0.0033182264
44,264,0.0,0.0024899468
44,265,0.0,0.0017549563
44,266,0.0,0.0033855406
44,267,0.0,0.0028272667
44,268,0.0,0.0026470744
45,1,0.0,0.0018905303
45,2,0.0,0.0033602086
45,3,0.0,0.0027797613
45,4,0.0,0.002446808
45,5,-0.13714651789225,0.0031894147
45,6,0.0,0.002636429
45,7,0.0,0.0027808854
45,8,0.0,0.002389925
45,9,0.0,0.0030850642
45,10,0.0,0.0014883257
45,11,0.0,0.0023312103
45,12,0.0,0.0026992443
45,13,0.0,0.002317811
45,14,0.0,0.0017838604
45,15,0.0,0.0021283482
45,16,0.0,0.0024517477
45,17,0.0,0.0035024704
45,18,0.0,0.0023602643
45,19,0.0,0.003495437
45,20,0.0,0.0026711952
45,21,0.0,0.0021876497
45,22,0.0,0.0024094866
45,23,0.0,0.0024910914
45,24,0.0,0.0020979475
45,25,0.0,0.0024717622
45,26,0.0,0.0023091123
45,27,0.0,0.003345259
45,28,0.153759453331477,0.0023416677
45,29,0.0,0.0026654825
45,30,0.0,0.0025719241
45,31,-0.140764319298287,0.002702299
45,32,0.0,0.0025029709
45,33,-0.141486147842942,0.0014926787
45,34,0.0,0.0018250681
45,35,0.0,0.0024758005
45,36,-0.164716357245337,0.0035888716
45,37,0.0,0.0033462732
45,38,0.0,0.0016549253
45,39,0.0,0.0024656826
45,40,0.0,0.0028137802
45,41,0.0,0.0022916067
45,42,0.0,0.0018711211
45,43,0.0,0.0027557835
45,44,0.0,0.0020103846
45,45,0.0,0.030703487
45,46,0.0,0.002504421
45,47,0.0,0.0023936285
45,48,0.0,0.002663483
45,49,0.0,0.0027199094
45,50,0.0,0.0023118993
45,51,0.16533654822452,0.0028316104
45,52,0.0,0.0022637001
45,53,0.0,0.0026417365
45,54,0.0,0.0025968435
45,55,0.0,0.002598851
45,56,0.0,0.0023195008
45,57,0.0,0.0027883006
45,58,0.0,0.0023581195
45,59,0.0,0.0016082269
45,60,0.0,0.0027754498
45,61,0.0,0.0023371088
45,62,0.0,0.0027886345
45,63,0.0,0.0022935998
45,64,0.149160571682068,0.0036059665
45,65,-0.148848671220782,0.0015574005
45,66,0.0,0.0024083303
45,67,0.0,0.0025495705
45,68,0.0,0.0029719872
45,69,0.0,0.0019800141
45,70,0.0,0.0019532177
45,71,0.15652924255481,0.0030673794
45,72,0.0,0.0024301792
45,73,0.0,0.0034568827
45,74,0.0,0.002088727
45,75,0.0,0.00326717
45,76,0.0,0.0024710218
45,77,0.0,0.002765908
45,78,0.0,0.0024106218
45,79,0.0,0.0035165986
45,80,0.153510850820709,0.0023723557
45,81,0.0,0.0035408437
45,82,0.0,0.0024346798
45,83,-0.161477435162938,0.0026140115
45,84,0.0,0.0023490288
45,85,0.0,0.0028438605
45,86,0.0,0.0015003933
45,87,0.0,0.0026865704
45,88,0.0,0.002378907
45,89,0.0,0.0030857506
45,90,0.0,0.002364383
45,91,0.0,0.0031478214
45,92,0.0,0.0023974548
45,93,0.0,0.0018040678
45,94,0.0,0.0025056335
45,95,0.0,0.0022857762
45,96,0.0,0.0028319932
45,97,0.0,0.0017145588
45,98,0.0,0.0027280794
45,99,0.0,0.0015987041
45,100,0.0,0.002722946
45,101,0.0,0.0023900098
45,102,0.0,0.0029701395
45,103,0.0,0.0022889613
45,104,0.0,0.0031251349
45,105,0.0,0.002803525
45,106,0.0,0.0034688897
45,107,0.0,0.0024520238
45,108,0.0,0.0025788727
45,109,0.0,0.0024372716
45,110,0.148108477830987,0.0022808039
45,111,0.0,0.0020439695
45,112,-0.153255118009744,0.0035821283
45,113,0.0,0.0035006786
45,114,0.0,0.0025445325
45,115,0.0,0.0015551378
45,116,0.0,0.002162911
45,117,0.0,0.0025457698
45,118,0.0,0.0026569897
45,119,0.167434972718635,0.003564612
45,120,0.0,0.0020405035
45,121,0.0,0.002753037
45,122,0.150563116052404,0.002683123
45,123,0.0,0.0015536081
45,124,0.0,0.0024223984
45,125,0.0,0.002406937
45,126,0.0,0.0036147255
45,127,0.0,0.0023257583
45,128,0.0,0.0024844822
45,129,0.0,0.0021391339
45,130,0.0,0.002153352
45,131,0.0,0.0025283583
45,132,0.0,0.0020398065
45,133,0.0,0.0032145553
45,134,0.0,0.0019181943
45,135,0.0,0.0026016352
45,136,0.0,0.00336529
45,137,0.0,0.0024614297
45,138,0.0,0.0035629314
45,139,0.0,0.0022151945
45,140,0.0,0.0025587822
45,141,0.0,0.0027907128
45,142,0.0,0.003199648
45,143,0.145921004761926,0.002565944
45,144,0.0,0.002874672
45,145,0.0,0.001503
45,146,0.0,0.0025925832
45,147,-0.150817970392994,0.0033319518
45,148,0.0,0.0027815462
45,149,0.0,0.0023838743
45,150,0.0,0.0026572351
45,151,0.0,0.0019764737
45,152,0.0,0.002281466
45,153,0.0,0.0035843723
45,154,0.0,0.0023222384
45,155,0.0,0.0036250213
45,156,0.0,0.0014941981
45,157,0.0,0.0019326909
45,158,0.0,0.0014866856
45,159,0.0,0.0024237623
45,160,0.0,0.0017976314
45,161,0.0,0.0024116742
45,162,0.0,0.0026005493
45,163,0.0,0.0023124623
45,164,0.0,0.0028315126
45,165,0.0,0.00246982
45,166,0.0,0.0034784148
45,167,0.0,0.0019689086
45,168,0.0,0.0031572767
45,169,0.0,0.0026773852
45,170,0.0,0.0030550947
45,171,0.0,0.0020125643
45,172,-0.156621918750675,0.0033475463
45,173,0.0,0.0023747403
45,174,0.0,0.0015484765
45,175,0.0,0.003215061
45,176,0.0,0.0023104507
45,177,0.0,0.0018048636
45,178,0.0,0.0024245605
45,179,0.0,0.002461047
45,180,0.0,0.0024647587
45,181,0.0,0.0027529425
45,182,0.0,0.001980973
45,183,0.0,0.0029543815
45,184,0.0,0.0014931993
45,185,0.0,0.0024392726
45,186,0.0,0.0025234227
45,187,0.0,0.002687999
45,188,0.0,0.002787612
45,189,0.0,0.002490629
45,190,0.0,0.0027842014
45,191,0.0,0.0018451274
45,192,-0.156420460862629,0.002418371
45,193,0.0,0.0019901218
45,194,0.0,0.0024717748
45,195,0.0,0.002508216
45,196,0.0,0.0026987274
45,197,0.0,0.0019897087
45,198,0.0,0.0023659337
45,199,0.0,0.0020658937
45,200,0.0,0.0018505012
45,201,0.0,0.0024347808
45,202,0.0,0.0029156832
45,203,0.0,0.0026377616
45,204,0.0,0.0023763399
45,205,0.0,0.0025341515
45,206,0.0,0.0015453557
45,207,0.0,0.0035584043
45,208,0.15104639336868,0.0018710764
45,209,0.0,0.001619678
45,210,0.0,0.0015350734
45,211,0.0,0.003402811
45,212,-0.144512500820462,0.0024418263
45,213,0.0,0.0025068405
45,214,-0.156061882545775,0.002491638
45,215,0.0,0.0027420204
45,216,0.0,0.0018902984
45,217,0.0,0.0027675792
45,218,0.0,0.002183129
45,219,0.0,0.002657177
45,220,0.0,0.0032431046
45,221,0.0,0.0026145782
45,222,0.0,0.0025639483
45,223,0.0,0.00349708
45,224,0.15105565621539,0.002208257
45,225,0.0,0.0023585046
45,226,0.0,0.0024051946
45,227,0.0,0.0023927991
45,228,0.0,0.0019199746
45,229,0.0,0.0026915087
45,230,0.0,0.002771852
45,231,0.0,0.0023094048
45,232,0.0,0.002029601
45,233,0.0,0.002533982
45,234,0.0,0.0024367939
45,235,0.0,0.0031570112
45,236,0.135036707608409,0.0021541985
45,237,0.0,0.0026905215
45,238,0.0,0.002570489
45,239,0.0,0.003153596
45,240,0.0,0.0024193954
45,241,0.0,0.0031043463
45,242,0.0,0.002190134
45,243,0.0,0.0023496887
45,244,0.0,0.0022593518
45,245,0.0,0.0026272344
45,246,0.0,0.002557661
45,247,0.0,0.0036177547
45,248,0.0,0.0017329673
45,249,0.0,0.002314059
45,250,0.0,0.0022329306
45,251,0.0,0.0026371093
45,252,0.0,0.0020078272
45,253,0.0,0.0023802617
45,254,0.0,0.0026480858
45,255,0.0,0.0032372726
45,256,0.146643364822505,0.0034804312
45,257,0.0,0.002311139
45,258,0.0,0.0018930854
45,259,0.0,0.0023303973
45,260,0.0,0.0015353034
45,261,0.0,0.0026587755
45,262,0.0,0.002782668
45,263,0.0,0.0024446305
45,264,0.0,0.0023651537
45,265,0.0,0.0023308643
45,266,0.0,0.0021546842
45,267,0.151629642335079,0.002480419
45,268,0.0,0.0025503868
46,1,0.0,0.003487506
46,2,0.0,0.0030074432
46,3,0.150966105964264,0.0027943212
46,4,0.0,0.0027842773
46,5,0.0,0.0024351724
46,6,0.0,0.003631196
46,7,0.0,0.0027360306
46,8,0.0,0.0034438916
46,9,0.0,0.002342451
46,10,0.0,0.0029733
46,11,0.0,0.0026111556
46,12,0.0,0.0027099373
46,13,0.0,0.0027339067
46,14,0.0,0.0024069375
46,15,0.0,0.003295335
46,16,0.0,0.0025641564
46,17,0.0,0.0035835933
46,18,0.0,0.0025299047
46,19,0.0,0.0027738623
46,20,0.0,0.0022587958
46,21,0.0,0.002486878
46,22,0.0,0.0022494132
46,23,0.0,0.0022199717
46,24,0.0,0.0027705417
46,25,0.0,0.0027648262
46,26,0.0,0.0023368052
46,27,0.0,0.002482552
46,28,0.0,0.0025513554
46,29,0.0,0.0032598986
46,30,0.0,0.0024827719
46,31,0.0,0.0022506588
46,32,0.0,0.0023150835
46,33,0.0,0.0025709495
46,34,0.0,0.0027491301
46,35,0.0,0.0024120738
46,36,0.0,0.0027392353
46,37,0.0,0.0025979262
46,38,0.0,0.0029491154
46,39,0.0,0.0031251735
46,40,0.0,0.0033508083
46,41,0.0,0.0032192948
46,42,0.0,0.0027899877
46,43,0.0,0.001503624
46,44,0.0,0.0021042181
46,45,0.0,0.002504421
46,46,0.0,0.030703487
46,47,0.0,0.0024224026
46,48,0.0,0.002442577
46,49,0.0,0.0035337037
46,50,0.0,0.0035596117
46,51,0.0,0.002896144
46,52,0.0,0.0022817925
46,53,0.0,0.0016660905
46,54,0.0,0.0029103486
46,55,0.0,0.0027997182
46,56,0.0,0.00311421
46,57,0.0,0.0028493796
46,58,0.0,0.002294547
46,59,0.0,0.0031867567
46,60,0.0,0.002345948
46,61,-0.137149750092906,0.0029187603
46,62,0.164462264444357,0.002496128
46,63,0.0,0.0035459772
46,64,0.0,0.0026135794
46,65,0.0,0.002169082
46,66,0.0,0.0023388187
46,67,0.144425905737768,0.0025967062
46,68,0.0,0.0023136018
46,69,0.0,0.0020687715
46,70,0.141741722443699,0.0023887698
46,71,0.0,0.0027885558
46,72,0.0,0.0024934537
46,73,0.0,0.0023731096
46,74,0.0,0.0014829775
46,75,0.0,0.0027640583
46,76,0.0,0.0022821622
46,77,0.0,0.002385262
46,78,0.0,0.0029213242
46,79,0.0,0.0027784007
46,80,0.0,0.0029886225
46,81,0.0,0.0027995147
46,82,0.0,0.0026428984
46,83,0.0,0.0028369422
46,84,0.0,0.003606889
46,85,0.0,0.002739295
46,86,-0.154148194642783,0.0015464323
46,87,0.0,0.0016116374
46,88,0.0,0.002550567
46,89,0.150023195425072,0.0015702564
46,90,0.0,0.0018317779
46,91,0.0,0.0031635389
46,92,0.14591433347821,0.002591414
46,93,0.0,0.001486598
46,94,0.0,0.0023754407
46,95,0.0,0.0015713293
46,96,0.0,0.0029064864
46,97,0.0,0.0016266238
46,98,0.0,0.0025923573
46,99,0.0,0.0022964333
46,100,0.0,0.0023564696
46,101,0.0,0.0032502376
46,102,0.0,0.0015016543
46,103,0.0,0.0027830624
46,104,0.0,0.002700076
46,105,0.0,0.003583781
46,106,0.0,0.0027389633
46,107,-0.145378874741526,0.0023383494
46,108,0.0,0.0032609035
46,109,0.0,0.0022695474
46,110,0.0,0.0024613845
46,111,0.0,0.0023733848
46,112,0.0,0.002347108
46,113,0.0,0.0026686462
46,114,0.0,0.002522842
46,115,0.0,0.0022470872
46,116,0.0,0.0018815463
46,117,0.147360980980592,0.0032321173
46,118,0.0,0.001582603
46,119,0.0,0.0028082654
46,120,0.0,0.0024500946
46,121,0.0,0.0035129255
46,122,0.0,0.0023270664
46,123,0.0,0.002639458
46,124,0.0,0.0034670872
46,125,0.0,0.0025503784
46,126,0.0,0.0015164916
46,127,0.0,0.0020618779
46,128,0.0,0.002957258
46,129,0.0,0.0033604018
46,130,0.0,0.0024315864
46,131,0.0,0.0023429869
46,132,0.0,0.0019475846
46,133,-0.151079230133932,0.0025761453
46,134,0.0,0.0022741337
46,135,0.0,0.0024504447
46,136,0.0,0.002423028
46,137,0.0,0.0025121346
46,138,0.0,0.003105157
46,139,0.0,0.0020199325
46,140,0.0,0.002454123
46,141,0.0,0.0036238316
46,142,0.0,0.002556194
46,143,0.0,0.0035336227
46,144,0.156832965230106,0.0027105222
46,145,0.0,0.0025231866
46,146,0.0,0.0023113666
46,147,0.0,0.0018344806
46,148,0.0,0.0023873714
46,149,0.0,0.0027887188
46,150,0.0,0.0028341273
46,151,0.0,0.0026753517
46,152,0.0,0.0034677885
46,153,0.0,0.0030558524
46,154,0.0,0.0028590541
46,155,0.0,0.002418615
46,156,0.0,0.0027429261
46,157,0.147555440849658,0.0024429765
46,158,0.0,0.0018529743
46,159,0.0,0.0016057789
46,160,0.0,0.0022433382
46,161,0.0,0.002760225
46,162,0.0,0.0034308243
46,163,0.0,0.0035338425
46,164,0.0,0.002541623
46,165,0.150385104902928,0.0024055461
46,166,0.0,0.002523024
46,167,0.0,0.002534282
46,168,0.0,0.002794323
46,169,0.0,0.0025870334
46,170,0.0,0.0015769503
46,171,0.0,0.0024751583
46,172,0.0,0.0024956134
46,173,0.0,0.0015939027
46,174,0.0,0.0024014357
46,175,0.0,0.002344632
46,176,0.0,0.0035089399
46,177,0.0,0.002414031
46,178,0.0,0.0027905828
46,179,0.0,0.0035019675
46,180,0.0,0.0027098889
46,181,0.0,0.0027084928
46,182,0.0,0.0023054346
46,183,0.0,0.0031686132
46,184,0.0,0.002383348
46,185,0.147486315821288,0.0035422938
46,186,0.0,0.0027705622
46,187,0.0,0.003555411
46,188,0.0,0.0035267891
46,189,0.0,0.0026361258
46,190,0.0,0.002059782
46,191,0.0,0.0024535898
46,192,0.0,0.0027697138
46,193,0.0,0.0028038258
46,194,0.0,0.0027353163
46,195,0.0,0.0025629168
46,196,0.0,0.0028499765
46,197,0.0,0.0020902338
46,198,0.0,0.0023401086
46,199,0.0,0.0025065555
46,200,0.0,0.0026122718
46,201,0.0,0.0022678836
46,202,0.0,0.0023714001
46,203,0.0,0.003618762
46,204,0.0,0.002763987
46,205,-0.135494199595349,0.002784838
46,206,0.0,0.0024342607
46,207,0.0,0.0025504702
46,208,0.0,0.001641076
46,209,0.0,0.0015033209
46,210,0.0,0.0024696523
46,211,0.0,0.0033775251
46,212,0.0,0.0026491839
46,213,0.0,0.003105496
46,214,0.153240592377429,0.0031520012
46,215,0.0,0.0026256084
46,216,0.0,0.0020210762
46,217,0.0,0.002449965
46,218,0.0,0.0023931237
46,219,0.0,0.002494411
46,220,0.0,0.0027145343
46,221,0.0,0.0031525237
46,222,0.0,0.002444624
46,223,0.0,0.002645912
46,224,0.0,0.0027574357
46,225,0.0,0.002729787
46,226,0.0,0.002756895
46,227,0.0,0.0024330672
46,228,0.0,0.003016965
46,229,0.0,0.0023919605
46,230,0.0,0.0032013329
46,231,0.0,0.0022690934
46,232,0.0,0.0035181437
46,233,0.0,0.0027841055
46,234,0.0,0.0025847824
46,235,0.0,0.003519956
46,236,0.0,0.0022561215
46,237,0.14152590402263,0.002432644
46,238,0.0,0.0017203456
46,239,0.0,0.0034229257
46,240,0.0,0.0026902761
46,241,0.0,0.002453432
46,242,0.0,0.0034838547
46,243,0.0,0.002342254
46,244,0.0,0.0014981432
46,245,0.0,0.0024179881
46,246,0.0,0.0027606003
46,247,0.0,0.0034926008
46,248,0.0,0.0024885032
46,249,0.0,0.0023897653
46,250,0.0,0.0026760357
46,251,0.0,0.0025387714
46,252,0.0,0.0024813544
46,253,0.0,0.0021975143
46,254,0.0,0.0026663258
46,255,0.0,0.001524556
46,256,0.0,0.002497674
46,257,0.0,0.0016345605
46,258,0.0,0.0019634282
46,259,0.0,0.003153094
46,260,0.137918123771987,0.0029679094
46,261,0.0,0.0021413923
46,262,0.0,0.002211039
46,263,0.0,0.002776117
46,264,0.0,0.0022460269
46,265,0.0,0.002598214
46,266,0.0,0.0015778653
46,267,0.0,0.0027475157
46,268,0.0,0.0023867828
47,1,0.0,0.0027575353
47,2,0.0,0.0025104247
47,3,0.0,0.0027108924
47,4,0.0,0.0027443636
47,5,0.0,0.0024455716
47,6,0.0,0.0029669763
47,7,0.0,0.0017352654
47,8,0.0,0.003103592
47,9,0.0,0.0017359275
47,10,0.0,0.0027229348
47,11,0.0,0.0025124
47,12,0.0,0.0021823407
47,13,0.0,0.0025636568
47,14,0.0,0.001686966
47,15,0.0,0.0035348996
47,16,0.0,0.0015564547
47,17,0.0,0.00247412
47,18,0.0,0.0024183523
47,19,0.0,0.0014982643
47,20,0.0,0.0021343147
47,21,0.0,0.00278003
47,22,0.151626503134664,0.0025622775
47,23,0.0,0.002390002
47,24,0.0,0.0014891401
47,25,-0.146175057102355,0.0025596363
47,26,0.0,0.0023506433
47,27,0.0,0.002385499
47,28,0.0,0.0017408589
47,29,0.0,0.0019315071
47,30,0.0,0.0017950623
47,31,0.0,0.002571167
47,32,0.0,0.002325518
47,33,0.0,0.0014861673
47,34,0.0,0.00363283
47,35,0.0,0.0019895495
47,36,0.0,0.0023808498
47,37,0.0,0.001471974
47,38,0.0,0.0023848042
47,39,0.0,0.0034068902
47,40,0.0,0.0032763137
47,41,0.0,0.0014926204
47,42,0.0,0.0014578607
47,43,0.0,0.0019035656
47,44,0.0,0.0016509499
47,45,0.0,0.0023936285
47,46,0.0,0.0024224026
47,47,0.0,0.030703487
47,48,0.0,0.0015067318
47,49,0.0,0.0015702792
47,50,0.0,0.0025705444
47,51,0.0,0.0016091727
47,52,0.0,0.002875173
47,53,0.0,0.0027684327
47,54,0.0,0.0014786436
47,55,0.0,0.0024233316
47,56,0.0,0.0027046883
47,57,0.0,0.0027007614
47,58,0.0,0.0027847877
47,59,0.160096505216253,0.0027711974
47,60,0.0,0.0023911907
47,61,0.0,0.002762319
47,62,0.0,0.0025159335
47,63,0.0,0.0016155108
47,64,0.0,0.0024543758
47,65,0.151314268470173,0.0029358547
47,66,-0.159146138168348,0.0025027879
47,67,0.0,0.0016573537
47,68,0.0,0.0025241054
47,69,0.0,0.0026944648
47,70,0.0,0.0014806665
47,71,0.0,0.0016883733
47,72,0.0,0.0030115233
47,73,0.0,0.0027397126
47,74,0.0,0.0027000722
47,75,0.1417286306296,0.002387499
47,76,0.0,0.0024696663
47,77,0.0,0.0024731783
47,78,0.0,0.0020889277
47,79,0.0,0.0016945028
47,80,0.0,0.0025014025
47,81,0.0,0.0027435352
47,82,0.0,0.0021043136
47,83,0.0,0.0027506999
47,84,0.157055666906004,0.0023499876
47,85,0.0,0.0014972058
47,86,0.0,0.0014951741
47,87,0.0,0.002244222
47,88,-0.154051175776304,0.002672871
47,89,0.15531605511233,0.0033732648
47,90,0.0,0.0018373444
47,91,0.0,0.002384481
47,92,0.0,0.0022101044
47,93,0.0,0.0023229164
47,94,0.0,0.0017639827
47,95,0.0,0.0028680363
47,96,0.0,0.0025712056
47,97,0.0,0.0023192996
47,98,0.0,0.001948189
47,99,0.0,0.002694026
47,100,0.0,0.002613572
47,101,0.159108560697447,0.0029071341
47,102,0.0,0.0023182621
47,103,0.0,0.0024598534
47,104,0.0,0.0018770769
47,105,0.0,0.002412357
47,106,0.0,0.0024193907
47,107,0.0,0.0014697481
47,108,0.0,0.0026577548
47,109,0.0,0.0015479014
47,110,0.0,0.0016560019
47,111,0.0,0.0019640569
47,112,0.0,0.0014754627
47,113,0.0,0.002187184
47,114,0.0,0.0025619473
47,115,0.0,0.002472187
47,116,0.0,0.0017679986
47,117,0.0,0.0016821669
47,118,0.0,0.0015794174
47,119,0.0,0.0018229685
47,120,0.0,0.0030355272
47,121,0.0,0.0015315893
47,122,0.0,0.002589548
47,123,0.0,0.0023195539
47,124,0.0,0.0028300495
47,125,0.0,0.0023668846
47,126,0.0,0.001781777
47,127,0.0,0.0023607104
47,128,0.0,0.0032518422
47,129,0.0,0.0023266058
47,130,0.157710656875666,0.0027514538
47,131,0.0,0.003742671
47,132,0.0,0.002340245
47,133,0.0,0.0017534643
47,134,0.0,0.0031990306
47,135,0.0,0.0018846514
47,136,0.0,0.0019882335
47,137,0.0,0.0014888984
47,138,0.0,0.0014911783
47,139,0.0,0.0027461722
47,140,0.0,0.0031099198
47,141,0.0,0.001931062
47,142,0.0,0.0023822547
47,143,0.0,0.0023177913
47,144,0.0,0.002455832
47,145,0.0,0.0024744952
47,146,0.0,0.0014848989
47,147,0.0,0.0014918642
47,148,0.0,0.001486538
47,149,0.0,0.0025645588
47,150,0.0,0.005702419
47,151,0.0,0.0025383392
47,152,0.0,0.0014999053
47,153,0.152880880793646,0.0022591706
47,154,0.0,0.001651356
47,155,0.153707397681035,0.0026412196
47,156,0.0,0.002158918
47,157,0.0,0.0023173052
47,158,0.0,0.0024946448
47,159,0.0,0.0014940728
47,160,0.0,0.0035759457
47,161,0.0,0.0027817804
47,162,0.0,0.004500963
47,163,0.0,0.0019599646
47,164,0.0,0.0020680362
47,165,0.0,0.0027866536
47,166,0.0,0.0016827099
47,167,0.0,0.001493868
47,168,-0.152479852019227,0.001900753
47,169,0.0,0.0017730901
47,170,0.0,0.002294992
47,171,0.0,0.003602528
47,172,0.0,0.0025523175
47,173,0.0,0.002119584
47,174,0.0,0.0014908905
47,175,0.0,0.0014957436
47,176,0.0,0.0025733397
47,177,0.0,0.0025770701
47,178,0.146827687168234,0.002109779
47,179,0.0,0.0017788489
47,180,0.0,0.0035191365
47,181,0.0,0.0018892772
47,182,0.0,0.0014645774
47,183,-0.152053453734447,0.0021601552
47,184,0.149118168021734,0.002296507
47,185,0.0,0.0022870135
47,186,0.0,0.0025345082
47,187,0.0,0.0025716736
47,188,0.0,0.0026263604
47,189,0.0,0.001486857
47,190,0.0,0.0014999593
47,191,0.0,0.0015202621
47,192,0.0,0.0014706594
47,193,0.0,0.003501549
47,194,0.0,0.0017491039
47,195,0.0,0.0024589244
47,196,0.0,0.0016862759
47,197,0.0,0.0014833584
47,198,0.0,0.0015140772
47,199,0.16581203485181,0.001479913
47,200,0.0,0.001608213
47,201,0.0,0.0019451054
47,202,0.0,0.0016766861
47,203,0.0,0.0024142656
47,204,0.0,0.0014958009
47,205,0.0,0.002113632
47,206,0.0,0.002791896
47,207,0.0,0.0016475506
47,208,0.0,0.001480557
47,209,0.0,0.003199081
47,210,0.0,0.0026740865
47,211,0.0,0.0023758537
47,212,0.0,0.0017518615
47,213,0.0,0.0027140942
47,214,0.0,0.0022609364
47,215,0.0,0.0022981395
47,216,0.0,0.0029188301
47,217,0.0,0.0029189372
47,218,0.0,0.001621379
47,219,0.0,0.0022256314
47,220,0.0,0.0014876719
47,221,0.0,0.0027657421
47,222,0.0,0.0021264157
47,223,0.0,0.0025862856
47,224,0.0,0.0014576763
47,225,0.0,0.0014929548
47,226,0.0,0.002169882
47,227,0.0,0.0022857562
47,228,0.0,0.0018801647
47,229,0.0,0.003136667
47,230,0.0,0.0027325777
47,231,0.0,0.0014828127
47,232,0.0,0.0027610334
47,233,0.0,0.0032226155
47,234,0.0,0.0020615528
47,235,0.142654247081944,0.0017169137
47,236,0.0,0.0022875722
47,237,0.0,0.0018430641
47,238,0.0,0.0027461238
47,239,0.0,0.0030752304
47,240,0.0,0.0022658315
47,241,0.0,0.0020274427
47,242,0.0,0.001926152
47,243,0.0,0.0016872156
47,244,0.0,0.0024859812
47,245,0.0,0.001519091
47,246,0.0,0.0016338518
47,247,0.0,0.0034595216
47,248,0.0,0.0022843187
47,249,0.0,0.0016192454
47,250,0.0,0.0024924167
47,251,0.0,0.0033841934
47,252,0.0,0.0023050462
47,253,0.145523250893916,0.0016268492
47,254,0.150223385481637,0.0015181415
47,255,0.0,0.0024885768
47,256,0.0,0.0016632071
47,257,0.0,0.0033235494
47,258,0.0,0.0026535597
47,259,0.0,0.0017414931
47,260,0.142783913194661,0.0027756863
47,261,0.151921935643715,0.0035874182
47,262,0.148387987257071,0.0024113222
47,263,0.0,0.0016645277
47,264,0.0,0.0024555856
47,265,0.0,0.0014879466
47,266,0.0,0.0034051146
47,267,0.0,0.002017905
47,268,0.0,0.0021233242
48,1,0.0,0.0023913612
48,2,0.0,0.0034453268
48,3,0.0,0.0023098714
48,4,0.144564490669745,0.0022384622
48,5,0.126714929152963,0.003260781
48,6,0.0,0.0023530154
48,7,0.0,0.002383653
48,8,-0.136958821519054,0.0018773666
48,9,0.0,0.002443641
48,10,0.0,0.002710313
48,11,0.0,0.003631303
48,12,0.0,0.0026874207
48,13,0.0,0.001939469
48,14,0.0,0.0017383359
48,15,0.138259772194503,0.0030215979
48,16,0.0,0.002112477
48,17,0.0,0.003077127
48,18,0.0,0.0026212092
48,19,0.0,0.0018518222
48,20,0.0,0.002268632
48,21,0.141219420720757,0.0015093638
48,22,0.0,0.0026433142
48,23,0.0,0.0023788875
48,24,0.0,0.0023072083
48,25,0.0,0.0034431363
48,26,0.0,0.0023398856
48,27,0.0,0.00201893
48,28,0.0,0.00218113
48,29,0.0,0.0035560695
48,30,0.0,0.0024919515
48,31,0.0,0.002431362
48,32,0.0,0.0031330371
48,33,0.0,0.0026821462
48,34,0.0,0.0024831356
48,35,0.0,0.0035994546
48,36,0.0,0.0014983048
48,37,0.0,0.0024753138
48,38,0.0,0.0014662715
48,39,0.144592640781262,0.0032193386
48,40,0.0,0.0016237423
48,41,0.0,0.002671841
48,42,0.0,0.0015884903
48,43,0.0,0.002247773
48,44,0.0,0.0022459887
48,45,0.0,0.002663483
48,46,0.0,0.002442577
48,47,0.0,0.0015067318
48,48,0.0,0.030703487
48,49,0.0,0.002703562
48,50,0.0,0.0025979527
48,51,0.0,0.002670675
48,52,0.0,0.0033807377
48,53,0.0,0.0025741942
48,54,0.0,0.0022858884
48,55,0.0,0.002368221
48,56,0.0,0.0017107353
48,57,0.0,0.0021740776
48,58,0.0,0.0015034834
48,59,0.0,0.0026389188
48,60,0.0,0.0025620237
48,61,0.0,0.0017027813
48,62,0.0,0.0021863654
48,63,0.0,0.0021331394
48,64,-0.152080064416162,0.002610201
48,65,0.0,0.0017366759
48,66,0.0,0.0025521764
48,67,0.0,0.0014907662
48,68,0.0,0.0019822763
48,69,0.0,0.0027708146
48,70,0.0,0.003052291
48,71,0.0,0.002095433
48,72,0.0,0.0025257962
48,73,0.0,0.0027340977
48,74,0.0,0.0023310035
48,75,0.0,0.0027206354
48,76,0.0,0.002433917
48,77,0.0,0.0017346032
48,78,0.0,0.002368447
48,79,0.0,0.0026092664
48,80,-0.156515490776977,0.0034615183
48,81,-0.149123289463296,0.003600087
48,82,0.0,0.0018606125
48,83,0.0,0.0026445421
48,84,0.0,0.0025582626
48,85,0.0,0.0021631308
48,86,0.0,0.0026347707
48,87,0.0,0.0025893464
48,88,0.0,0.0024186228
48,89,0.0,0.0023737722
48,90,0.0,0.0023252605
48,91,0.0,0.002480256
48,92,0.0,0.0021874467
48,93,0.0,0.002473535
48,94,0.0,0.0017410158
48,95,0.0,0.0035747145
48,96,0.0,0.0023366883
48,97,0.0,0.0036308444
48,98,0.0,0.0023850114
48,99,0.0,0.0018173233
48,100,0.0,0.002380426
48,101,0.0,0.0023698155
48,102,0.0,0.0022325646
48,103,0.0,0.0024474962
48,104,0.146530936470397,0.0024632541
48,105,0.0,0.0024744458
48,106,0.0,0.0016892129
48,107,0.150953285853598,0.0023479764
48,108,0.0,0.0020114426
48,109,0.0,0.0022979374
48,110,0.151007378123532,0.0036225286
48,111,0.0,0.0019211019
48,112,0.0,0.0024247942
48,113,-0.14251607719266,0.0020603267
48,114,0.0,0.0023745853
48,115,0.157452679403638,0.0023205304
48,116,0.152829882774982,0.0017325054
48,117,0.0,0.0023132293
48,118,0.0,0.0026288577
48,119,0.0,0.0015519452
48,120,0.0,0.0023573982
48,121,0.0,0.0035455637
48,122,0.0,0.0015101763
48,123,0.0,0.0020936346
48,124,0.0,0.0014951085
48,125,0.0,0.002031852
48,126,0.0,0.0024730759
48,127,0.0,0.0024914234
48,128,0.0,0.0027284157
48,129,0.0,0.0027037342
48,130,0.0,0.003577422
48,131,0.0,0.0026319898
48,132,0.0,0.0026513836
48,133,0.0,0.003181119
48,134,0.0,0.0024828333
48,135,-0.17613630481925,0.0026783892
48,136,0.0,0.0033885138
48,137,0.0,0.0024871882
48,138,0.0,0.0026138588
48,139,0.0,0.0025865166
48,140,0.0,0.0027757892
48,141,0.0,0.0017410163
48,142,0.0,0.003631935
48,143,0.0,0.0022082487
48,144,0.0,0.0023916243
48,145,0.0,0.002387816
48,146,0.151305690375538,0.0029020747
48,147,-0.153769903090542,0.002557517
48,148,0.0,0.0015676506
48,149,0.0,0.0027602082
48,150,-0.146811859878643,0.002692888
48,151,0.0,0.0021407353
48,152,0.0,0.0028858865
48,153,0.0,0.0026656333
48,154,0.0,0.0022451733
48,155,-0.15416227048323,0.0029050866
48,156,0.0,0.0023630536
48,157,0.0,0.0017549191
48,158,0.0,0.00350319
48,159,0.0,0.0018140837
48,160,0.0,0.003431453
48,161,0.0,0.0030790796
48,162,0.0,0.0015412187
48,163,0.0,0.0016798582
48,164,0.0,0.0035857465
48,165,0.0,0.0015850891
48,166,0.0,0.0016454007
48,167,0.0,0.0021819044
48,168,0.0,0.0026350366
48,169,0.0,0.0014919061
48,170,0.0,0.002844845
48,171,0.0,0.0025902782
48,172,0.0,0.0027685072
48,173,0.0,0.0029257075
48,174,0.0,0.0018369071
48,175,0.0,0.0016220016
48,176,0.0,0.002333921
48,177,0.0,0.0021645194
48,178,0.0,0.0023254957
48,179,0.0,0.0022192756
48,180,0.0,0.0033366778
48,181,0.0,0.0018717963
48,182,0.0,0.002565579
48,183,0.0,0.0027907179
48,184,0.0,0.002467622
48,185,0.0,0.002332779
48,186,0.0,0.0035112877
48,187,0.158995686938974,0.0026710834
48,188,0.140070027267195,0.0016528429
48,189,0.0,0.0032750587
48,190,0.0,0.0019687358
48,191,0.0,0.0016422062
48,192,0.0,0.002101981
48,193,0.0,0.001946527
48,194,0.0,0.0023894017
48,195,0.0,0.0026223073
48,196,0.0,0.0032189735
48,197,0.0,0.0027001468
48,198,0.0,0.0031501255
48,199,0.0,0.00244071
48,200,0.0,0.002139856
48,201,0.0,0.0014865268
48,202,0.0,0.0027864533
48,203,0.0,0.0033185445
48,204,0.0,0.0028238366
48,205,0.0,0.001707348
48,206,0.0,0.0026469203
48,207,0.147115721330004,0.0017066603
48,208,0.0,0.003608528
48,209,0.0,0.002723544
48,210,0.0,0.0023959442
48,211,0.0,0.0025465414
48,212,0.0,0.0020360034
48,213,0.0,0.0025101602
48,214,0.0,0.0027654632
48,215,0.0,0.0019170591
48,216,0.0,0.0025774455
48,217,0.0,0.0025025518
48,218,0.0,0.0026134127
48,219,0.0,0.0023585656
48,220,0.0,0.0017187749
48,221,0.0,0.0020471085
48,222,0.0,0.0026139286
48,223,0.0,0.0015753075
48,224,0.0,0.0029304335
48,225,0.0,0.0028351876
48,226,-0.144605040804628,0.0023867446
48,227,0.0,0.0026170844
48,228,0.14546562143722,0.0014848514
48,229,0.0,0.0015095775
48,230,-0.153579093813737,0.0016463944
48,231,0.0,0.0024388945
48,232,0.0,0.0022469168
48,233,0.0,0.0035903198
48,234,0.0,0.0022863103
48,235,0.0,0.002591453
48,236,0.0,0.002273935
48,237,0.0,0.0025715064
48,238,0.0,0.0026210542
48,239,0.0,0.0026139515
48,240,0.0,0.0016524605
48,241,0.0,0.0025605918
48,242,0.0,0.0024103406
48,243,0.0,0.0028797816
48,244,0.0,0.002553972
48,245,0.0,0.0017645289
48,246,0.0,0.0024458421
48,247,0.0,0.0028209798
48,248,0.0,0.002107664
48,249,-0.159145099950029,0.0022815708
48,250,0.0,0.0017244117
48,251,0.0,0.0024479073
48,252,0.0,0.0032791202
48,253,0.0,0.0024818308
48,254,0.0,0.0035340958
48,255,0.0,0.0020536021
48,256,0.0,0.003055904
48,257,0.0,0.0034443876
48,258,0.0,0.0023088013
48,259,0.0,0.0029131826
48,260,0.0,0.0032480862
48,261,0.0,0.003029048
48,262,0.148827118103042,0.002428405
48,263,0.0,0.0027123033
48,264,0.0,0.0033179442
48,265,0.0,0.0026670215
48,266,0.0,0.0015543564
48,267,0.0,0.001739895
48,268,0.157725878787685,0.0014988976
49,1,0.0,0.0027746055
49,2,0.0,0.0027645812
49,3,0.0,0.002660554
49,4,0.0,0.0027073952
49,5,0.0,0.0031994795
49,6,0.13744425691363,0.0035033938
49,7,0.0,0.001682506
49,8,0.0,0.0030159792
49,9,0.0,0.0021818234
49,10,-0.13904631021195,0.0022485838
49,11,0.0,0.0023825374
49,12,0.0,0.0028116307
49,13,0.0,0.002780932
49,14,0.0,0.0024588373
49,15,0.0,0.0031423606
49,16,0.0,0.0023689144
49,17,0.0,0.0035574813
49,18,0.0,0.00308289
49,19,0.0,0.002317957
49,20,0.0,0.0035816212
49,21,0.0,0.0029551387
49,22,0.0,0.0023093275
49,23,0.0,0.0028038947
49,24,0.0,0.0032978333
49,25,0.0,0.0024772035
49,26,0.0,0.0016678134
49,27,0.0,0.0027505527
49,28,-0.140494843994138,0.0026020557
49,29,0.0,0.0025950512
49,30,0.0,0.0026441445
49,31,0.0,0.0021491335
49,32,0.0,0.0024383268
49,33,0.0,0.002109943
49,34,0.0,0.002584084
49,35,0.0,0.0023670928
49,36,0.0,0.0024435068
49,37,0.0,0.002391636
49,38,0.0,0.0028744796
49,39,0.0,0.003187946
49,40,0.0,0.00265302
49,41,0.0,0.002313416
49,42,0.0,0.0023300727
49,43,0.0,0.0033403821
49,44,0.0,0.0021421602
49,45,0.0,0.0027199094
49,46,0.0,0.0035337037
49,47,0.0,0.0015702792
49,48,0.0,0.002703562
49,49,0.0,0.030703487
49,50,0.0,0.0023287726
49,51,0.0,0.0026946464
49,52,0.0,0.0032951455
49,53,-0.152955192770266,0.0027590408
49,54,0.0,0.003088736
49,55,0.0,0.002314364
49,56,0.0,0.002331656
49,57,-0.140857850595751,0.0019957125
49,58,0.0,0.0035697604
49,59,0.0,0.0024793334
49,60,0.0,0.0027751606
49,61,0.0,0.0026308438
49,62,-0.168931416557457,0.0025943061
49,63,0.0,0.002025132
49,64,0.0,0.0023399568
49,65,0.0,0.0026606787
49,66,0.0,0.0033487184
49,67,0.0,0.0034358753
49,68,0.0,0.0024225432
49,69,0.0,0.0023864005
49,70,0.0,0.0033094967
49,71,0.0,0.0022007367
49,72,0.0,0.0029059444
49,73,0.0,0.0035118228
49,74,0.0,0.0021661776
49,75,0.0,0.0024460894
49,76,0.0,0.0024891398
49,77,0.0,0.00154512
49,78,0.0,0.0027380073
49,79,0.0,0.0029139053
49,80,0.154831819568494,0.003171097
49,81,0.0,0.0031093024
49,82,0.0,0.00226646
49,83,0.0,0.0036324756
49,84,-0.155825966626679,0.0023156032
49,85,0.0,0.002849841
49,86,0.0,0.002612113
49,87,0.0,0.0016673799
49,88,0.0,0.0022002347
49,89,0.0,0.0030840044
49,90,0.0,0.0016530235
49,91,0.0,0.0021596001
49,92,0.0,0.00248721
49,93,0.0,0.0025868844
49,94,0.0,0.0025697737
49,95,0.0,0.0036329562
49,96,-0.161542856600452,0.0019989507
49,97,0.0,0.0021354072
49,98,0.0,0.0026604445
49,99,0.0,0.0030701165
49,100,0.0,0.0023968318
49,101,0.0,0.0024641291
49,102,0.0,0.0025496823
49,103,0.0,0.0022570188
49,104,0.0,0.0024449024
49,105,-0.158882024462308,0.0036150864
49,106,0.0,0.0025371672
49,107,0.0,0.003039441
49,108,0.0,0.0025881748
49,109,0.0,0.0019747321
49,110,0.0,0.0015916075
49,111,0.0,0.0021725092
49,112,-0.154573886163569,0.0021552774
49,113,0.0,0.003533448
49,114,0.0,0.0016554007
49,115,0.0,0.003479167
49,116,0.0,0.0025619762
49,117,0.0,0.002719252
49,118,0.0,0.0015766541
49,119,0.0,0.0023904229
49,120,0.0,0.0032866225
49,121,0.0,0.0016894694
49,122,0.0,0.0027941535
49,123,0.144190010248052,0.0027203797
49,124,0.0,0.002068433
49,125,0.0,0.0031283437
49,126,0.0,0.0023021977
49,127,0.0,0.0034591309
49,128,0.0,0.0024629869
49,129,0.0,0.0025079092
49,130,0.0,0.0036299438
49,131,0.0,0.0020220298
49,132,0.0,0.0023840843
49,133,0.0,0.0024488862
49,134,0.0,0.0021903324
49,135,0.174241568242566,0.002619863
49,136,0.153047957984829,0.0034940382
49,137,0.0,0.0024008183
49,138,0.0,0.0028105443
49,139,0.0,0.0025601503
49,140,0.0,0.0024686996
49,141,0.0,0.0020550187
49,142,0.0,0.002542758
49,143,0.0,0.0026561646
49,144,0.0,0.0018768208
49,145,0.148605898535612,0.00255109
49,146,-0.149678062124172,0.002388048
49,147,0.0,0.0020543546
49,148,0.0,0.002267127
49,149,-0.145758517024821,0.002390677
49,150,0.0,0.0017748484
49,151,0.0,0.0020873887
49,152,0.0,0.002459976
49,153,0.0,0.0029504723
49,154,0.0,0.002604519
49,155,0.0,0.0020123944
49,156,0.0,0.0036131372
49,157,-0.151565161331743,0.001782835
49,158,0.0,0.0035281018
49,159,0.0,0.0026742807
49,160,0.0,0.0024273433
49,161,0.0,0.0025696992
49,162,0.144682685922395,0.0026450292
49,163,0.0,0.0025245333
49,164,0.0,0.0026845918
49,165,0.0,0.0024946458
49,166,0.155276164620905,0.002603828
49,167,0.0,0.0023870626
49,168,0.0,0.002038836
49,169,0.0,0.0033596763
49,170,-0.151554004669777,0.0026671402
49,171,0.159818463953602,0.0023861378
49,172,0.0,0.0032336488
49,173,0.0,0.0026542088
49,174,0.0,0.0023350208
49,175,0.0,0.0014804383
49,176,0.0,0.0020396262
49,177,0.0,0.0027644564
49,178,0.0,0.0035150335
49,179,0.0,0.0023729093
49,180,0.0,0.002455155
49,181,0.0,0.002639993
49,182,0.0,0.002359271
49,183,0.0,0.0019145021
49,184,0.0,0.0018475908
49,185,0.0,0.002765119
49,186,0.0,0.0025540655
49,187,0.0,0.0023594606
49,188,0.0,0.00232994
49,189,0.0,0.0014838898
49,190,0.0,0.0023775268
49,191,0.0,0.0035744095
49,192,-0.157766466954114,0.0022397148
49,193,0.0,0.0026667188
49,194,0.0,0.0028554439
49,195,0.0,0.0023677326
49,196,0.0,0.0022852994
49,197,0.0,0.0026561935
49,198,0.0,0.0016616029
49,199,0.0,0.0015860009
49,200,0.0,0.0031033955
49,201,0.0,0.002346401
49,202,0.0,0.002214552
49,203,0.0,0.0023848666
49,204,0.163105802397916,0.0026256694
49,205,0.0,0.0036260607
49,206,0.0,0.0025375644
49,207,0.0,0.0035907207
49,208,0.0,0.0034315656
49,209,0.0,0.002366316
49,210,0.0,0.003617284
49,211,0.0,0.0035896688
49,212,0.0,0.0019863173
49,213,0.0,0.002763208
49,214,0.0,0.0034243837
49,215,0.0,0.0021347543
49,216,0.0,0.0024269195
49,217,-0.144510146366176,0.0031538429
49,218,0.0,0.0031139893
49,219,0.0,0.002351644
49,220,0.0,0.0027342509
49,221,0.0,0.0026239003
49,222,0.0,0.0027020066
49,223,0.0,0.0031020679
49,224,0.0,0.0018920451
49,225,0.0,0.0021067848
49,226,0.0,0.0030831113
49,227,0.0,0.0031293058
49,228,0.0,0.0018741381
49,229,0.0,0.001536536
49,230,0.0,0.0021385625
49,231,0.0,0.0024880394
49,232,0.0,0.0019633793
49,233,-0.147518030733686,0.0034891902
49,234,0.0,0.0015807329
49,235,-0.141537305739174,0.0029056757
49,236,0.0,0.0030355975
49,237,0.0,0.002396821
49,238,0.0,0.0026238728
49,239,0.0,0.0035067843
49,240,0.0,0.0025277673
49,241,0.0,0.0017845449
49,242,0.0,0.00198452
49,243,0.0,0.0017134785
49,244,0.0,0.0024691913
49,245,0.0,0.0015683924
49,246,0.0,0.0028438093
49,247,0.0,0.0023197741
49,248,0.0,0.0031550708
49,249,0.0,0.0026565255
49,250,0.0,0.0023823055
49,251,0.0,0.0018247371
49,252,0.0,0.0024230173
49,253,0.0,0.0031180615
49,254,0.0,0.002540105
49,255,0.0,0.002215989
49,256,0.0,0.0019243495
49,257,0.0,0.002069876
49,258,0.0,0.002590523
49,259,0.0,0.0025509829
49,260,0.0,0.0031894478
49,261,0.0,0.0023686122
49,262,0.0,0.0027440377
49,263,0.0,0.0035966719
49,264,0.0,0.002693905
49,265,0.0,0.0035953154
49,266,0.0,0.0014817431
49,267,-0.152934423187322,0.002434018
49,268,0.0,0.0015168609
50,1,0.0,0.0027685184
50,2,0.0,0.0023154137
50,3,0.0,0.0026301919
50,4,0.0,0.0031541102
50,5,0.0,0.0022423249
50,6,0.143957086714897,0.0026138355
50,7,-0.145662904153249,0.0016788556
50,8,0.0,0.0027723173
50,9,0.0,0.0015019048
50,10,0.0,0.003207806
50,11,-0.152050967167165,0.002496866
50,12,0.0,0.0022741375
50,13,0.0,0.0026261457
50,14,0.0,0.0020015961
50,15,0.0,0.0035461043
50,16,0.0,0.0028105984
50,17,0.0,0.003582776
50,18,0.0,0.0025239252
50,19,0.0,0.0028020144
50,20,0.0,0.0028700917
50,21,0.0,0.003372945
50,22,0.0,0.0026369346
50,23,0.0,0.0028529326
50,24,0.0,0.0023151496
50,25,0.0,0.002144395
50,26,0.0,0.002773257
50,27,0.0,0.0035380893
50,28,0.0,0.0033048843
50,29,0.0,0.0026849401
50,30,0.0,0.0036272015
50,31,0.0,0.0029093707
50,32,0.0,0.002419686
50,33,0.0,0.002211241
50,34,0.0,0.0031638383
50,35,0.0,0.0022368333
50,36,0.0,0.0024239528
50,37,0.138453467682409,0.0022814102
50,38,0.0,0.0024365243
50,39,0.0,0.0030664848
50,40,0.0,0.0024266373
50,41,0.0,0.0017624944
50,42,0.0,0.0025703623
50,43,0.0,0.0027382206
50,44,0.0,0.0027166558
50,45,0.0,0.0023118993
50,46,0.0,0.0035596117
50,47,0.0,0.0025705444
50,48,0.0,0.0025979527
50,49,0.0,0.0023287726
50,50,0.820844599744305,0.030703487
50,51,0.0,0.0021880977
50,52,0.0,0.0032429555
50,53,0.0,0.0017347871
50,54,0.0,0.0030690804
50,55,0.0,0.0022378108
50,56,0.16338190175044,0.0021068715
50,57,0.0,0.0017454885
50,58,0.0,0.0027144263
50,59,0.0,0.0022562528
50,60,0.0,0.0023969645
50,61,0.0,0.00276664
50,62,-0.174617948168541,0.0030169333
50,63,0.0,0.0024662628
50,64,0.0,0.0027682153
50,65,0.0,0.002538743
50,66,0.0,0.0024116267
50,67,0.0,0.0015438865
50,68,0.0,0.003088025
50,69,0.0,0.0027645803
50,70,0.150494393510965,0.0026919148
50,71,0.163190577584586,0.0029104194
50,72,0.0,0.0019003851
50,73,0.0,0.0023898184
50,74,-0.166892837226958,0.0036266907
50,75,0.0,0.0015928196
50,76,0.0,0.0026146173
50,77,0.0,0.0032873363
50,78,0.0,0.0027716886
50,79,0.0,0.002365171
50,80,0.0,0.003554142
50,81,0.0,0.0028324788
50,82,0.0,0.0024062647
50,83,0.0,0.0016555279
50,84,0.0,0.0026662513
50,85,0.0,0.0027793567
50,86,0.0,0.0026474516
50,87,0.0,0.002492879
50,88,0.0,0.0025395863
50,89,0.0,0.0018812041
50,90,0.0,0.0023948927
50,91,0.0,0.0028525093
50,92,0.0,0.002134256
50,93,0.0,0.001694825
50,94,0.0,0.0032496592
50,95,0.0,0.0035665669
50,96,0.166980676156596,0.0021427092
50,97,0.0,0.0023059067
50,98,0.0,0.0032938295
50,99,0.0,0.0032369862
50,100,0.0,0.0021859733
50,101,0.0,0.0030755284
50,102,0.0,0.0025741467
50,103,0.0,0.0035956558
50,104,0.0,0.0023012557
50,105,0.0,0.0016382351
50,106,0.0,0.0025980696
50,107,0.0,0.0016672583
50,108,0.0,0.0018728282
50,109,0.0,0.0025077136
50,110,0.0,0.002353256
50,111,0.0,0.0026742877
50,112,-0.159777117793479,0.0024255873
50,113,0.0,0.0021839226
50,114,0.0,0.003509657
50,115,0.0,0.0029173717
50,116,0.0,0.0035565617
50,117,0.0,0.002387599
50,118,0.161760930465688,0.002544708
50,119,0.0,0.0027925638
50,120,0.151926909790661,0.0023873718
50,121,0.0,0.0025574155
50,122,-0.156970553683751,0.0022311383
50,123,0.0,0.0023683328
50,124,0.0,0.0028362288
50,125,0.0,0.0027160728
50,126,0.0,0.0016848724
50,127,0.0,0.0019550957
50,128,0.0,0.002072839
50,129,0.0,0.0027690115
50,130,0.0,0.0024110493
50,131,0.0,0.0034098178
50,132,0.0,0.003382496
50,133,0.0,0.0023169797
50,134,0.0,0.0023439173
50,135,0.0,0.0031108656
50,136,0.0,0.0022684876
50,137,0.0,0.001786191
50,138,0.0,0.0027914583
50,139,0.0,0.0023257313
50,140,0.0,0.0024589226
50,141,0.0,0.0027846587
50,142,0.0,0.0018545254
50,143,0.0,0.002410293
50,144,0.0,0.002139877
50,145,0.0,0.0027734642
50,146,0.0,0.0028038374
50,147,0.0,0.0019814167
50,148,0.0,0.0026580715
50,149,0.0,0.0018680096
50,150,0.0,0.002098749
50,151,0.0,0.00250059
50,152,0.161476745593272,0.0025579291
50,153,0.0,0.003437724
50,154,0.0,0.002755397
50,155,0.0,0.0024102652
50,156,0.0,0.002315232
50,157,0.0,0.0032504494
50,158,0.0,0.002491166
50,159,0.0,0.0026359097
50,160,-0.157910353924838,0.0017404826
50,161,0.0,0.0026925593
50,162,0.0,0.0022981036
50,163,0.0,0.002448718
50,164,-0.146294954925072,0.0016445993
50,165,0.0,0.0024229395
50,166,0.0,0.0020638844
50,167,0.0,0.002777122
50,168,0.0,0.0020206277
50,169,0.0,0.002579586
50,170,0.0,0.00237309
50,171,0.0,0.0025466108
50,172,0.0,0.0023888783
50,173,0.0,0.0024795379
50,174,0.163139668392928,0.0025523752
50,175,0.0,0.0015570256
50,176,0.0,0.0022923271
50,177,0.150512530645864,0.0023218486
50,178,-0.150581851620705,0.0025259494
50,179,0.0,0.002989673
50,180,0.0,0.002707298
50,181,0.0,0.002526544
50,182,0.0,0.00260932
50,183,-0.155941233225458,0.00326605
50,184,0.0,0.0034464756
50,185,0.0,0.0020158961
50,186,0.0,0.0026741726
50,187,0.0,0.0016055936
50,188,0.0,0.0025148373
50,189,0.0,0.002720734
50,190,-0.160576994708316,0.0027949507
50,191,0.0,0.002496196
50,192,0.0,0.002553315
50,193,0.0,0.0024224292
50,194,0.0,0.0027621612
50,195,0.0,0.0025425712
50,196,0.156964657139456,0.0014914502
50,197,0.0,0.00227851
50,198,0.0,0.0017934381
50,199,0.0,0.0025809612
50,200,0.0,0.0017873296
50,201,0.0,0.0026831063
50,202,0.0,0.0022908272
50,203,0.0,0.002044694
50,204,0.0,0.002142821
50,205,0.0,0.0035302658
50,206,-0.165462733238529,0.003561743
50,207,0.0,0.0018830774
50,208,0.0,0.0027016238
50,209,0.0,0.0027962197
50,210,0.0,0.0023569064
50,211,0.0,0.0027389536
50,212,0.0,0.0021657953
50,213,0.0,0.0035060085
50,214,0.0,0.0014857315
50,215,0.0,0.0023846924
50,216,0.147715542426941,0.003514262
50,217,0.0,0.0029207994
50,218,0.0,0.0016106819
50,219,0.0,0.0024210322
50,220,0.0,0.0034201401
50,221,0.0,0.002788052
50,222,0.0,0.0027679238
50,223,0.0,0.002775841
50,224,0.0,0.00351603
50,225,0.0,0.002214294
50,226,0.0,0.0025633303
50,227,0.155134048168593,0.0026292372
50,228,0.0,0.0025233687
50,229,0.0,0.0027618734
50,230,0.0,0.0025233831
50,231,0.0,0.002730669
50,232,0.0,0.0027645375
50,233,0.0,0.0014774706
50,234,0.0,0.0022534197
50,235,0.146301702910731,0.002890259
50,236,0.0,0.0016049664
50,237,0.150265248120128,0.0014962065
50,238,0.0,0.0020157052
50,239,0.0,0.0023494265
50,240,0.0,0.0023940704
50,241,0.0,0.0014921837
50,242,0.0,0.0023074402
50,243,0.0,0.0023143454
50,244,0.0,0.0025286782
50,245,0.0,0.0026424942
50,246,0.0,0.0026552267
50,247,0.0,0.0023459527
50,248,0.0,0.00358142
50,249,0.0,0.0019438313
50,250,0.0,0.0021453886
50,251,0.0,0.002680983
50,252,0.0,0.002871795
50,253,0.0,0.0018841703
50,254,0.0,0.0020989743
50,255,0.0,0.0023504584
50,256,0.0,0.0024125278
50,257,0.0,0.0018189815
50,258,0.0,0.0026025837
50,259,0.0,0.0019030906
50,260,0.0,0.0022352394
50,261,0.0,0.0024374737
50,262,0.0,0.002155325
50,263,0.0,0.0026120194
50,264,0.0,0.0034310832
50,265,0.0,0.0018264432
50,266,0.0,0.0032952307
50,267,0.0,0.0024821213
50,268,0.0,0.0016399757
51,1,0.0,0.0027362178
51,2,0.0,0.0023994804
51,3,0.0,0.0017164014
51,4,0.0,0.0020527602
51,5,0.0,0.0023995875
51,6,0.0,0.0025388338
51,7,0.0,0.002961059
51,8,0.0,0.0024161153
51,9,0.0,0.0023584566
51,10,0.153147623006158,0.0026079607
51,11,0.0,0.0025819386
51,12,0.0,0.0025661336
51,13,0.0,0.0023821509
51,14,0.0,0.0014782911
51,15,0.150599035093142,0.003080591
51,16,0.0,0.0018702671
51,17,0.0,0.0024264106
51,18,0.0,0.0026715444
51,19,0.0,0.0030206647
51,20,0.0,0.0018497519
51,21,0.0,0.0018709973
51,22,0.0,0.0014865105
51,23,0.0,0.0025973506
51,24,0.0,0.0016280469
51,25,0.0,0.0025522085
51,26,0.0,0.0014988054
51,27,0.0,0.0014846721
51,28,0.0,0.0024697185
51,29,0.144894880347298,0.002471543
51,30,0.0,0.0016173013
51,31,0.0,0.0025056954
51,32,0.0,0.0017382074
51,33,0.0,0.0024737944
51,34,0.0,0.0019859606
51,35,0.0,0.0016818959
51,36,0.0,0.0021273135
51,37,0.0,0.0015508775
51,38,0.0,0.0024411632
51,39,0.0,0.0014991197
51,40,-0.153801815817624,0.0025946298
51,41,0.0,0.0023481962
51,42,0.0,0.0024830922
51,43,0.0,0.0016887207
51,44,0.0,0.0026183412
51,45,0.0,0.0028316104
51,46,0.0,0.002896144
51,47,0.0,0.0016091727
51,48,0.0,0.002670675
51,49,0.0,0.0026946464
51,50,0.0,0.0021880977
51,51,0.0,0.030703487
51,52,0.0,0.002782022
51,53,0.0,0.0031226152
51,54,0.0,0.0022682175
51,55,0.0,0.0017782683
51,56,0.0,0.0017311317
51,57,0.0,0.0018300149
51,58,0.0,0.0021795034
51,59,0.0,0.0023181993
51,60,0.0,0.0017131474
51,61,0.0,0.0015182118
51,62,0.0,0.0016710376
51,63,0.0,0.002786194
51,64,0.0,0.002459234
51,65,0.0,0.002428968
51,66,0.0,0.0015963325
51,67,0.0,0.0014583599
51,68,0.0,0.0034120874
51,69,0.0,0.0016877213
51,70,0.0,0.0027243071
51,71,0.0,0.0031778319
51,72,0.0,0.0014710273
51,73,0.0,0.0016878666
51,74,0.180237902380735,0.0023236764
51,75,0.0,0.0014656279
51,76,0.0,0.0019193725
51,77,0.0,0.0035098912
51,78,0.0,0.0023417142
51,79,0.0,0.0026454125
51,80,0.172841131648762,0.0015707016
51,81,0.0,0.0024417872
51,82,0.0,0.0022110017
51,83,0.0,0.003151279
51,84,0.0,0.0014859354
51,85,0.0,0.0023497948
51,86,0.0,0.0018338738
51,87,0.0,0.0014740843
51,88,0.0,0.0031278231
51,89,0.0,0.0024136752
51,90,0.0,0.0016337037
51,91,0.0,0.001906909
51,92,0.0,0.0026228377
51,93,-0.172105070672391,0.0026990417
51,94,0.0,0.003047096
51,95,0.0,0.0026030578
51,96,0.0,0.0023089545
51,97,0.0,0.0033123614
51,98,0.0,0.0020700884
51,99,0.0,0.0019168658
51,100,0.0,0.0014917343
51,101,0.0,0.0016990346
51,102,0.0,0.0020027258
51,103,0.0,0.0014851345
51,104,0.0,0.001740464
51,105,0.0,0.0014899024
51,106,0.0,0.0015072739
51,107,0.0,0.0021365052
51,108,0.0,0.001895519
51,109,0.0,0.0017378391
51,110,0.166758485007562,0.0014858912
51,111,0.0,0.0018253247
51,112,0.0,0.00328237
51,113,0.0,0.0016677692
51,114,0.0,0.0021596034
51,115,0.0,0.0027322671
51,116,0.0,0.0016038003
51,117,0.0,0.0021282881
51,118,0.0,0.002456158
51,119,0.188518596617434,0.0018857713
51,120,0.0,0.0025508371
51,121,0.164089312722864,0.0014857291
51,122,0.169522214383759,0.0025517014
51,123,0.0,0.003256551
51,124,0.0,0.001537534
51,125,0.0,0.0023124283
51,126,0.0,0.0035429238
51,127,0.0,0.0066549936
51,128,-0.170066828287966,0.0017558094
51,129,0.0,0.002745924
51,130,-0.174676363681155,0.0025651604
51,131,-0.172820382523624,0.001486544
51,132,0.0,0.0014934964
51,133,0.0,0.00218589
51,134,0.0,0.002558
51,135,0.0,0.0017909966
51,136,0.0,0.0024064807
51,137,0.0,0.0017334116
51,138,0.184723100487886,0.002177589
51,139,0.0,0.0016455441
51,140,0.0,0.0021832362
51,141,0.0,0.0014694897
51,142,0.0,0.0016415189
51,143,0.0,0.0016808081
51,144,0.0,0.003158494
51,145,0.0,0.0026251655
51,146,0.0,0.0017419765
51,147,0.0,0.002760999
51,148,0.0,0.0025539715
51,149,0.0,0.0034676725
51,150,0.0,0.0014837594
51,151,-0.162027762658875,0.0024698777
51,152,0.0,0.0020815074
51,153,0.0,0.0025499393
51,154,0.0,0.0014816476
51,155,0.0,0.0020564082
51,156,0.165142173537893,0.0029171729
51,157,0.0,0.0025074603
51,158,0.0,0.0026233555
51,159,0.0,0.0017077932
51,160,0.0,0.0018774695
51,161,0.0,0.0022493158
51,162,-0.161511498311538,0.0014835172
51,163,0.0,0.0030756122
51,164,0.0,0.0014698985
51,165,0.0,0.0024305326
51,166,0.0,0.0022083465
51,167,0.0,0.0026138527
51,168,0.0,0.0024703257
51,169,0.0,0.0015215315
51,170,0.0,0.0030240514
51,171,0.0,0.0020321943
51,172,0.0,0.0023738379
51,173,0.0,0.002061781
51,174,0.0,0.0027555209
51,175,0.0,0.0024866848
51,176,0.0,0.0016772309
51,177,0.0,0.0015068986
51,178,0.0,0.0023211385
51,179,0.0,0.0019939034
51,180,0.0,0.0025272244
51,181,0.0,0.002307082
51,182,0.0,0.0047481973
51,183,0.0,0.0014687055
51,184,0.165159538770845,0.0035827141
51,185,0.0,0.0019936217
51,186,0.0,0.0015177634
51,187,0.175580029308171,0.0018290915
51,188,0.0,0.0027877698
51,189,0.0,0.0014777724
51,190,0.0,0.0026977686
51,191,0.0,0.0018650829
51,192,-0.176117123473532,0.004621242
51,193,0.0,0.0019760132
51,194,-0.160966933831041,0.0023631486
51,195,0.0,0.0019500935
51,196,0.0,0.0014814101
51,197,0.0,0.0021502855
51,198,0.0,0.0014582835
51,199,0.0,0.0025806497
51,200,0.0,0.0015551043
51,201,0.0,0.0035598744
51,202,0.0,0.0027723983
51,203,0.0,0.0022258763
51,204,0.0,0.0015832428
51,205,0.0,0.0024208892
51,206,0.0,0.0014702845
51,207,0.0,0.0014888374
51,208,-0.170066346591994,0.0027334206
51,209,0.0,0.0027288166
51,210,0.0,0.0024926304
51,211,-0.162710162860361,0.0025393893
51,212,0.0,0.0021399828
51,213,0.0,0.0014920561
51,214,0.0,0.0014942824
51,215,0.0,0.0023832321
51,216,0.0,0.002481196
51,217,0.0,0.0025462685
51,218,0.0,0.004343386
51,219,0.179158451697681,0.0016532396
51,220,0.0,0.0023337407
51,221,0.0,0.0021577752
51,222,0.0,0.0014913175
51,223,0.0,0.002049473
51,224,0.0,0.0035358611
51,225,0.170100586753643,0.0037906845
51,226,0.0,0.0018012831
51,227,0.0,0.0021522427
51,228,0.160638685029749,0.0026883679
51,229,0.0,0.0029369332
51,230,0.0,0.0035512387
51,231,0.0,0.0020407066
51,232,0.0,0.002395322
51,233,0.0,0.0025226302
51,234,0.0,0.0033667367
51,235,0.0,0.0025140597
51,236,0.0,0.0014880891
51,237,0.0,0.0014823941
51,238,0.0,0.0021540117
51,239,0.0,0.0028250935
51,240,0.0,0.0023456188
51,241,0.0,0.0014799312
51,242,0.0,0.0031330474
51,243,0.0,0.0021575172
51,244,0.0,0.003213441
51,245,0.0,0.001995835
51,246,0.0,0.0021889266
51,247,0.0,0.0025479048
51,248,0.171328162392663,0.002473428
51,249,-0.175745027122673,0.0014727055
51,250,0.0,0.0028471644
51,251,0.0,0.0034737056
51,252,0.0,0.0034353621
51,253,0.0,0.0026874077
51,254,0.0,0.0014742007
51,255,0.0,0.0028963261
51,256,0.0,0.0014784099
51,257,-0.151387150865037,0.0025524385
51,258,0.0,0.0021461127
51,259,0.0,0.0025504157
51,260,0.0,0.0023085498
51,261,0.0,0.0023660548
51,262,0.0,0.0014602179
51,263,0.0,0.0034985314
51,264,0.0,0.0019773087
51,265,0.0,0.0023724483
51,266,0.0,0.0022897455
51,267,0.0,0.0031447918
51,268,0.0,0.0016829018
52,1,0.0,0.0018895897
52,2,0.0,0.0027672895
52,3,0.0,0.001819158
52,4,0.0,0.0018704198
52,5,0.0,0.0016077193
52,6,0.0,0.0026385332
52,7,0.0,0.0024954346
52,8,0.0,0.0026217424
52,9,0.0,0.002271316
52,10,0.0,0.0027620136
52,11,0.0,0.0020977827
52,12,0.0,0.0015253904
52,13,0.0,0.0026759813
52,14,0.0,0.0030294452
52,15,0.0,0.0014834674
52,16,0.0,0.002197594
52,17,0.160950898486344,0.0029497095
52,18,0.0,0.0014824704
52,19,0.0,0.0029094615
52,20,0.0,0.0016230461
52,21,0.0,0.00300181
52,22,0.169173526672332,0.0024495116
52,23,0.0,0.0025188671
52,24,0.0,0.0025512655
52,25,0.0,0.002537218
52,26,0.0,0.0017269147
52,27,0.0,0.0014881506
52,28,0.0,0.0024385876
52,29,0.0,0.0023086304
52,30,0.0,0.00169753
52,31,0.0,0.002501919
52,32,0.0,0.00315549
52,33,0.0,0.0022626556
52,34,0.0,0.0028391206
52,35,0.153194503383844,0.0026898487
52,36,0.0,0.0025739977
52,37,0.0,0.00189783
52,38,0.0,0.0016744738
52,39,0.158383281941564,0.0022863299
52,40,0.0,0.0026310575
52,41,0.0,0.002324022
52,42,0.0,0.001550857
52,43,0.0,0.0019575367
52,44,0.0,0.001801772
52,45,0.0,0.0022637001
52,46,-0.148550107942138,0.0022817925
52,47,0.0,0.002875173
52,48,0.0,0.0033807377
52,49,0.0,0.0032951455
52,50,0.0,0.0032429555
52,51,0.0,0.002782022
52,52,0.0888312398456037,0.030703487
52,53,0.0,0.0024248678
52,54,0.0,0.0024959175
52,55,0.0,0.002603807
52,56,0.0,0.0027503306
52,57,0.0,0.0023553502
52,58,0.0,0.0016498026
52,59,0.0,0.0021386095
52,60,0.0,0.00316823
52,61,0.0,0.0023135315
52,62,0.0,0.0020956816
52,63,0.0,0.0023430153
52,64,0.145823218437257,0.0020538047
52,65,0.0,0.0029480462
52,66,0.0,0.002337683
52,67,0.0,0.0024492675
52,68,0.0,0.0023941975
52,69,0.0,0.0035992456
52,70,0.0,0.0025800252
52,71,0.0,0.002407289
52,72,0.0,0.0018747407
52,73,0.0,0.0024998486
52,74,0.0,0.0015726401
52,75,0.0,0.0027667652
52,76,0.0,0.0024305242
52,77,0.0,0.0024291384
52,78,0.154077334605895,0.0024053436
52,79,0.0,0.0023796572
52,80,0.0,0.0027572177
52,81,0.0,0.0024956674
52,82,0.0,0.0015209168
52,83,0.0,0.003439718
52,84,0.0,0.0022477387
52,85,0.0,0.0027875104
52,86,0.0,0.0023470935
52,87,0.0,0.001479872
52,88,0.0,0.002770924
52,89,0.0,0.0026766267
52,90,0.0,0.0020030881
52,91,0.0,0.0022520348
52,92,0.0,0.0027835798
52,93,0.0,0.001824446
52,94,0.0,0.0014759586
52,95,-0.142109985021996,0.0018010046
52,96,0.0,0.0021190858
52,97,0.148792321680236,0.0016489704
52,98,0.0,0.0030779927
52,99,0.0,0.0027311048
52,100,0.0,0.0017009154
52,101,0.0,0.0031387014
52,102,0.0,0.0017230525
52,103,0.0,0.0016090414
52,104,0.0,0.002144136
52,105,0.0,0.0018669209
52,106,0.147464985533115,0.0018639159
52,107,0.0,0.0026041036
52,108,0.0,0.0021270765
52,109,0.0,0.0027798
52,110,0.0,0.0020713015
52,111,0.0,0.003142146
52,112,0.0,0.0026140618
52,113,0.0,0.0031155436
52,114,0.0,0.0031251772
52,115,0.0,0.0026231995
52,116,0.0,0.002395134
52,117,0.0,0.0025456683
52,118,-0.151686412677328,0.0028808191
52,119,0.163688743784301,0.0022725547
52,120,0.0,0.0025736685
52,121,-0.142477049744549,0.002577121
52,122,0.147194381954379,0.002097838
52,123,0.0,0.0020108004
52,124,0.0,0.0031326949
52,125,0.0,0.0027640914
52,126,0.0,0.0026374068
52,127,0.0,0.0018758816
52,128,0.0,0.0023060576
52,129,-0.143838171970281,0.0025203233
52,130,0.0,0.002524959
52,131,0.0,0.0021586018
52,132,0.0,0.0027496582
52,133,0.0,0.0022909907
52,134,-0.139165006790174,0.002564916
52,135,0.0,0.002478714
52,136,0.0,0.0019575204
52,137,0.0,0.0026983987
52,138,0.0,0.0025096163
52,139,0.0,0.002240243
52,140,0.0,0.0027748076
52,141,0.142525891236137,0.0020336458
52,142,0.0,0.0024051121
52,143,0.0,0.0020748083
52,144,0.0,0.002545129
52,145,0.0,0.003518619
52,146,0.0,0.0017396165
52,147,0.0,0.0027717468
52,148,0.0,0.003444206
52,149,0.0,0.0022037653
52,150,0.0,0.0027939654
52,151,0.0,0.0035591703
52,152,0.0,0.0025591003
52,153,0.0,0.0018427945
52,154,0.0,0.0017405888
52,155,0.0,0.0017267657
52,156,0.0,0.0020064935
52,157,0.0,0.0018388629
52,158,0.0,0.0034817
52,159,0.0,0.002789951
52,160,0.0,0.0023676017
52,161,0.0,0.0025843596
52,162,0.0,0.0025273464
52,163,0.0,0.002570386
52,164,0.0,0.003495738
52,165,0.0,0.0018179151
52,166,0.0,0.0018881429
52,167,0.0,0.002506304
52,168,0.0,0.002527649
52,169,0.0,0.0025726175
52,170,0.0,0.0024534962
52,171,0.0,0.0023776377
52,172,0.0,0.0028077802
52,173,0.0,0.0019508102
52,174,0.0,0.0035492731
52,175,0.0,0.0016380427
52,176,0.0,0.0029267431
52,177,0.0,0.0023491713
52,178,0.0,0.0028289529
52,179,0.0,0.0024561756
52,180,0.0,0.002527642
52,181,0.0,0.003517494
52,182,0.0,0.0015680352
52,183,0.0,0.0025828602
52,184,0.0,0.002277432
52,185,0.0,0.0014993157
52,186,0.0,0.0017343941
52,187,0.152454319874812,0.0023399126
52,188,0.0,0.001659058
52,189,0.0,0.0024175085
52,190,0.0,0.0021697357
52,191,0.0,0.003225871
52,192,0.0,0.0019788025
52,193,0.0,0.0014813025
52,194,0.0,0.0034277928
52,195,0.0,0.0024232124
52,196,0.0,0.0026170872
52,197,0.0,0.002110296
52,198,0.0,0.0023262403
52,199,0.0,0.0035583563
52,200,0.0,0.0035485835
52,201,0.0,0.0034566047
52,202,0.0,0.0034494284
52,203,0.0,0.0027334872
52,204,0.0,0.0027531353
52,205,0.0,0.0014914232
52,206,0.0,0.0035483935
52,207,0.0,0.0020105
52,208,0.0,0.0017566439
52,209,0.0,0.0025285068
52,210,0.0,0.003337449
52,211,0.0,0.0026700585
52,212,0.0,0.0026427251
52,213,0.0,0.003103218
52,214,0.0,0.0023339926
52,215,0.0,0.0021297545
52,216,0.0,0.002422744
52,217,-0.140071520198332,0.0035597002
52,218,0.0,0.0025333543
52,219,0.0,0.0019357596
52,220,0.0,0.002461669
52,221,0.0,0.0024614716
52,222,0.0,0.002229916
52,223,0.0,0.0015818081
52,224,0.14767590190946,0.001490097
52,225,0.147696576689353,0.0034821169
52,226,0.0,0.0017476832
52,227,0.0,0.0027406928
52,228,0.0,0.0024727164
52,229,0.0,0.0026525464
52,230,0.0,0.0018602866
52,231,0.0,0.0023300294
52,232,0.0,0.0021078237
52,233,0.0,0.0021324218
52,234,0.0,0.0027770805
52,235,0.0,0.002418655
52,236,0.0,0.0016945638
52,237,0.0,0.0018285885
52,238,-0.140016641133388,0.00219417
52,239,0.0,0.0023759548
52,240,0.0,0.0023592426
52,241,0.0,0.0023160134
52,242,0.0,0.0024000388
52,243,0.0,0.003350126
52,244,0.0,0.0018137037
52,245,0.0,0.0036302824
52,246,0.0,0.0019970485
52,247,-0.145866037567469,0.0020749215
52,248,0.0,0.002781353
52,249,0.0,0.0026095165
52,250,0.0,0.0029881909
52,251,0.0,0.0026860773
52,252,0.0,0.0023965193
52,253,0.0,0.003478296
52,254,0.0,0.0032758396
52,255,0.0,0.0017929892
52,256,0.0,0.0019292044
52,257,0.0,0.0027719229
52,258,0.0,0.003066252
52,259,0.0,0.0018131034
52,260,-0.137314689665968,0.0014956114
52,261,0.0,0.0014770855
52,262,0.0,0.0023314375
52,263,0.0,0.0019385242
52,264,0.0,0.0024302169
52,265,0.0,0.0033638831
52,266,0.0,0.0024645547
52,267,0.0,0.0027542184
52,268,0.0,0.001860911
53,1,0.0,0.002468842
53,2,0.0,0.0015940471
53,3,0.150296573805873,0.002709697
53,4,0.0,0.0027348213
53,5,0.0,0.0034805285
53,6,0.0,0.0025760042
53,7,0.0,0.0023437496
53,8,0.0,0.0022390233
53,9,0.0,0.002084387
53,10,0.0,0.0022832365
53,11,0.0,0.002240871
53,12,0.0,0.0026168409
53,13,0.0,0.0023890282
53,14,0.0,0.0026629525
53,15,0.0,0.0035551563
53,16,0.0,0.0015510567
53,17,0.0,0.0024052626
53,18,0.0,0.0027631214
53,19,0.0,0.0024061077
53,20,0.0,0.0024033762
53,21,0.0,0.0025506453
53,22,-0.157487734341507,0.0018402473
53,23,0.0,0.00236519
53,24,0.0,0.001565123
53,25,0.0,0.0020945747
53,26,0.0,0.00250299
53,27,-0.142143940407127,0.0014791619
53,28,0.0,0.0025009182
53,29,0.0,0.002353082
53,30,0.0,0.0020197416
53,31,0.0,0.0035928013
53,32,0.0,0.0023387913
53,33,0.0,0.0027675354
53,34,0.0,0.0022795787
53,35,-0.1426124744578,0.0031487881
53,36,0.0,0.0014923722
53,37,0.0,0.0015250742
53,38,0.0,0.0015617823
53,39,0.0,0.002058613
53,40,-0.143983455198048,0.0034496048
53,41,0.0,0.003429751
53,42,0.0,0.0022618482
53,43,0.0,0.002609538
53,44,0.0,0.0020865565
53,45,0.0,0.0026417365
53,46,-0.13828889422697,0.0016660905
53,47,0.0,0.0027684327
53,48,0.0,0.0025741942
53,49,0.0,0.0027590408
53,50,0.0,0.0017347871
53,51,0.0,0.0031226152
53,52,0.0,0.0024248678
53,53,0.718814517837018,0.030703487
53,54,0.0,0.0018126294
53,55,0.0,0.0023801108
53,56,0.0,0.0024306532
53,57,0.0,0.0024530697
53,58,0.0,0.0022837915
53,59,0.0,0.0027731596
53,60,0.0,0.0025794096
53,61,0.144244838762937,0.0023085177
53,62,0.0,0.0023328844
53,63,0.0,0.0023573763
53,64,0.0,0.0014812769
53,65,0.0,0.0024130428
53,66,0.0,0.001732571
53,67,0.0,0.002964544
53,68,0.0,0.0020304471
53,69,0.0,0.0015942138
53,70,0.0,0.0018021273
53,71,0.0,0.002311891
53,72,0.0,0.0032180827
53,73,0.0,0.0026864107
53,74,0.0,0.002613742
53,75,0.0,0.0022521992
53,76,0.0,0.0018257224
53,77,0.0,0.0024126852
53,78,0.0,0.002418295
53,79,0.0,0.0022689784
53,80,0.0,0.0024226909
53,81,0.0,0.0027757874
53,82,0.0,0.002957398
53,83,0.0,0.0023769205
53,84,0.0,0.002776384
53,85,0.0,0.0023365472
53,86,-0.162122654009825,0.003486243
53,87,0.0,0.001494206
53,88,0.0,0.0025333655
53,89,0.0,0.0015491461
53,90,0.0,0.0022984836
53,91,0.0,0.0035038372
53,92,0.0,0.0022886065
53,93,0.0,0.0014812835
53,94,0.0,0.0016306611
53,95,0.0,0.0018421202
53,96,0.0,0.0016514342
53,97,0.0,0.0027724905
53,98,0.0,0.0019941758
53,99,0.0,0.003531945
53,100,0.0,0.0034835031
53,101,0.0,0.0022386415
53,102,0.0,0.0014868295
53,103,0.0,0.0022984883
53,104,0.0,0.002601434
53,105,0.0,0.0014884798
53,106,0.0,0.0021985043
53,107,0.0,0.0028817616
53,108,0.0,0.0018531214
53,109,0.0,0.0024224427
53,110,0.0,0.0024139304
53,111,0.153067139310438,0.0023226682
53,112,0.158269499713117,0.0033439058
53,113,0.0,0.002267404
53,114,0.0,0.0020462768
53,115,0.0,0.0020044209
53,116,0.0,0.0034673517
53,117,0.0,0.0019971575
53,118,0.0,0.0024286052
53,119,0.0,0.002233244
53,120,0.0,0.0023424895
53,121,0.0,0.0024735434
53,122,0.0,0.001876886
53,123,0.0,0.0018511699
53,124,0.0,0.002872603
53,125,0.0,0.0032235584
53,126,0.0,0.00278182
53,127,0.0,0.0021725148
53,128,0.0,0.0027896948
53,129,0.0,0.0016382732
53,130,-0.160216914146676,0.0025111106
53,131,0.0,0.0019024792
53,132,0.0,0.0021676873
53,133,0.0,0.002665596
53,134,0.0,0.0021837433
53,135,0.0,0.0019409647
53,136,0.0,0.0023503657
53,137,0.0,0.0017009214
53,138,0.169431997026214,0.002790661
53,139,0.0,0.002953929
53,140,0.0,0.002077126
53,141,0.0,0.002498094
53,142,0.0,0.0017954716
53,143,0.0,0.0018868605
53,144,0.0,0.0014951513
53,145,0.0,0.002586932
53,146,-0.153256624378023,0.0016981075
53,147,0.0,0.0022897143
53,148,0.0,0.0024426277
53,149,0.0,0.0035706088
53,150,0.0,0.0026464234
53,151,0.0,0.0023404295
53,152,0.0,0.0017220038
53,153,0.0,0.002740277
53,154,0.0,0.0017441073
53,155,0.0,0.0022672112
53,156,0.0,0.0025622938
53,157,0.0,0.002391553
53,158,0.0,0.0023454088
53,159,0.0,0.0022287937
53,160,0.0,0.0022972827
53,161,0.0,0.0014990577
53,162,0.0,0.0025241603
53,163,0.0,0.0024174685
53,164,-0.144914551259285,0.0016311556
53,165,0.0,0.0026372601
53,166,0.0,0.0031114952
53,167,0.0,0.0027819555
53,168,0.0,0.003212567
53,169,0.0,0.0014873068
53,170,-0.155177417699278,0.0027860743
53,171,0.0,0.0020488882
53,172,0.0,0.0023215609
53,173,0.0,0.0023467173
53,174,0.0,0.0022526458
53,175,0.158660098767326,0.00244813
53,176,0.156337980379696,0.0035530655
53,177,0.0,0.0018792115
53,178,-0.149160997838806,0.0025843377
53,179,0.0,0.0019143107
53,180,0.0,0.0018908363
53,181,0.0,0.0019785739
53,182,0.0,0.0027471487
53,183,0.0,0.0026923097
53,184,0.0,0.0025160005
53,185,0.0,0.0016907104
53,186,0.0,0.0024539065
53,187,0.0,0.003266993
53,188,0.0,0.0028290637
53,189,0.0,0.0027671396
53,190,0.0,0.0034592003
53,191,0.0,0.0023492142
53,192,0.0,0.0015927139
53,193,0.0,0.002642719
53,194,0.0,0.0023376774
53,195,-0.153503195578888,0.0025246101
53,196,0.0,0.0025468273
53,197,0.0,0.0026574973
53,198,0.0,0.0026512248
53,199,0.0,0.0023362748
53,200,0.0,0.0027708826
53,201,0.0,0.0027913633
53,202,0.0,0.0022632387
53,203,0.0,0.002170105
53,204,0.0,0.0026550195
53,205,0.0,0.0016232315
53,206,0.0,0.0022566947
53,207,0.0,0.0022676205
53,208,0.0,0.0021207836
53,209,0.0,0.0024229377
53,210,0.0,0.003408141
53,211,0.149241257628736,0.0026836232
53,212,0.0,0.0014881236
53,213,0.0,0.0024805674
53,214,0.0,0.0023092716
53,215,0.0,0.001571299
53,216,0.0,0.001624085
53,217,0.0,0.0018652054
53,218,0.0,0.0023628566
53,219,0.0,0.0014905552
53,220,0.160946622454473,0.0024565519
53,221,0.0,0.0014612498
53,222,0.0,0.0026144902
53,223,0.0,0.0019873073
53,224,0.0,0.0017064838
53,225,0.0,0.0032205097
53,226,0.0,0.0024408791
53,227,0.0,0.001947368
53,228,0.147341253651383,0.0018280093
53,229,0.169070246974189,0.0022845883
53,230,0.0,0.003496944
53,231,0.0,0.0023106881
53,232,0.0,0.0022790497
53,233,0.0,0.0017947466
53,234,0.0,0.0014976999
53,235,0.0,0.0029359683
53,236,0.0,0.0014788895
53,237,0.0,0.0020728991
53,238,0.0,0.0027338369
53,239,0.0,0.0027430994
53,240,0.0,0.003194096
53,241,0.0,0.0021232776
53,242,0.0,0.0018454241
53,243,0.0,0.0021060407
53,244,0.0,0.0024223565
53,245,0.0,0.0014667055
53,246,0.0,0.001479358
53,247,0.0,0.0027426821
53,248,0.0,0.003540142
53,249,0.0,0.002761655
53,250,0.0,0.0014880868
53,251,0.0,0.0017660144
53,252,0.0,0.0025450168
53,253,0.0,0.0027722148
53,254,0.0,0.0034419326
53,255,0.0,0.002253464
53,256,0.0,0.0025502131
53,257,0.0,0.0031327591
53,258,-0.150167059813519,0.0019391663
53,259,0.0,0.0020087478
53,260,0.0,0.0035118237
53,261,0.154336201511195,0.002196351
53,262,0.0,0.0024570408
53,263,0.0,0.0036239508
53,264,0.0,0.002629038
53,265,0.0,0.0020452403
53,266,0.0,0.0014932281
53,267,0.0,0.0025868989
53,268,0.0,0.0017408947
54,1,0.0,0.0026254929
54,2,0.0,0.0023025717
54,3,0.0,0.0022380254
54,4,0.0,0.0035131671
54,5,0.0,0.0024590609
54,6,0.0,0.0024924702
54,7,0.0,0.0021018256
54,8,0.0,0.0036002141
54,9,0.0,0.002390026
54,10,0.0,0.0021826033
54,11,0.0,0.0025573242
54,12,0.0,0.002322622
54,13,0.0,0.0014916039
54,14,0.0,0.003447744
54,15,0.0,0.0018045157
54,16,0.0,0.0034644674
54,17,0.0,0.002366566
54,18,0.0,0.0032140044
54,19,0.146251384651823,0.002970315
54,20,0.0,0.0030299095
54,21,0.0,0.0015153056
54,22,0.0,0.0026935032
54,23,0.0,0.0022671157
54,24,0.0,0.0027877763
54,25,0.0,0.0016899663
54,26,0.0,0.0015346347
54,27,0.0,0.0028214166
54,28,0.0,0.0025147772
54,29,0.0,0.0038233763
54,30,0.0,0.0024839393
54,31,0.0,0.0027685296
54,32,0.0,0.0014598658
54,33,0.0,0.0022286922
54,34,0.0,0.0035578478
54,35,0.0,0.0023672078
54,36,0.0,0.002303836
54,37,0.0,0.0014589122
54,38,0.0,0.0014917543
54,39,0.0,0.003546467
54,40,0.0,0.0016214857
54,41,0.0,0.0029268689
54,42,0.0,0.0017122086
54,43,0.0,0.002473441
54,44,-0.131487235016391,0.0024317726
54,45,0.0,0.0025968435
54,46,0.0,0.0029103486
54,47,0.0,0.0014786436
54,48,0.0,0.0022858884
54,49,0.0,0.003088736
54,50,-0.139071064505403,0.0030690804
54,51,0.0,0.0022682175
54,52,0.0,0.0024959175
54,53,0.0,0.0018126294
54,54,0.0,0.030703487
54,55,0.174325259536058,0.0032676077
54,56,0.0,0.0026777647
54,57,0.0,0.0017498089
54,58,0.0,0.0019102655
54,59,0.0,0.002414118
54,60,0.0,0.0027964385
54,61,0.0,0.0018101055
54,62,0.0,0.0020630248
54,63,0.0,0.0034356061
54,64,0.0,0.0026135202
54,65,0.0,0.0027915975
54,66,0.0,0.0015345514
54,67,0.0,0.0024312749
54,68,0.0,0.002449755
54,69,0.0,0.0015145731
54,70,0.164642836575147,0.0014884956
54,71,0.0,0.0015515243
54,72,0.0,0.0018181736
54,73,0.0,0.0027813693
54,74,0.0,0.004683979
54,75,0.0,0.0036258628
54,76,0.0,0.0014942666
54,77,0.0,0.0034465594
54,78,-0.179758001651367,0.0023974455
54,79,0.0,0.002920202
54,80,0.0,0.0027371873
54,81,0.0,0.0015485743
54,82,0.0,0.0020821365
54,83,0.0,0.0019026124
54,84,0.0,0.0025717048
54,85,0.0,0.0019420376
54,86,0.0,0.0033300794
54,87,0.18309322179808,0.0030025044
54,88,0.0,0.0022846456
54,89,0.0,0.0021204385
54,90,0.0,0.0014694543
54,91,0.0,0.0019027721
54,92,0.0,0.0017058612
54,93,0.0,0.002282787
54,94,-0.162118450277125,0.0020673177
54,95,0.0,0.0016698865
54,96,0.182679045606139,0.0034773527
54,97,0.0,0.0022477354
54,98,0.0,0.0014799302
54,99,0.0,0.0033004698
54,100,0.0,0.002518876
54,101,0.0,0.0021496667
54,102,0.0,0.0019167098
54,103,0.0,0.002459812
54,104,0.0,0.002317465
54,105,0.0,0.0026133386
54,106,0.0,0.0027724514
54,107,0.0,0.0014662598
54,108,0.0,0.0017524296
54,109,0.0,0.0034320033
54,110,0.0,0.0017405646
54,111,0.0,0.0027281079
54,112,-0.174798258457403,0.0020840121
54,113,0.0,0.001489372
54,114,0.0,0.002451355
54,115,0.0,0.0027249912
54,116,0.0,0.0016860804
54,117,0.0,0.0021126643
54,118,0.0,0.0036307373
54,119,0.0,0.003481532
54,120,0.0,0.0016955435
54,121,0.0,0.0017087245
54,122,0.0,0.0033724103
54,123,-0.163055761253513,0.0024453541
54,124,0.0,0.0015836796
54,125,0.0,0.0021662563
54,126,0.0,0.002210063
54,127,0.0,0.00240921
54,128,0.0,0.0016473383
54,129,-0.167812238060187,0.0026966445
54,130,0.0,0.0028785667
54,131,0.0,0.0024535148
54,132,0.0,0.0017416053
54,133,0.0,0.0014951597
54,134,0.0,0.0019182321
54,135,0.0,0.002784716
54,136,0.0,0.0030975873
54,137,0.0,0.0020861677
54,138,0.0,0.002161454
54,139,0.0,0.0026505073
54,140,0.0,0.0026571369
54,141,0.0,0.002281963
54,142,0.0,0.0014921091
54,143,0.0,0.0017408263
54,144,0.0,0.0025406578
54,145,0.168049422222811,0.0023885123
54,146,0.0,0.0025874334
54,147,0.0,0.0030309227
54,148,0.0,0.00301954
54,149,0.0,0.0021441448
54,150,0.0,0.0032753428
54,151,-0.164135879753646,0.0032426897
54,152,0.0,0.0024633142
54,153,0.0,0.0026140874
54,154,0.0,0.0022208914
54,155,0.0,0.0017600525
54,156,0.0,0.0027716788
54,157,0.0,0.0024508107
54,158,0.0,0.001479194
54,159,0.0,0.0014881319
54,160,0.0,0.0014930144
54,161,0.0,0.0015230454
54,162,0.0,0.0016414425
54,163,0.173609496214527,0.0019638287
54,164,0.0,0.00162959
54,165,0.0,0.0017048926
54,166,0.0,0.0020004567
54,167,0.0,0.0023324555
54,168,0.0,0.002696447
54,169,-0.159129902843693,0.0015316317
54,170,0.0,0.0017409539
54,171,0.0,0.0016156835
54,172,0.0,0.0024631554
54,173,0.0,0.0014606183
54,174,0.178476932831279,0.0021985453
54,175,0.0,0.0023556794
54,176,0.0,0.0027625132
54,177,0.0,0.003352418
54,178,0.0,0.0035287305
54,179,0.0,0.0021193177
54,180,0.0,0.0020746104
54,181,-0.173614334974077,0.0032190862
54,182,0.0,0.0017878385
54,183,0.0,0.002576258
54,184,0.0,0.0022361083
54,185,0.0,0.0033445074
54,186,0.0,0.002614235
54,187,-0.177864472759163,0.0027595153
54,188,0.0,0.0025590803
54,189,0.0,0.0014865128
54,190,0.0,0.0024175625
54,191,0.0,0.0031806743
54,192,0.0,0.0014973404
54,193,0.0,0.0020124055
54,194,0.0,0.0023718225
54,195,0.0,0.0027669333
54,196,-0.171721389684875,0.0026960871
54,197,0.0,0.002553889
54,198,0.158716241272168,0.0016656104
54,199,0.0,0.0014920421
54,200,0.0,0.0016463874
54,201,0.0,0.0024050497
54,202,0.0,0.0024683936
54,203,0.0,0.0025136652
54,204,0.0,0.0016994779
54,205,0.0,0.0023590229
54,206,0.0,0.002640144
54,207,0.0,0.0018517021
54,208,0.0,0.00363064
54,209,0.0,0.00254983
54,210,0.0,0.002357949
54,211,0.0,0.0023767585
54,212,0.0,0.0025024028
54,213,0.177153582347566,0.0026058066
54,214,0.0,0.0017021559
54,215,0.0,0.0026050922
54,216,0.0,0.002407832
54,217,0.0,0.0027788538
54,218,0.0,0.0014644163
54,219,0.0,0.0014879853
54,220,0.0,0.0020879852
54,221,0.0,0.0027634255
54,222,0.176623347922153,0.0015672869
54,223,0.0,0.003592268
54,224,0.0,0.0014749011
54,225,0.0,0.002184568
54,226,0.0,0.0021757083
54,227,-0.169718679506833,0.0027889945
54,228,0.0,0.0023698276
54,229,-0.186726973811253,0.002140271
54,230,0.0,0.0015500109
54,231,0.0,0.002352669
54,232,0.160990134486915,0.0035119918
54,233,0.0,0.0036321632
54,234,0.0,0.0019170302
54,235,0.0,0.0028877603
54,236,0.0,0.0019677244
54,237,0.164392148517903,0.0016346513
54,238,0.0,0.0027614795
54,239,0.0,0.0015993915
54,240,0.0,0.0024405709
54,241,0.0,0.0018310696
54,242,-0.177613166206452,0.0024110642
54,243,0.0,0.0024432503
54,244,0.0,0.0027973633
54,245,0.0,0.0015063696
54,246,0.0,0.0014930246
54,247,0.0,0.0022621974
54,248,0.173557285488785,0.0027420982
54,249,0.178031617333626,0.002519542
54,250,0.0,0.0015838025
54,251,0.0,0.0018315502
54,252,0.0,0.0023163487
54,253,0.0,0.002411096
54,254,0.0,0.0017938544
54,255,-0.163888902864812,0.0016748542
54,256,0.0,0.0027833227
54,257,0.0,0.0023854864
54,258,0.0,0.0036013685
54,259,0.0,0.0023261504
54,260,0.0,0.0025021094
54,261,0.0,0.0023385482
54,262,0.0,0.0035159164
54,263,0.0,0.002211363
54,264,0.0,0.0026438036
54,265,0.0,0.0014593452
54,266,0.0,0.0018892819
54,267,0.0,0.0035680048
54,268,0.0,0.0020202524
55,1,0.0,0.002706355
55,2,0.0,0.002133815
55,3,0.164964729524998,0.0024042614
55,4,0.161800973382308,0.0026175966
55,5,0.0,0.0027853074
55,6,0.0,0.0015446511
55,7,0.0,0.0016489094
55,8,0.0,0.0031651626
55,9,0.0,0.002575717
55,10,0.0,0.002326461
55,11,0.0,0.0026280037
55,12,0.0,0.0027195537
55,13,0.0,0.0027848259
55,14,0.0,0.001742017
55,15,0.0,0.002975508
55,16,0.0,0.0027338187
55,17,0.0,0.0023846994
55,18,0.0,0.0035889586
55,19,0.0,0.00351087
55,20,0.0,0.0026211627
55,21,0.0,0.002052297
55,22,0.0,0.0019181897
55,23,0.0,0.0027640127
55,24,0.0,0.0021474021
55,25,0.0,0.0034478228
55,26,0.0,0.0031882077
55,27,0.156016441952738,0.0023342883
55,28,0.159002636419932,0.0019453769
55,29,0.0,0.0032602837
55,30,0.0,0.0032224567
55,31,0.0,0.0031014308
55,32,0.0,0.0025376328
55,33,0.0,0.002471753
55,34,0.0,0.002330671
55,35,0.0,0.0017983364
55,36,0.170333169740362,0.0026950683
55,37,0.0,0.0016384432
55,38,0.0,0.0030240724
55,39,0.0,0.0027212296
55,40,0.0,0.002490454
55,41,0.0,0.0025292682
55,42,0.150386083152969,0.0025914828
55,43,0.0,0.0020031887
55,44,0.0,0.003422161
55,45,0.0,0.002598851
55,46,0.0,0.0027997182
55,47,-0.145488053814014,0.0024233316
55,48,0.0,0.002368221
55,49,0.0,0.002314364
55,50,0.0,0.0022378108
55,51,0.0,0.0017782683
55,52,0.0,0.002603807
55,53,0.0,0.0023801108
55,54,0.0,0.0032676077
55,55,0.0,0.030703487
55,56,0.0,0.001683428
55,57,0.0,0.0019808295
55,58,0.0,0.002541529
55,59,0.0,0.0023470214
55,60,0.0,0.002592533
55,61,0.0,0.0025185999
55,62,0.0,0.0016584471
55,63,0.0,0.0023824847
55,64,0.0,0.0023585977
55,65,0.0,0.0032910374
55,66,0.0,0.0025069015
55,67,0.0,0.0020359429
55,68,-0.160148761105362,0.0027821353
55,69,0.0,0.003571873
55,70,0.0,0.0024493183
55,71,0.0,0.0033367313
55,72,0.0,0.0021730391
55,73,0.0,0.0023087836
55,74,0.0,0.0020769732
55,75,0.0,0.002124282
55,76,0.0,0.0024192366
55,77,0.0,0.002389586
55,78,0.0,0.0027984995
55,79,0.0,0.0024545556
55,80,0.0,0.002419645
55,81,0.0,0.002502996
55,82,0.155205963458003,0.0035454505
55,83,0.0,0.0034241066
55,84,0.0,0.002454476
55,85,0.0,0.0035687368
55,86,0.0,0.0022009443
55,87,0.0,0.0027780868
55,88,0.0,0.0027851965
55,89,0.0,0.0021991115
55,90,0.143747873233206,0.0027432633
55,91,0.0,0.0032587275
55,92,0.154667240368701,0.0022501303
55,93,0.0,0.0023585558
55,94,0.0,0.0034202826
55,95,0.0,0.00345382
55,96,-0.166703217178769,0.001966598
55,97,0.0,0.0025273473
55,98,0.0,0.0030624708
55,99,0.0,0.0024336483
55,100,0.0,0.0016355217
55,101,0.0,0.0025373548
55,102,0.0,0.0031858864
55,103,-0.156457182313552,0.0026989542
55,104,0.0,0.002153169
55,105,0.0,0.0024499898
55,106,0.0,0.002697044
55,107,0.0,0.0018375991
55,108,0.0,0.0024680388
55,109,0.0,0.0029115994
55,110,0.0,0.0026141247
55,111,0.0,0.0022497382
55,112,0.0,0.0022659088
55,113,0.0,0.0025206585
55,114,0.0,0.0023780856
55,115,0.0,0.0031719194
55,116,0.0,0.0030802945
55,117,0.0,0.0017349906
55,118,0.0,0.0024298178
55,119,0.0,0.0026182113
55,120,0.0,0.0027438928
55,121,0.0,0.0029862341
55,122,0.0,0.0022720294
55,123,-0.148796047681893,0.003078333
55,124,0.0,0.0024228133
55,125,0.0,0.0017396524
55,126,0.0,0.0026713852
55,127,0.0,0.0014879284
55,128,0.0,0.00212964
55,129,0.0,0.0025519556
55,130,0.161474326522979,0.0025730375
55,131,0.15975862039574,0.002421253
55,132,-0.161876923000153,0.003506977
55,133,0.0,0.0025420017
55,134,0.0,0.0024206508
55,135,0.0,0.0034163645
55,136,0.0,0.0035113427
55,137,0.0,0.0024648923
55,138,0.0,0.0022406625
55,139,0.0,0.002110418
55,140,0.0,0.002489821
55,141,0.0,0.0023596697
55,142,0.0,0.0017401055
55,143,0.0,0.003376192
55,144,0.0,0.0024841134
55,145,0.0,0.0025520297
55,146,0.0,0.002490234
55,147,0.0,0.0023790975
55,148,0.0,0.0023182142
55,149,0.0,0.0020707827
55,150,0.0,0.0019426593
55,151,-0.149781706591535,0.0026809666
55,152,0.0,0.0022203503
55,153,0.0,0.0028015678
55,154,0.0,0.0024895286
55,155,0.0,0.0030044927
55,156,0.0,0.0023780381
55,157,0.0,0.0032465984
55,158,0.153633620757592,0.0016833446
55,159,0.0,0.0022341479
55,160,0.0,0.0020953333
55,161,-0.14559883745393,0.0034142314
55,162,0.0,0.0017835614
55,163,-0.158426826983458,0.0028279633
55,164,0.0,0.0017402866
55,165,0.0,0.003030274
55,166,0.0,0.0018715868
55,167,0.0,0.0035264427
55,168,0.0,0.0025006803
55,169,0.0,0.0031286199
55,170,0.156395279162764,0.0026320731
55,171,0.0,0.0035467846
55,172,0.163015875945834,0.0035494757
55,173,0.0,0.0025508488
55,174,-0.162868591722997,0.0025378452
55,175,0.0,0.0026146737
55,176,0.0,0.002110654
55,177,0.0,0.0036218115
55,178,0.0,0.0027919854
55,179,0.0,0.0021130429
55,180,0.157727872627357,0.0027383557
55,181,0.0,0.002505967
55,182,0.0,0.0018792534
55,183,0.0,0.0019104565
55,184,0.0,0.0026671696
55,185,0.0,0.0020203367
55,186,0.0,0.0026278892
55,187,0.0,0.0023939046
55,188,0.0,0.0022334969
55,189,0.0,0.0017444165
55,190,0.0,0.0024389862
55,191,0.0,0.0031765038
55,192,0.0,0.0035357578
55,193,0.0,0.003533362
55,194,0.0,0.0025153789
55,195,0.0,0.0028687324
55,196,0.0,0.0024433197
55,197,0.0,0.002425253
55,198,0.0,0.002195157
55,199,0.0,0.0022332864
55,200,0.149500495425894,0.0018988904
55,201,0.0,0.003232467
55,202,0.0,0.002983546
55,203,0.0,0.0026559625
55,204,0.0,0.0016569132
55,205,0.0,0.0031617223
55,206,0.0,0.0025579464
55,207,0.0,0.0023084288
55,208,0.0,0.0016342127
55,209,0.0,0.0028654537
55,210,0.0,0.0035983357
55,211,0.0,0.0014981385
55,212,0.0,0.003066184
55,213,0.0,0.0023425822
55,214,0.0,0.0018636538
55,215,0.0,0.0035110437
55,216,0.0,0.0026488868
55,217,0.0,0.002568161
55,218,0.0,0.0014747502
55,219,-0.165617658389026,0.002355122
55,220,0.0,0.0027730982
55,221,0.0,0.0023156512
55,222,0.0,0.0017240033
55,223,0.0,0.0023815297
55,224,0.0,0.0024462258
55,225,-0.157244386752548,0.0016544573
55,226,0.0,0.0018978445
55,227,0.0,0.002772382
55,228,0.0,0.0027783662
55,229,0.0,0.0026360624
55,230,0.0,0.0020257467
55,231,0.0,0.0026441505
55,232,0.0,0.0030330839
55,233,0.0,0.0020760489
55,234,0.0,0.0026558787
55,235,0.0,0.0026068524
55,236,-0.140549466838475,0.0024534208
55,237,0.0,0.0018805526
55,238,0.0,0.0026602228
55,239,0.0,0.0030212584
55,240,0.0,0.0019518468
55,241,-0.152732650360256,0.0017169318
55,242,0.0,0.0027844324
55,243,0.0,0.002360701
55,244,0.0,0.0015552696
55,245,0.0,0.003453522
55,246,0.0,0.0023053046
55,247,0.0,0.0026932033
55,248,0.0,0.0024623736
55,249,0.0,0.0022156732
55,250,0.0,0.0024744547
55,251,0.0,0.0018536425
55,252,0.0,0.0016039228
55,253,0.0,0.0019629104
55,254,0.0,0.0017409758
55,255,0.0,0.0030866745
55,256,0.0,0.0026500765
55,257,0.0,0.003301253
55,258,0.0,0.002955692
55,259,0.0,0.0024840133
55,260,0.0,0.0035578287
55,261,-0.155547460952344,0.0015860572
55,262,0.0,0.0019640648
55,263,0.0,0.0027568145
55,264,0.0,0.0015954105
55,265,0.0,0.0027665575
55,266,-0.168789986915118,0.002773079
55,267,0.0,0.0025417814
55,268,0.0,0.0032283245
56,1,0.0,0.0023421776
56,2,0.152430902344245,0.002782188
56,3,0.0,0.0019855895
56,4,0.150510671397317,0.0024720258
56,5,0.0,0.0026487461
56,6,0.0,0.0034979205
56,7,0.0,0.002327464
56,8,0.0,0.001620485
56,9,-0.141995770885411,0.0025922307
56,10,0.0,0.002612905
56,11,0.0,0.0026384746
56,12,0.0,0.0022779396
56,13,0.0,0.0032645366
56,14,0.0,0.002269153
56,15,0.0,0.0035463213
56,16,0.0,0.0023286832
56,17,0.0,0.0015740474
56,18,0.0,0.003242907
56,19,0.0,0.002777143
56,20,0.0,0.0025528213
56,21,-0.147028013093327,0.002535622
56,22,0.0,0.0031557945
56,23,0.0,0.0022714804
56,24,0.0,0.0021906649
56,25,0.155014766361241,0.0026492956
56,26,0.0,0.0021523475
56,27,0.0,0.0027872142
56,28,0.0,0.0031071422
56,29,0.0,0.0034530694
56,30,0.0,0.002778594
56,31,0.0,0.0028659557
56,32,0.0,0.0023651528
56,33,0.0,0.0016033612
56,34,0.0,0.003426482
56,35,0.0,0.002387167
56,36,0.0,0.002295081
56,37,0.0,0.0029949206
56,38,0.0,0.0020121168
56,39,0.150539979370283,0.0035026744
56,40,0.0,0.0024348851
56,41,0.0,0.0036280528
56,42,0.0,0.0023951726
56,43,0.0,0.0021688184
56,44,0.0,0.0024257652
56,45,0.0,0.0023195008
56,46,0.0,0.00311421
56,47,0.0,0.0027046883
56,48,0.0,0.0017107353
56,49,0.0,0.002331656
56,50,0.0,0.0021068715
56,51,0.0,0.0017311317
56,52,0.0,0.0027503306
56,53,0.0,0.0024306532
56,54,0.139784954515683,0.0026777647
56,55,0.0,0.001683428
56,56,0.0,0.030703487
56,57,0.0,0.0016546305
56,58,0.0,0.0023125065
56,59,0.0,0.0025756746
56,60,0.0,0.0023489567
56,61,0.0,0.0018563885
56,62,0.0,0.003202085
56,63,0.0,0.0014779745
56,64,0.0,0.0024222373
56,65,0.0,0.0024452955
56,66,0.0,0.0025129602
56,67,0.15696818117134,0.0024636565
56,68,0.0,0.002795402
56,69,0.0,0.0024107392
56,70,0.0,0.0029960065
56,71,0.0,0.0016735289
56,72,0.0,0.001507442
56,73,0.0,0.0026901793
56,74,0.0,0.0027245576
56,75,0.0,0.0024271533
56,76,0.0,0.0024189479
56,77,0.0,0.0020431601
56,78,0.0,0.0026334976
56,79,0.0,0.0014958167
56,80,0.0,0.0033653732
56,81,0.0,0.00245244
56,82,0.0,0.00258489
56,83,0.172327802343226,0.001986255
56,84,0.164877805222513,0.0024917303
56,85,0.0,0.0020407601
56,86,0.0,0.003456837
56,87,0.0,0.0031361184
56,88,0.0,0.0023787864
56,89,0.0,0.0017087176
56,90,0.0,0.00260049
56,91,0.0,0.0028753732
56,92,0.0,0.0015729461
56,93,0.0,0.0024143383
56,94,0.0,0.002654438
56,95,0.0,0.0024730847
56,96,0.0,0.002248887
56,97,-0.162424443417668,0.0016595726
56,98,0.0,0.0023257183
56,99,0.0,0.0024833689
56,100,0.0,0.0024158014
56,101,0.0,0.0024317424
56,102,0.0,0.0034297137
56,103,0.0,0.002415156
56,104,0.0,0.002493102
56,105,0.0,0.0036057732
56,106,0.0,0.0029918458
56,107,0.0,0.002552119
56,108,0.0,0.002757857
56,109,0.0,0.0023236447
56,110,0.0,0.003594378
56,111,0.0,0.0021058135
56,112,0.0,0.0026382492
56,113,0.149172620175179,0.0030543418
56,114,0.0,0.0024921922
56,115,0.0,0.0023295437
56,116,0.0,0.0017648535
56,117,0.160158145050144,0.0023708157
56,118,0.0,0.0019723997
56,119,0.178685652610755,0.003539537
56,120,0.0,0.0018571075
56,121,0.0,0.00277969
56,122,0.0,0.0028470922
56,123,0.0,0.0032695965
56,124,0.0,0.0024301652
56,125,0.0,0.0032419167
56,126,0.0,0.0024750493
56,127,0.0,0.0018458422
56,128,0.0,0.0023893826
56,129,0.0,0.0029948177
56,130,0.0,0.002099285
56,131,0.0,0.0014660847
56,132,0.0,0.0026918412
56,133,0.0,0.002443824
56,134,0.0,0.0026823157
56,135,0.0,0.0021214904
56,136,0.0,0.002107617
56,137,0.165369712845913,0.0026137736
56,138,0.0,0.0034261341
56,139,0.0,0.0020331577
56,140,0.0,0.0025711376
56,141,0.0,0.0023117503
56,142,-0.15141226875776,0.002349306
56,143,0.0,0.0021539927
56,144,0.0,0.0024391874
56,145,0.0,0.0025525303
56,146,-0.158372772569519,0.002432005
56,147,0.0,0.0038219625
56,148,0.0,0.0025335462
56,149,0.0,0.002200014
56,150,0.0,0.0014950945
56,151,0.0,0.002433355
56,152,0.0,0.0024236785
56,153,0.0,0.0022538416
56,154,0.171904572408717,0.002529372
56,155,0.0,0.0030472847
56,156,-0.156528520695808,0.0024872362
56,157,0.0,0.0025346037
56,158,0.0,0.0022847196
56,159,0.152479194263871,0.002562089
56,160,0.0,0.0036070687
56,161,0.149287708705736,0.0017377418
56,162,0.0,0.003544705
56,163,0.0,0.00274252
56,164,0.0,0.0026031062
56,165,0.0,0.002749255
56,166,0.0,0.0027497192
56,167,0.0,0.0025836504
56,168,0.0,0.0018835245
56,169,0.0,0.0035911999
56,170,0.0,0.0024735867
56,171,0.0,0.0019652545
56,172,-0.167146022785467,0.003182853
56,173,0.0,0.002443635
56,174,0.0,0.0036323816
56,175,0.0,0.0029276642
56,176,0.0,0.0029330468
56,177,0.0,0.0030628233
56,178,0.0,0.0017120894
56,179,0.0,0.0018278467
56,180,0.161724043373758,0.0017787488
56,181,0.0,0.0035974327
56,182,0.0,0.0027058916
56,183,0.0,0.0023001553
56,184,0.0,0.0027325037
56,185,0.0,0.0015221965
56,186,0.0,0.0025565368
56,187,0.0,0.0027567013
56,188,0.0,0.0016211928
56,189,0.0,0.0035936916
56,190,0.0,0.0020643398
56,191,0.0,0.0028595338
56,192,0.0,0.0035508173
56,193,0.0,0.0027721017
56,194,0.0,0.002549002
56,195,0.0,0.001739406
56,196,0.0,0.0019996283
56,197,0.0,0.002389823
56,198,0.0,0.0036300025
56,199,0.0,0.0026064115
56,200,0.0,0.0028493376
56,201,0.0,0.00156892
56,202,0.0,0.0026164441
56,203,0.0,0.0028529358
56,204,0.172580522364756,0.002372317
56,205,0.147260825273029,0.0021174704
56,206,0.0,0.0026103458
56,207,0.0,0.0027174414
56,208,0.0,0.0026538735
56,209,0.0,0.0024554143
56,210,-0.162441004057847,0.0018158229
56,211,0.0,0.0017908188
56,212,0.0,0.0017405795
56,213,0.0,0.0025640223
56,214,0.0,0.0022641607
56,215,0.0,0.0034523932
56,216,0.0,0.0025903913
56,217,0.0,0.0020912238
56,218,0.0,0.0018396792
56,219,0.0,0.0025660256
56,220,0.0,0.0014891108
56,221,0.0,0.0018596845
56,222,0.0,0.0017311606
56,223,0.0,0.0016194456
56,224,0.0,0.002402692
56,225,0.0,0.0020523677
56,226,0.151359153663794,0.002707419
56,227,0.0,0.0018079253
56,228,0.0,0.002413806
56,229,0.0,0.002411012
56,230,0.0,0.0016103652
56,231,0.158220473388785,0.0025207084
56,232,0.0,0.0030634915
56,233,0.0,0.0022971644
56,234,0.0,0.003483011
56,235,0.0,0.0027397415
56,236,0.0,0.0024010655
56,237,0.0,0.0035467492
56,238,-0.152844748630082,0.003399827
56,239,0.0,0.0019964594
56,240,0.0,0.0022709183
56,241,0.0,0.0019410104
56,242,0.0,0.002039161
56,243,0.0,0.001881524
56,244,0.0,0.0023327554
56,245,0.15639376897193,0.0018490953
56,246,0.0,0.002073138
56,247,0.0,0.0027415422
56,248,0.162391854475025,0.0019328012
56,249,0.0,0.0025366247
56,250,0.0,0.0017221882
56,251,0.0,0.0027955663
56,252,0.0,0.0035666353
56,253,0.0,0.0026698
56,254,0.0,0.0026281755
56,255,0.0,0.0016688704
56,256,0.0,0.0025490657
56,257,0.0,0.0033479128
56,258,-0.155180069427982,0.0026338464
56,259,0.0,0.0015548021
56,260,0.0,0.0030449973
56,261,-0.159488389101444,0.0024056481
56,262,0.0,0.0023070625
56,263,0.0,0.0017394181
56,264,0.0,0.002471954
56,265,0.0,0.0022918656
56,266,0.0,0.0018175584
56,267,0.0,0.002650042
56,268,0.0,0.0021036672
57,1,0.0,0.0023083868
57,2,0.0,0.0027845367
57,3,0.158801679379782,0.0025526453
57,4,0.0,0.0029538032
57,5,0.0,0.0027418286
57,6,0.0,0.0020419443
57,7,0.0,0.0017341208
57,8,0.0,0.0024364358
57,9,0.0,0.0027728518
57,10,0.151484221502352,0.0027566953
57,11,0.0,0.003509251
57,12,0.0,0.0018681986
57,13,0.0,0.0031215684
57,14,0.0,0.001490288
57,15,0.0,0.0024825637
57,16,-0.140729070864102,0.0016209795
57,17,0.0,0.0026909774
57,18,0.0,0.0032449965
57,19,0.0,0.002420803
57,20,0.0,0.002058561
57,21,0.0,0.0026069372
57,22,0.0,0.0023636823
57,23,0.0,0.0025956403
57,24,0.0,0.0017409902
57,25,0.0,0.0025464944
57,26,0.0,0.0022387085
57,27,0.150187698087297,0.002774985
57,28,0.0,0.0026134616
57,29,0.0,0.002361442
57,30,0.0,0.0015211161
57,31,0.0,0.0031926152
57,32,0.0,0.001785778
57,33,-0.140844668918173,0.0018413733
57,34,0.0,0.0025814828
57,35,0.0,0.002338645
57,36,0.0,0.001650447
57,37,0.0,0.0025734045
57,38,0.0,0.002420228
57,39,0.0,0.003533844
57,40,0.0,0.002455593
57,41,0.0,0.0032901238
57,42,0.144767688394992,0.0032204464
57,43,0.0,0.0019816435
57,44,0.0,0.00273277
57,45,0.0,0.0027883006
57,46,0.0,0.0028493796
57,47,0.0,0.0027007614
57,48,0.0,0.0021740776
57,49,0.0,0.0019957125
57,50,0.0,0.0017454885
57,51,0.0,0.0018300149
57,52,0.0,0.0023553502
57,53,0.0,0.0024530697
57,54,-0.144656601585056,0.0017498089
57,55,0.159663248375152,0.0019808295
57,56,0.148522114595933,0.0016546305
57,57,0.346264879684895,0.030703487
57,58,0.0,0.0026498567
57,59,0.0,0.0033268174
57,60,0.0,0.0027899332
57,61,0.0,0.0017783218
57,62,0.0,0.0023429831
57,63,0.0,0.0030016475
57,64,0.141857765027423,0.0035079247
57,65,0.0,0.0019115456
57,66,0.0,0.0024483404
57,67,0.0,0.0014717462
57,68,0.0,0.0025405386
57,69,0.0,0.0025088633
57,70,0.0,0.002899149
57,71,0.0,0.002367755
57,72,0.0,0.0014931895
57,73,0.0,0.0026146485
57,74,0.0,0.0019573998
57,75,0.0,0.001985399
57,76,0.0,0.0022094664
57,77,0.0,0.0016450356
57,78,0.0,0.0021264213
57,79,0.131377652564423,0.0016977582
57,80,0.0,0.0035840808
57,81,0.139099734327522,0.003165755
57,82,0.0,0.0034886575
57,83,0.0,0.002400694
57,84,0.0,0.0025446787
57,85,0.0,0.0024696677
57,86,0.0,0.002057488
57,87,0.0,0.003490036
57,88,0.0,0.0018685968
57,89,0.0,0.0034600091
57,90,0.0,0.0025335941
57,91,0.0,0.0024223286
57,92,0.0,0.0023003384
57,93,0.0,0.0035699415
57,94,0.0,0.0022666352
57,95,0.0,0.0025517368
57,96,0.0,0.0031809853
57,97,0.0,0.0026869015
57,98,0.0,0.002747864
57,99,0.140770648874213,0.001553847
57,100,0.137368750443909,0.002318779
57,101,0.0,0.002200014
57,102,0.0,0.0032359562
57,103,0.0,0.0022898596
57,104,0.0,0.0015960066
57,105,0.0,0.002215566
57,106,0.0,0.0025395388
57,107,0.0,0.0032736761
57,108,0.0,0.0018239692
57,109,0.0,0.002240593
57,110,0.0,0.0027432796
57,111,0.0,0.0035715038
57,112,0.0,0.002614832
57,113,0.132936636163589,0.0023557139
57,114,0.0,0.001533038
57,115,0.0,0.002389546
57,116,0.0,0.0024225703
57,117,0.0,0.0025707013
57,118,0.0,0.0021969704
57,119,0.0,0.003181648
57,120,0.0,0.0018172502
57,121,0.0,0.0015173061
57,122,0.0,0.0034534922
57,123,0.0,0.0036146692
57,124,0.0,0.0025146422
57,125,0.0,0.0021812948
57,126,0.0,0.0022444618
57,127,0.0,0.0015551802
57,128,-0.143651664962378,0.002802195
57,129,0.0,0.0018844758
57,130,-0.147545236922298,0.003561363
57,131,0.0,0.0014915466
57,132,0.0,0.0024336264
57,133,0.0,0.0018178266
57,134,0.135380613902541,0.0027656746
57,135,0.0,0.0024290155
57,136,0.0,0.0015481482
57,137,0.0,0.00243718
57,138,0.0,0.002587624
57,139,0.0,0.0018713903
57,140,0.0,0.0019309116
57,141,0.0,0.0027682
57,142,0.0,0.00172971
57,143,0.0,0.0033975905
57,144,0.0,0.0018598065
57,145,0.0,0.0029788334
57,146,0.0,0.0024309293
57,147,0.0,0.0022658668
57,148,-0.133798924282956,0.002376988
57,149,0.0,0.0020327833
57,150,0.0,0.0035850452
57,151,0.0,0.002552392
57,152,0.0,0.0022882842
57,153,0.0,0.0023440304
57,154,0.0,0.001491183
57,155,0.0,0.0016795308
57,156,0.0,0.0023329742
57,157,0.0,0.002283195
57,158,0.0,0.002722579
57,159,0.0,0.002108701
57,160,0.0,0.0019714315
57,161,0.0,0.003621066
57,162,0.0,0.0017951219
57,163,0.0,0.0023007747
57,164,0.0,0.001995009
57,165,0.0,0.002182535
57,166,0.0,0.0015532188
57,167,0.0,0.0029160394
57,168,0.0,0.0026940582
57,169,0.0,0.0027331645
57,170,0.142904318070125,0.002972114
57,171,0.0,0.0017427779
57,172,0.0,0.0031207982
57,173,0.0,0.002788247
57,174,0.0,0.002316866
57,175,0.0,0.0014948072
57,176,0.0,0.0022338997
57,177,0.0,0.002211464
57,178,0.0,0.0022706008
57,179,0.0,0.0027609617
57,180,0.0,0.0019006543
57,181,0.0,0.002404781
57,182,0.0,0.0025297329
57,183,0.142252675250661,0.002701365
57,184,0.0,0.0014633993
57,185,-0.142847886931012,0.0024043554
57,186,0.0,0.0029581222
57,187,0.0,0.0023619109
57,188,0.0,0.00276649
57,189,0.0,0.0017800042
57,190,0.0,0.002289299
57,191,0.0,0.0034835106
57,192,0.0,0.001899722
57,193,0.0,0.0017882576
57,194,0.0,0.002072432
57,195,0.0,0.0022007134
57,196,0.0,0.0023302385
57,197,0.0,0.002558115
57,198,0.0,0.0017003375
57,199,0.0,0.0021512038
57,200,0.0,0.0035380567
57,201,0.0,0.0015294454
57,202,0.1443979454754,0.0028643473
57,203,0.0,0.0016916338
57,204,0.0,0.0025769258
57,205,0.0,0.0027905903
57,206,-0.150938375762599,0.0017219218
57,207,0.0,0.002783528
57,208,0.0,0.0026378804
57,209,0.0,0.0030533322
57,210,0.0,0.0027751941
57,211,0.0,0.0034170588
57,212,0.0,0.0024340358
57,213,0.0,0.0025773128
57,214,0.0,0.00232674
57,215,0.0,0.0027575404
57,216,0.0,0.0031164489
57,217,0.0,0.0024231835
57,218,-0.14636351348898,0.002468755
57,219,0.0,0.0027404218
57,220,0.0,0.0032932968
57,221,0.0,0.0024466403
57,222,0.0,0.0023698052
57,223,0.0,0.0024740673
57,224,0.0,0.0023405375
57,225,0.0,0.002435783
57,226,0.0,0.0019347309
57,227,0.0,0.002437361
57,228,0.0,0.0030510938
57,229,0.0,0.0027209534
57,230,0.0,0.0017426847
57,231,0.0,0.003564455
57,232,0.0,0.0024120533
57,233,0.0,0.001706223
57,234,-0.136081895141149,0.0026028766
57,235,0.0,0.0023173345
57,236,0.0,0.00354891
57,237,0.0,0.00148849
57,238,0.0,0.0024507255
57,239,0.0,0.0026599993
57,240,0.0,0.002113956
57,241,0.0,0.0019116108
57,242,0.148098996491891,0.0015524114
57,243,0.0,0.0024745236
57,244,0.0,0.002515072
57,245,0.0,0.0014861524
57,246,0.0,0.002163555
57,247,0.0,0.0026183994
57,248,0.0,0.0026133507
57,249,0.0,0.0024132868
57,250,0.0,0.0022187266
57,251,0.0,0.0026842654
57,252,0.0,0.0025708904
57,253,0.0,0.0023115529
57,254,0.0,0.0014969632
57,255,0.0,0.0022476465
57,256,0.0,0.0020669582
57,257,0.0,0.002781299
57,258,0.138290233188655,0.0023453701
57,259,0.0,0.0025653755
57,260,0.0,0.0015020366
57,261,0.0,0.0031322334
57,262,0.0,0.0019118004
57,263,0.0,0.003525984
57,264,0.0,0.0023896685
57,265,0.0,0.0026749996
57,266,0.0,0.002869504
57,267,0.0,0.0024474044
57,268,0.0,0.0024441672
58,1,0.0,0.0024427855
58,2,0.0,0.0031413026
58,3,0.0,0.0026158416
58,4,0.0,0.0024733478
58,5,0.0,0.0024775746
58,6,0.150529202605796,0.0022903485
58,7,0.0,0.0017134733
58,8,0.0,0.0031156815
58,9,0.0,0.0031539192
58,10,0.0,0.0023171203
58,11,0.0,0.0024709092
58,12,0.0,0.0027782111
58,13,0.144113846321315,0.0029510767
58,14,0.0,0.0021583699
58,15,0.0,0.003357137
58,16,-0.141471856641312,0.0035700072
58,17,0.0,0.0016678511
58,18,0.0,0.0026211934
58,19,0.0,0.0023898655
58,20,0.0,0.0023164777
58,21,-0.152955165983246,0.0026518484
58,22,0.0,0.0023583607
58,23,0.0,0.003609927
58,24,0.0,0.0023919223
58,25,0.0,0.0036321478
58,26,0.0,0.0028725285
58,27,0.0,0.0017407797
58,28,0.0,0.0031143692
58,29,0.0,0.0022525047
58,30,0.0,0.0019001313
58,31,0.0,0.0024832287
58,32,0.0,0.002634054
58,33,0.0,0.003573258
58,34,0.0,0.0027199853
58,35,0.0,0.0024019387
58,36,-0.164835007701045,0.0028471723
58,37,-0.144774325209262,0.0016866578
58,38,0.148952891318142,0.0032620658
58,39,0.0,0.0015800162
58,40,0.0,0.00301224
58,41,0.0,0.0023580198
58,42,0.0,0.002954627
58,43,0.0,0.002443016
58,44,0.0,0.002783494
58,45,0.0,0.0023581195
58,46,0.0,0.002294547
58,47,0.0,0.0027847877
58,48,0.0,0.0015034834
58,49,0.0,0.0035697604
58,50,0.0,0.0027144263
58,51,0.0,0.0021795034
58,52,0.0,0.0016498026
58,53,0.0,0.0022837915
58,54,0.14542011736454,0.0019102655
58,55,0.0,0.002541529
58,56,-0.1493060330404,0.0023125065
58,57,0.0,0.0026498567
58,58,0.0,0.030703487
58,59,0.0,0.0021241438
58,60,0.0,0.002192866
58,61,0.0,0.0021787183
58,62,0.167489739645449,0.0035021915
58,63,0.0,0.0025349194
58,64,0.0,0.0027261372
58,65,0.0,0.0024321117
58,66,0.0,0.0024424582
58,67,0.0,0.0019349065
58,68,0.0,0.002972864
58,69,0.0,0.0027376898
58,70,0.0,0.0025703623
58,71,0.0,0.0026111095
58,72,0.0,0.0021847356
58,73,0.0,0.0024721907
58,74,0.0,0.0014872188
58,75,0.139418881102541,0.0021484676
58,76,0.0,0.0023947177
58,77,0.0,0.0030622277
58,78,0.0,0.0033295848
58,79,0.0,0.0024196175
58,80,0.0,0.002263512
58,81,0.0,0.002408072
58,82,0.0,0.0023386488
58,83,0.0,0.0014772322
58,84,0.0,0.003213155
58,85,0.0,0.0025066952
58,86,0.0,0.0027122898
58,87,0.0,0.0025139768
58,88,0.0,0.00299301
58,89,0.0,0.0022179526
58,90,0.0,0.0032401108
58,91,0.0,0.0025418233
58,92,0.0,0.0027844594
58,93,0.0,0.002683715
58,94,0.0,0.0028385557
58,95,0.0,0.0025331662
58,96,0.0,0.0023913565
58,97,0.152197249105642,0.0024507418
58,98,0.0,0.0024124025
58,99,0.0,0.0027400893
58,100,0.0,0.0023796782
58,101,0.0,0.0018891525
58,102,0.0,0.0025681085
58,103,0.0,0.002052098
58,104,0.0,0.0030030934
58,105,0.0,0.0016268031
58,106,0.0,0.0020832126
58,107,0.0,0.0024566841
58,108,0.0,0.0023840838
58,109,0.0,0.0023471098
58,110,0.0,0.0033435812
58,111,0.0,0.0025930451
58,112,0.153254737793049,0.0027872203
58,113,0.0,0.0030002445
58,114,0.0,0.002706795
58,115,0.0,0.0032613836
58,116,0.0,0.0024017743
58,117,0.0,0.0017201006
58,118,0.0,0.0026031602
58,119,0.0,0.0022288244
58,120,0.0,0.0024519633
58,121,0.0,0.0030057393
58,122,0.0,0.0032417206
58,123,0.0,0.0029962934
58,124,0.0,0.0034551169
58,125,0.0,0.0025434112
58,126,0.0,0.0019755508
58,127,0.0,0.0016986327
58,128,0.151046446454487,0.0029084077
58,129,-0.1471297298345,0.002614949
58,130,0.0,0.002393636
58,131,0.0,0.0026707505
58,132,0.0,0.0026006782
58,133,0.0,0.0022191647
58,134,0.0,0.0025971988
58,135,0.0,0.0025530434
58,136,0.0,0.003457175
58,137,0.0,0.0025888472
58,138,0.0,0.0026457626
58,139,0.0,0.0033471459
58,140,0.0,0.0018188865
58,141,0.0,0.0017926488
58,142,0.0,0.0017040912
58,143,0.0,0.0035760081
58,144,0.0,0.0024858043
58,145,0.0,0.001528299
58,146,0.0,0.0020836028
58,147,-0.150817596222716,0.0031610145
58,148,0.0,0.0025901822
58,149,0.0,0.0025234506
58,150,0.0,0.002861978
58,151,0.0,0.0020959093
58,152,0.0,0.002187971
58,153,0.0,0.0026054112
58,154,0.0,0.0020503881
58,155,0.0,0.0027785012
58,156,0.0,0.0023848177
58,157,-0.150271689707521,0.0025526527
58,158,0.0,0.0020306706
58,159,0.0,0.0034395289
58,160,0.0,0.0022384478
58,161,0.0,0.002205892
58,162,0.0,0.0024943948
58,163,0.0,0.003083717
58,164,0.0,0.0024265014
58,165,0.0,0.0023167175
58,166,0.0,0.0023191278
58,167,0.0,0.0027750945
58,168,0.0,0.0034757825
58,169,0.0,0.0024197428
58,170,0.0,0.0023055146
58,171,0.0,0.0028843763
58,172,0.0,0.0027095554
58,173,0.0,0.0031889724
58,174,0.0,0.0024038074
58,175,0.0,0.002335053
58,176,0.0,0.0014892169
58,177,0.0,0.00208398
58,178,0.0,0.002783299
58,179,0.152477747329596,0.0026914212
58,180,0.0,0.0018114047
58,181,0.152216730408963,0.0023888196
58,182,0.0,0.0016782926
58,183,0.0,0.00235845
58,184,0.0,0.002781184
58,185,0.0,0.0036071981
58,186,0.0,0.002768089
58,187,0.0,0.0025426731
58,188,-0.137380751308986,0.0032531447
58,189,0.0,0.0024306383
58,190,0.154021962340237,0.0036002477
58,191,0.0,0.002369022
58,192,0.0,0.001701043
58,193,0.0,0.0020700097
58,194,0.0,0.0020930003
58,195,0.0,0.0023642988
58,196,0.0,0.0029479335
58,197,0.0,0.0029216572
58,198,-0.139154795673162,0.0015013278
58,199,0.0,0.002959772
58,200,0.0,0.0032749632
58,201,-0.139363536225922,0.0015626042
58,202,-0.151831143377977,0.0029408108
58,203,0.0,0.00363216
58,204,0.161713841835911,0.00245308
58,205,0.0,0.0016170656
58,206,0.0,0.0034430232
58,207,0.0,0.0024541789
58,208,0.0,0.002322527
58,209,0.0,0.0024010292
58,210,0.0,0.00256067
58,211,0.0,0.0030175317
58,212,0.0,0.0020628911
58,213,0.0,0.002379978
58,214,0.0,0.0021601385
58,215,0.0,0.002134691
58,216,0.0,0.0025093015
58,217,0.0,0.0034793252
58,218,0.0,0.001950765
58,219,0.159121256941424,0.002981319
58,220,0.0,0.0023623062
58,221,0.0,0.0033987896
58,222,0.154854888789047,0.0034346469
58,223,0.0,0.0021446426
58,224,0.0,0.0025930074
58,225,0.0,0.00276765
58,226,0.0,0.0023512961
58,227,0.0,0.0025511687
58,228,0.0,0.0023750607
58,229,0.0,0.0019317647
58,230,0.0,0.002509341
58,231,0.0,0.0027943528
58,232,0.0,0.0025516744
58,233,0.0,0.0026129596
58,234,0.0,0.0024991347
58,235,0.0,0.0023163706
58,236,0.0,0.0018314286
58,237,0.0,0.0014919066
58,238,0.0,0.002332074
58,239,0.0,0.0028441027
58,240,0.0,0.0023648697
58,241,0.0,0.0014780439
58,242,0.0,0.002474524
58,243,0.0,0.002474585
58,244,0.0,0.0034987265
58,245,0.0,0.0021598223
58,246,0.0,0.0026059966
58,247,0.0,0.0027519274
58,248,0.0,0.0029657385
58,249,0.0,0.0025497451
58,250,0.0,0.0034310995
58,251,0.0,0.0022230763
58,252,0.0,0.0024167127
58,253,0.0,0.0027844985
58,254,0.0,0.0020807916
58,255,0.0,0.0021611615
58,256,0.0,0.0030180188
58,257,0.0,0.0019605672
58,258,0.0,0.0032812632
58,259,0.0,0.002540559
58,260,0.0,0.0032273307
58,261,0.0,0.002218498
58,262,0.0,0.003263488
58,263,0.0,0.0023021773
58,264,0.0,0.0023123273
58,265,0.0,0.0034336164
58,266,0.0,0.0030439976
58,267,0.0,0.00251364
58,268,0.0,0.0024405262
59,1,0.0,0.0014916067
59,2,0.0,0.0027333973
59,3,0.0,0.0023474353
59,4,0.0,0.0032739947
59,5,0.0,0.0025595715
59,6,0.0,0.0018949341
59,7,0.0,0.0022764197
59,8,0.0,0.0027502258
59,9,0.0,0.002809241
59,10,0.0,0.0020895489
59,11,0.0,0.0031013344
59,12,0.0,0.0027702209
59,13,0.0,0.0036029476
59,14,0.0,0.002156193
59,15,0.0,0.0014699735
59,16,0.0,0.0018392908
59,17,0.0,0.0025475966
59,18,0.0,0.0025909091
59,19,0.157918565901378,0.0015666373
59,20,0.0,0.0018653935
59,21,0.0,0.0014866544
59,22,0.0,0.001492002
59,23,0.0,0.0014812853
59,24,0.0,0.0027720067
59,25,0.16302469976876,0.0015831487
59,26,0.0,0.0027634092
59,27,0.0,0.0017670151
59,28,0.0,0.0016280846
59,29,0.0,0.0025879275
59,30,0.0,0.00323604
59,31,0.0,0.002509341
59,32,0.0,0.0019946764
59,33,0.0,0.0031946437
59,34,0.0,0.0018992643
59,35,0.0,0.0025957865
59,36,0.0,0.0028656432
59,37,0.0,0.0015572766
59,38,0.0,0.0019794614
59,39,0.0,0.0017127916
59,40,-0.154604137458892,0.0025958554
59,41,0.0,0.0016521146
59,42,0.0,0.0019804696
59,43,0.0,0.0027717417
59,44,0.0,0.0024330653
59,45,0.0,0.0016082269
59,46,0.0,0.0031867567
59,47,0.0,0.0027711974
59,48,0.0,0.0026389188
59,49,0.0,0.0024793334
59,50,0.0,0.0022562528
59,51,0.0,0.0023181993
59,52,0.0,0.0021386095
59,53,0.0,0.0027731596
59,54,0.0,0.002414118
59,55,0.0,0.0023470214
59,56,0.0,0.0025756746
59,57,0.0,0.0033268174
59,58,0.0,0.0021241438
59,59,0.0,0.030703487
59,60,0.0,0.0022247806
59,61,0.0,0.00146941
59,62,0.0,0.0016808715
59,63,0.0,0.0023518149
59,64,0.0,0.0028193616
59,65,0.159636077901226,0.002074183
59,66,0.0,0.0014580046
59,67,0.0,0.0014738431
59,68,0.0,0.002016636
59,69,0.157170069488189,0.0025166585
59,70,0.0,0.004001024
59,71,0.0,0.0015262472
59,72,0.0,0.0014941446
59,73,0.0,0.0024063033
59,74,0.171681772738053,0.0014592372
59,75,0.0,0.0024826308
59,76,0.0,0.0035078526
59,77,0.0,0.0027277488
59,78,-0.169025490127235,0.0020631794
59,79,0.0,0.0022831107
59,80,0.0,0.0016257609
59,81,0.0,0.0025648782
59,82,0.0,0.0014931434
59,83,0.0,0.0025301673
59,84,0.0,0.0033473033
59,85,0.0,0.003611865
59,86,0.0,0.001692119
59,87,0.0,0.002228972
59,88,0.0,0.0035446025
59,89,0.0,0.003464486
59,90,0.0,0.0034283432
59,91,0.0,0.002716368
59,92,0.0,0.0023081475
59,93,0.163935017218676,0.0014837203
59,94,0.0,0.0023341775
59,95,0.0,0.002006684
59,96,0.0,0.0021689143
59,97,0.0,0.0030829925
59,98,0.0,0.0023436449
59,99,0.0,0.0015275823
59,100,0.0,0.0025048098
59,101,0.0,0.0026030703
59,102,0.0,0.0029558167
59,103,-0.16121454795682,0.002513851
59,104,0.0,0.0021832697
59,105,0.0,0.0024543148
59,106,0.0,0.00188924
59,107,0.0,0.0014774674
59,108,0.0,0.0027708812
59,109,0.0,0.0017421823
59,110,0.0,0.0027948087
59,111,0.0,0.0026643826
59,112,0.0,0.0026109712
59,113,0.0,0.0016328227
59,114,0.0,0.0017224844
59,115,0.0,0.002671759
59,116,0.0,0.0021626167
59,117,0.0,0.0032471446
59,118,0.0,0.0025096308
59,119,0.0,0.0016969838
59,120,0.0,0.001773675
59,121,0.0,0.0018064654
59,122,0.0,0.0027157972
59,123,0.0,0.0015072478
59,124,0.0,0.002752929
59,125,0.0,0.002745288
59,126,0.0,0.0016684541
59,127,0.0,0.001642555
59,128,0.0,0.002635418
59,129,0.157792952340909,0.0027105436
59,130,0.0,0.0024333945
59,131,0.0,0.0027781562
59,132,0.0,0.0022830064
59,133,0.0,0.0024468973
59,134,0.0,0.0025499421
59,135,0.0,0.0027665286
59,136,-0.162739316498718,0.0023470344
59,137,0.166187575647673,0.0021587247
59,138,0.0,0.0017208494
59,139,0.0,0.0026022387
59,140,0.0,0.0019671922
59,141,0.0,0.0034059114
59,142,0.0,0.0034586387
59,143,0.0,0.0024479823
59,144,0.0,0.0021688035
59,145,0.0,0.003207285
59,146,0.0,0.0019243346
59,147,0.0,0.0027851649
59,148,0.0,0.002381586
59,149,0.0,0.0026405714
59,150,0.0,0.0023731017
59,151,0.0,0.0023901826
59,152,0.0,0.0015813066
59,153,0.0,0.0023565711
59,154,0.0,0.0035694973
59,155,0.0,0.002548438
59,156,0.0,0.0014901753
59,157,0.0,0.0027720602
59,158,0.0,0.0023255209
59,159,0.0,0.0025590635
59,160,0.0,0.0028034775
59,161,0.150026035341304,0.002534145
59,162,0.0,0.0035264827
59,163,0.0,0.0019868314
59,164,0.0,0.0024106018
59,165,0.0,0.0014775973
59,166,-0.1651086184466,0.0015571392
59,167,0.0,0.0019651074
59,168,0.0,0.0026188488
59,169,0.0,0.0046725087
59,170,0.0,0.0027289037
59,171,-0.169938546911303,0.0018272437
59,172,0.0,0.0025591282
59,173,0.153744166432277,0.0027901921
59,174,0.0,0.0029735314
59,175,0.0,0.0016571227
59,176,0.0,0.0014719884
59,177,0.0,0.0018765493
59,178,0.0,0.0027561025
59,179,0.0,0.0021295808
59,180,0.0,0.0016430104
59,181,0.0,0.0022045453
59,182,0.0,0.0017337459
59,183,0.0,0.0031521427
59,184,0.0,0.002370108
59,185,0.0,0.001601615
59,186,0.0,0.0035807518
59,187,0.0,0.0017966214
59,188,0.0,0.0014929464
59,189,0.16228790308533,0.0020015952
59,190,0.165184699179048,0.0023589097
59,191,0.0,0.0023111193
59,192,0.0,0.0035156487
59,193,0.0,0.0027174763
59,194,0.0,0.002460807
59,195,0.0,0.002740635
59,196,0.0,0.0021005427
59,197,0.0,0.0026793648
59,198,0.0,0.0021395003
59,199,0.0,0.0023472807
59,200,0.0,0.0016776626
59,201,0.0,0.0029703914
59,202,0.0,0.002511159
59,203,0.0,0.0035918737
59,204,0.0,0.0027462519
59,205,0.0,0.002241251
59,206,0.0,0.0030670147
59,207,0.0,0.0027686218
59,208,0.0,0.0028066435
59,209,0.0,0.0026815203
59,210,0.0,0.0025501284
59,211,0.0,0.0026467042
59,212,0.0,0.0017419173
59,213,0.0,0.0017796895
59,214,0.0,0.0020432407
59,215,0.152920640981224,0.001663609
59,216,0.0,0.0019247229
59,217,0.0,0.0026123063
59,218,0.0,0.0014903555
59,219,0.0,0.0024663433
59,220,0.0,0.0024238438
59,221,0.0,0.0027663335
59,222,0.0,0.0014674314
59,223,0.0,0.0021820343
59,224,0.0,0.0022307732
59,225,0.0,0.0025693872
59,226,0.0,0.0026491713
59,227,0.0,0.002439918
59,228,0.0,0.0022670166
59,229,-0.175578377476818,0.0019298736
59,230,0.16154738750838,0.0017791297
59,231,-0.159002978464441,0.0020774934
59,232,0.0,0.0014916705
59,233,0.0,0.0025510676
59,234,0.0,0.0030745706
59,235,0.0,0.0017243163
59,236,0.0,0.0020742002
59,237,0.0,0.001468394
59,238,0.0,0.002475081
59,239,0.0,0.0020318064
59,240,0.0,0.002440238
59,241,0.0,0.0022700103
59,242,0.0,0.0025288346
59,243,0.0,0.0024228147
59,244,0.0,0.0036074668
59,245,0.0,0.0022489876
59,246,0.0,0.0016866969
59,247,0.160017555832094,0.0018776497
59,248,0.0,0.0026727398
59,249,0.167402180161761,0.0014584106
59,250,0.160166741611066,0.0023949374
59,251,0.0,0.0019631917
59,252,0.0,0.001483033
59,253,0.0,0.0031198044
59,254,0.0,0.0017734971
59,255,0.0,0.0016649514
59,256,0.0,0.0031055016
59,257,0.0,0.0033639274
59,258,0.0,0.0016305968
59,259,0.164385682580451,0.0029062144
59,260,0.0,0.002614283
59,261,0.0,0.0027702297
59,262,0.0,0.0026981947
59,263,0.0,0.0014696578
59,264,0.0,0.003345
59,265,0.0,0.0026140572
59,266,0.0,0.0024595945
59,267,0.0,0.0025024419
59,268,0.0,0.0024268613
60,1,0.145718892368555,0.0027001533
60,2,0.0,0.002496536
60,3,0.0,0.0021774676
60,4,0.0,0.0024538934
60,5,0.0,0.0032843319
60,6,0.0,0.0026163058
60,7,0.0,0.0023939284
60,8,0.0,0.0025495673
60,9,0.0,0.0031681196
60,10,0.0,0.00265875
60,11,0.0,0.0035303826
60,12,0.0,0.002515046
60,13,0.0,0.002652112
60,14,0.0,0.0025444636
60,15,0.0,0.0024407655
60,16,0.0,0.003462622
60,17,0.149861139146068,0.0023250375
60,18,0.0,0.0024213484
60,19,0.0,0.0016626511
60,20,0.136376324697345,0.002129931
60,21,0.144030078756005,0.0020480854
60,22,0.157517215864592,0.0021541645
60,23,0.0,0.0027760775
60,24,0.0,0.0017178059
60,25,0.0,0.002615463
60,26,-0.148172136430085,0.0024663014
60,27,0.0,0.0015767156
60,28,0.0,0.0026923628
60,29,0.0,0.0015699491
60,30,0.0,0.0018159756
60,31,0.0,0.0028028581
60,32,0.0,0.0027838973
60,33,0.0,0.0025805105
60,34,0.0,0.0033560488
60,35,0.0,0.0027118656
60,36,0.0,0.0023476458
60,37,0.0,0.0023508156
60,38,0.0,0.0026043598
60,39,0.0,0.002628412
60,40,0.0,0.0027774097
60,41,0.0,0.0018346007
60,42,0.0,0.0026136553
60,43,0.0,0.0025044251
60,44,0.0,0.0035503884
60,45,0.0,0.0027754498
60,46,0.0,0.002345948
60,47,0.0,0.0023911907
60,48,0.0,0.0025620237
60,49,0.0,0.0027751606
60,50,0.0,0.0023969645
60,51,0.0,0.0017131474
60,52,0.0,0.00316823
60,53,0.0,0.0025794096
60,54,0.0,0.0027964385
60,55,0.0,0.002592533
60,56,0.0,0.0023489567
60,57,0.0,0.0027899332
60,58,0.0,0.002192866
60,59,0.0,0.0022247806
60,60,0.0,0.030703487
60,61,-0.136043003841365,0.0022486579
60,62,0.0,0.0031322842
60,63,0.0,0.00256097
60,64,0.0,0.0016978043
60,65,0.0,0.002228342
60,66,0.0,0.0018305085
60,67,-0.143260443681203,0.00284338
60,68,0.149866441143844,0.0025777528
60,69,0.0,0.003067838
60,70,0.14059792072408,0.0023548934
60,71,0.0,0.0017238073
60,72,0.0,0.0022610282
60,73,0.0,0.0021021143
60,74,0.0,0.0027641673
60,75,0.135794081915435,0.0018974091
60,76,0.0,0.0016049193
60,77,0.0,0.002604737
60,78,0.0,0.002954151
60,79,0.0,0.002328809
60,80,-0.14951929874255,0.0014890381
60,81,0.0,0.0021737437
60,82,0.0,0.0026032822
60,83,0.0,0.0027786908
60,84,0.0,0.0019744248
60,85,0.0,0.0025305492
60,86,0.0,0.0021620141
60,87,0.0,0.0025514457
60,88,0.0,0.0026862146
60,89,0.0,0.0022906926
60,90,0.0,0.0034082863
60,91,0.0,0.0023104353
60,92,0.0,0.0033226265
60,93,0.0,0.002508047
60,94,0.0,0.002787847
60,95,0.0,0.0026445799
60,96,0.156000069643842,0.0021944246
60,97,0.0,0.0027685585
60,98,0.0,0.0034681028
60,99,0.0,0.0031757178
60,100,0.0,0.0024144906
60,101,0.0,0.0022003353
60,102,0.0,0.0028800797
60,103,0.0,0.0020616576
60,104,0.0,0.0018447852
60,105,0.0,0.0019087396
60,106,0.0,0.002392569
60,107,-0.144205722588027,0.0014919634
60,108,0.138063760918262,0.0025169272
60,109,0.0,0.0026426543
60,110,0.0,0.003345721
60,111,0.0,0.0026641586
60,112,0.0,0.0018157922
60,113,0.0,0.0019040899
60,114,0.0,0.0027810866
60,115,0.0,0.002756327
60,116,0.0,0.0020235498
60,117,0.0,0.001987286
60,118,0.151123573093181,0.0014782492
60,119,0.0,0.002250738
60,120,0.0,0.0018429626
60,121,0.141948381935656,0.0021002884
60,122,0.0,0.0023970543
60,123,0.0,0.0029079271
60,124,0.0,0.0023400034
60,125,0.0,0.0035132733
60,126,0.0,0.0021562832
60,127,0.0,0.0014926726
60,128,0.0,0.0026313816
60,129,-0.143304453653213,0.0026528002
60,130,0.0,0.002025512
60,131,0.0,0.001626147
60,132,0.0,0.0018471889
60,133,0.0,0.0022842893
60,134,0.0,0.0026146304
60,135,0.0,0.0015906869
60,136,0.0,0.0030983048
60,137,0.0,0.0027820962
60,138,-0.159798007470962,0.0018147542
60,139,0.0,0.0023874948
60,140,0.0,0.0017530909
60,141,0.0,0.0025909115
60,142,0.0,0.0019518854
60,143,0.0,0.0015728576
60,144,0.0,0.0032583023
60,145,0.0,0.0026661404
60,146,0.0,0.0016157348
60,147,0.0,0.0020426326
60,148,0.0,0.0035668295
60,149,0.0,0.003450045
60,150,0.0,0.002777474
60,151,0.14016500134245,0.0033447272
60,152,0.0,0.0019823802
60,153,0.0,0.0024153935
60,154,0.0,0.0024649194
60,155,0.0,0.0031109247
60,156,0.0,0.0021852017
60,157,0.0,0.0025310838
60,158,0.0,0.0032627163
60,159,0.139163471599064,0.002611023
60,160,0.0,0.0023914147
60,161,0.0,0.002171971
60,162,0.0,0.0026351553
60,163,0.0,0.0026008645
60,164,0.0,0.002398008
60,165,0.0,0.0024310234
60,166,0.1499483976243,0.0025372212
60,167,0.147052679579312,0.0035194792
60,168,0.0,0.002621511
60,169,0.0,0.0021236776
60,170,0.0,0.0028759767
60,171,0.0,0.0030518505
60,172,0.0,0.0025645997
60,173,0.0,0.0034767333
60,174,0.0,0.0023811837
60,175,0.0,0.0026629716
60,176,0.0,0.0025398945
60,177,0.0,0.0016623558
60,178,0.0,0.0015783384
60,179,0.0,0.003098207
60,180,0.0,0.0027254932
60,181,0.0,0.002614526
60,182,-0.152244993206099,0.0014895275
60,183,0.0,0.0023457478
60,184,0.0,0.0019542803
60,185,0.0,0.0025633299
60,186,0.0,0.0024881735
60,187,0.0,0.003409787
60,188,0.0,0.0025834478
60,189,0.0,0.0024051513
60,190,0.0,0.0031253593
60,191,0.0,0.002773358
60,192,0.0,0.0018787738
60,193,0.0,0.0014965236
60,194,0.0,0.002567239
60,195,0.0,0.0027039107
60,196,0.0,0.0025700568
60,197,0.0,0.0017043427
60,198,0.0,0.0021737474
60,199,0.158869050968797,0.0024107005
60,200,0.139901845284835,0.0035547055
60,201,0.0,0.003431776
60,202,0.0,0.0023854915
60,203,0.0,0.0021773297
60,204,0.0,0.0025222315
60,205,0.0,0.002275806
60,206,0.0,0.0024979892
60,207,-0.140539695962812,0.0015043113
60,208,0.14711892151815,0.0017459202
60,209,0.0,0.0025720722
60,210,0.0,0.0026224516
60,211,0.0,0.002764986
60,212,0.0,0.0023902948
60,213,0.0,0.0021594344
60,214,0.0,0.0025064265
60,215,0.0,0.0022149924
60,216,0.0,0.003154887
60,217,-0.139551778220209,0.0025430447
60,218,0.0,0.0021626912
60,219,0.0,0.003404221
60,220,0.0,0.0016543092
60,221,0.0,0.0025821258
60,222,0.0,0.0025219927
60,223,0.0,0.0026956862
60,224,0.0,0.0025475752
60,225,0.0,0.0019087577
60,226,0.0,0.0023133564
60,227,0.0,0.0028544613
60,228,0.0,0.0017307722
60,229,0.0,0.0027712542
60,230,0.0,0.0023812787
60,231,0.0,0.0032809237
60,232,0.0,0.0027775592
60,233,0.0,0.0026489198
60,234,0.0,0.0020239884
60,235,0.0,0.0025567454
60,236,0.0,0.0016349205
60,237,0.0,0.0016949521
60,238,0.0,0.0026469114
60,239,0.0,0.0033226889
60,240,0.0,0.0033880752
60,241,0.0,0.0035856701
60,242,0.0,0.0025442014
60,243,0.0,0.0022000428
60,244,0.0,0.0021006833
60,245,0.0,0.002410479
60,246,0.0,0.002523451
60,247,0.0,0.0022392324
60,248,0.0,0.002324799
60,249,0.0,0.0016246652
60,250,0.0,0.0016481238
60,251,0.0,0.0025241678
60,252,0.0,0.0035271156
60,253,0.0,0.0026343865
60,254,0.0,0.0017527617
60,255,0.0,0.0025066463
60,256,0.0,0.0025498974
60,257,0.0,0.0026086182
60,258,0.0,0.0035102246
60,259,0.0,0.0014952323
60,260,0.0,0.0033751195
60,261,0.0,0.0027365023
60,262,0.0,0.002578115
60,263,0.0,0.0027031708
60,264,0.0,0.002315157
60,265,-0.149302046334451,0.0034029726
60,266,0.0,0.0025158687
60,267,-0.147687004985749,0.0022221464
60,268,0.0,0.002161079
61,1,0.0,0.0019277483
61,2,0.0,0.0034844782
61,3,0.0,0.0025510383
61,4,0.0,0.002012175
61,5,0.0,0.0023057149
61,6,0.0,0.0022873296
61,7,0.0,0.0017402307
61,8,0.0,0.002613889
61,9,0.0,0.0023812084
61,10,0.0,0.0016653147
61,11,0.0,0.003244741
61,12,0.0,0.002954523
61,13,0.0,0.0025017285
61,14,0.0,0.0017437902
61,15,0.0,0.0018755998
61,16,0.0,0.0018630051
61,17,0.0,0.002342288
61,18,0.0,0.003386837
61,19,0.0,0.002750462
61,20,0.0,0.0030460963
61,21,0.0,0.0017202063
61,22,0.0,0.0014877259
61,23,0.0,0.0024084342
61,24,0.0,0.002218653
61,25,0.0,0.0014932407
61,26,0.0,0.0017600334
61,27,0.0,0.0026055314
61,28,0.0,0.0022773342
61,29,0.0,0.0027745515
61,30,0.0,0.0032059918
61,31,0.0,0.0028794212
61,32,0.0,0.002756983
61,33,0.0,0.002400044
61,34,0.0,0.0015433668
61,35,0.0,0.0027568382
61,36,0.0,0.0021503894
61,37,0.0,0.0046327775
61,38,0.0,0.0024167104
61,39,0.0,0.0014861184
61,40,0.0,0.0025404338
61,41,0.0,0.002685056
61,42,0.0,0.003166738
61,43,0.0,0.002634468
61,44,0.0,0.00340313
61,45,0.0,0.0023371088
61,46,0.0,0.0029187603
61,47,0.0,0.002762319
61,48,0.129958657190582,0.0017027813
61,49,0.0,0.0026308438
61,50,0.0,0.00276664
61,51,0.0,0.0015182118
61,52,0.0,0.0023135315
61,53,0.0,0.0023085177
61,54,0.0,0.0018101055
61,55,0.0,0.0025185999
61,56,0.0,0.0018563885
61,57,0.0,0.0017783218
61,58,0.0,0.0021787183
61,59,0.0,0.00146941
61,60,0.0,0.0022486579
61,61,0.0,0.030703487
61,62,0.0,0.0022327933
61,63,0.0,0.002481976
61,64,0.0,0.0029528285
61,65,0.141580081429037,0.0026094462
61,66,0.0,0.0024068286
61,67,0.0,0.0018773638
61,68,0.0,0.0022865445
61,69,0.0,0.001650467
61,70,0.0,0.0016334397
61,71,0.0,0.002212314
61,72,0.0,0.0016049743
61,73,0.0,0.0018520737
61,74,0.0,0.0015119845
61,75,0.0,0.0017680009
61,76,0.0,0.0024450044
61,77,0.0,0.0023625088
61,78,0.0,0.0014577513
61,79,0.0,0.0024575875
61,80,0.146014597115209,0.0016099918
61,81,0.0,0.0025488096
61,82,-0.14183657579142,0.0014871089
61,83,0.0,0.002907535
61,84,0.0,0.002554867
61,85,0.0,0.0019509671
61,86,0.0,0.0015484067
61,87,0.0,0.0026000426
61,88,0.0,0.0026202481
61,89,0.0,0.0028055902
61,90,0.0,0.0027709925
61,91,0.0,0.0018416024
61,92,0.0,0.0024998998
61,93,0.0,0.0014978582
61,94,0.0,0.0026662294
61,95,0.0,0.002533954
61,96,0.0,0.0026911148
61,97,-0.144765500454859,0.002353916
61,98,0.0,0.002660627
61,99,0.0,0.0016136155
61,100,0.0,0.0014848253
61,101,0.0,0.0024424652
61,102,0.0,0.0018295506
61,103,0.0,0.0022768988
61,104,0.0,0.0036292071
61,105,0.0,0.0025356486
61,106,0.143474086493171,0.0022617723
61,107,0.0,0.0017572073
61,108,0.0,0.0027880608
61,109,0.0,0.0017417418
61,110,0.0,0.0022886945
61,111,0.140979809284873,0.002124854
61,112,0.0,0.0020736405
61,113,0.0,0.0030091465
61,114,0.0,0.0027591046
61,115,0.0,0.0021000942
61,116,0.0,0.0019759028
61,117,0.0,0.0016079107
61,118,0.0,0.0034379493
61,119,0.0,0.002272178
61,120,0.0,0.0023380974
61,121,0.0,0.0015005725
61,122,0.0,0.0027053272
61,123,0.0,0.002725582
61,124,0.0,0.0015191911
61,125,0.140463740736384,0.0025501656
61,126,0.0,0.0014978149
61,127,0.0,0.0068414677
61,128,0.0,0.003196042
61,129,0.0,0.0017426615
61,130,0.0,0.0020726598
61,131,0.0,0.003558041
61,132,0.0,0.0024213167
61,133,0.0,0.0020154994
61,134,0.0,0.0027861302
61,135,0.0,0.0019411184
61,136,0.0,0.0017461823
61,137,0.0,0.0020561083
61,138,0.0,0.0035214229
61,139,0.0,0.0026371386
61,140,0.0,0.0033287648
61,141,0.0,0.001482171
61,142,0.0,0.004886984
61,143,0.0,0.0033931104
61,144,0.0,0.0016587493
61,145,0.0,0.003416189
61,146,0.0,0.0025473568
61,147,0.0,0.0021800012
61,148,0.133816831810489,0.002677342
61,149,0.0,0.0019026119
61,150,0.0,0.0021295203
61,151,0.0,0.0016878606
61,152,0.0,0.0023870845
61,153,0.0,0.0019308776
61,154,0.0,0.0014728862
61,155,0.0,0.0034107557
61,156,0.0,0.0023708395
61,157,0.0,0.002415483
61,158,0.0,0.0020564254
61,159,0.0,0.0023240042
61,160,0.0,0.0015993239
61,161,0.0,0.001498628
61,162,0.0,0.0014912244
61,163,0.0,0.002727375
61,164,0.0,0.0014913236
61,165,0.0,0.0014663148
61,166,0.0,0.002177379
61,167,0.0,0.0018298626
61,168,0.0,0.0018669264
61,169,0.0,0.0015564761
61,170,0.0,0.002475442
61,171,0.0,0.0024302886
61,172,0.0,0.0017296309
61,173,0.0,0.0026146541
61,174,0.0,0.0016034548
61,175,0.146131106690195,0.003393365
61,176,0.0,0.0014619273
61,177,0.0,0.004181096
61,178,0.0,0.0016853763
61,179,0.0,0.0014913566
61,180,0.0,0.0015896945
61,181,0.0,0.0028962707
61,182,-0.148676401860826,0.0016868869
61,183,0.0,0.0023721275
61,184,0.0,0.0015405538
61,185,0.0,0.0024048411
61,186,0.0,0.0024653096
61,187,0.0,0.0020453734
61,188,0.0,0.0023782891
61,189,0.0,0.0016757292
61,190,0.0,0.0023389552
61,191,0.0,0.0020031272
61,192,0.0,0.002591629
61,193,0.0,0.003209941
61,194,0.0,0.0031961836
61,195,0.141381431277943,0.0020393818
61,196,0.0,0.0017120242
61,197,0.0,0.0019313605
61,198,0.0,0.0014942773
61,199,0.0,0.0018785466
61,200,0.0,0.002376413
61,201,0.0,0.0017667077
61,202,0.0,0.0023166453
61,203,0.0,0.0031049275
61,204,0.0,0.0025049332
61,205,0.0,0.0016409364
61,206,0.0,0.0023133252
61,207,0.0,0.0023912573
61,208,0.0,0.0020523826
61,209,0.0,0.0028252555
61,210,0.0,0.0025524665
61,211,0.0,0.0016489327
61,212,0.0,0.001974729
61,213,0.0,0.0027254191
61,214,0.0,0.0016155392
61,215,-0.135624209056917,0.0016762442
61,216,0.0,0.0034355735
61,217,0.0,0.002251143
61,218,0.0,0.0015314389
61,219,0.0,0.002387981
61,220,0.0,0.0024261107
61,221,0.0,0.0021121409
61,222,0.0,0.0014645848
61,223,0.0,0.0024228604
61,224,0.0,0.0035671378
61,225,0.0,0.0028267726
61,226,0.0,0.001957248
61,227,-0.141535285507318,0.0015059132
61,228,0.0,0.003243608
61,229,0.0,0.0024363794
61,230,0.0,0.003454954
61,231,0.0,0.003171044
61,232,0.0,0.0025506052
61,233,0.0,0.0030965758
61,234,0.0,0.0022243732
61,235,0.0,0.0026105633
61,236,0.0,0.0014931671
61,237,0.0,0.0014973814
61,238,0.0,0.0014942796
61,239,0.0,0.0022124634
61,240,0.0,0.0025534392
61,241,0.0,0.002358778
61,242,0.0,0.002692042
61,243,0.0,0.002514406
61,244,0.0,0.0023650136
61,245,0.0,0.0023074448
61,246,0.0,0.0018978505
61,247,0.141918411443315,0.0036189612
61,248,0.0,0.0018597036
61,249,0.0,0.001668639
61,250,0.0,0.0025712159
61,251,0.0,0.0014914535
61,252,0.0,0.0022627418
61,253,0.0,0.002024278
61,254,0.0,0.0014817896
61,255,0.0,0.0014991285
61,256,0.0,0.0017011673
61,257,0.0,0.0031056996
61,258,0.0,0.0033123805
61,259,0.145792471423086,0.0016679987
61,260,0.0,0.0027952944
61,261,0.0,0.00261315
61,262,0.0,0.0014660368
61,263,0.0,0.0014935671
61,264,0.0,0.0027797981
61,265,0.0,0.001782902
61,266,0.0,0.0018887925
61,267,0.0,0.002788716
61,268,0.0,0.0029798672
62,1,0.0,0.0015689819
62,2,0.0,0.002770864
62,3,0.0,0.0023402036
62,4,0.0,0.0027720393
62,5,0.0,0.0015567341
62,6,0.0,0.0034469715
62,7,0.146461966324894,0.0015971516
62,8,0.0,0.0024233665
62,9,0.0,0.0034600748
62,10,0.0,0.0023431638
62,11,0.152885072300051,0.0036331546
62,12,0.0,0.0023575434
62,13,0.0,0.0017839521
62,14,0.0,0.0027562873
62,15,0.0,0.002229902
62,16,0.0,0.0025139884
62,17,0.0,0.0034576626
62,18,0.0,0.0019126199
62,19,0.0,0.002184723
62,20,0.0,0.0024771853
62,21,0.0,0.0030110013
62,22,0.0,0.0015846025
62,23,0.0,0.002627906
62,24,0.0,0.0025180187
62,25,0.0,0.002183076
62,26,0.0,0.0016721119
62,27,0.0,0.0036012372
62,28,0.0,0.001492721
62,29,0.0,0.0024325913
62,30,0.0,0.0022263494
62,31,0.0,0.0026226207
62,32,0.0,0.0026751328
62,33,0.0,0.0024459935
62,34,-0.142775942965519,0.0028564478
62,35,0.0,0.00316269
62,36,0.0,0.0030226987
62,37,0.0,0.0026085088
62,38,0.0,0.0023548044
62,39,-0.150592761636508,0.001857304
62,40,0.0,0.0029821526
62,41,0.0,0.0023466977
62,42,0.0,0.0017610299
62,43,0.0,0.0024518534
62,44,0.0,0.0026200325
62,45,0.0,0.0027886345
62,46,0.0,0.002496128
62,47,0.0,0.0025159335
62,48,0.0,0.0021863654
62,49,0.0,0.0025943061
62,50,0.0,0.0030169333
62,51,0.0,0.0016710376
62,52,0.0,0.0020956816
62,53,0.0,0.0023328844
62,54,-0.139833965859476,0.0020630248
62,55,0.0,0.0016584471
62,56,0.0,0.003202085
62,57,0.0,0.0023429831
62,58,0.0,0.0035021915
62,59,0.0,0.0016808715
62,60,0.0,0.0031322842
62,61,0.0,0.0022327933
62,62,0.0,0.030703487
62,63,0.0,0.0026620543
62,64,0.0,0.002582476
62,65,0.0,0.0024272762
62,66,0.0,0.0028149616
62,67,0.0,0.0031191166
62,68,0.0,0.001492125
62,69,0.0,0.0023392271
62,70,0.0,0.0024693366
62,71,0.0,0.003604428
62,72,0.0,0.0035889447
62,73,0.0,0.0022100732
62,74,0.0,0.0024179425
62,75,0.0,0.0020901528
62,76,0.0,0.0026527205
62,77,0.0,0.0015638894
62,78,0.0,0.0026256111
62,79,0.0,0.0027692146
62,80,0.0,0.0017009447
62,81,0.166822900273783,0.002625409
62,82,0.0,0.0034423498
62,83,0.0,0.0027897297
62,84,0.0,0.002259865
62,85,0.173751376681693,0.0025706524
62,86,0.0,0.0029049586
62,87,0.0,0.0016025202
62,88,0.172845683225797,0.0019729096
62,89,0.0,0.0016947417
62,90,0.0,0.003437907
62,91,0.155992894044359,0.002327843
62,92,0.0,0.002620852
62,93,0.0,0.0026367046
62,94,0.0,0.0018047979
62,95,0.165798422629983,0.0024715033
62,96,0.182681706680978,0.001508255
62,97,0.0,0.0024374789
62,98,0.0,0.003374081
62,99,0.0,0.002596748
62,100,0.0,0.0027616904
62,101,0.178520077774399,0.0027309288
62,102,0.0,0.0024076253
62,103,0.0,0.0024229605
62,104,0.0,0.002791407
62,105,0.0,0.0029004961
62,106,0.0,0.0015684627
62,107,0.0,0.0025381302
62,108,0.0,0.0032868301
62,109,-0.171785570751511,0.00243604
62,110,0.0,0.0023831087
62,111,0.0,0.002960295
62,112,0.0,0.0026023253
62,113,0.0,0.002444455
62,114,0.0,0.001930946
62,115,0.0,0.002368656
62,116,0.0,0.0026614163
62,117,0.0,0.0018757954
62,118,0.176971153381017,0.0029308582
62,119,0.0,0.0018173396
62,120,0.0,0.0024171253
62,121,0.0,0.0036140797
62,122,-0.171730342130808,0.0027661528
62,123,0.0,0.0019016326
62,124,0.0,0.0026904359
62,125,0.0,0.0015782602
62,126,0.0,0.0026575807
62,127,0.0,0.0029285485
62,128,0.0,0.002784518
62,129,0.0,0.001730646
62,130,0.0,0.002382454
62,131,0.175071470873864,0.0034574643
62,132,0.0,0.002053537
62,133,0.0,0.0027566194
62,134,0.0,0.0027667345
62,135,0.0,0.0028466005
62,136,0.0,0.0020380262
62,137,0.0,0.0025728801
62,138,0.187129228824464,0.0027411976
62,139,0.172743359714036,0.0027189082
62,140,-0.167271579656563,0.0028938302
62,141,0.0,0.0022711055
62,142,0.0,0.0017926698
62,143,0.0,0.0027818852
62,144,0.0,0.0022014147
62,145,0.0,0.0023814817
62,146,0.0,0.0025567524
62,147,0.0,0.0025114096
62,148,0.0,0.0027803453
62,149,-0.164831891757622,0.0015660422
62,150,0.0,0.002590565
62,151,0.0,0.0023456495
62,152,0.0,0.0025545023
62,153,-0.171532610249664,0.0027729454
62,154,0.0,0.0034239446
62,155,0.0,0.0034726034
62,156,0.0,0.0022749258
62,157,0.0,0.0015598778
62,158,0.0,0.0017221505
62,159,0.0,0.0024097376
62,160,0.0,0.002512191
62,161,0.0,0.0025944686
62,162,0.0,0.002439158
62,163,0.0,0.0015008734
62,164,0.0,0.0022841878
62,165,0.0,0.002799105
62,166,0.0,0.0025054822
62,167,0.0,0.0024719168
62,168,0.0,0.0035537188
62,169,0.0,0.002303482
62,170,0.17138575366343,0.0026038033
62,171,0.0,0.002638592
62,172,0.0,0.0027638776
62,173,0.0,0.0035918588
62,174,0.0,0.0025707227
62,175,0.0,0.0025171074
62,176,0.0,0.001789262
62,177,0.0,0.002527908
62,178,0.164740916628308,0.0018439032
62,179,0.173914577264966,0.0018993304
62,180,0.0,0.0023371675
62,181,0.0,0.002568433
62,182,0.0,0.0018756613
62,183,0.0,0.0021352642
62,184,0.0,0.0027737129
62,185,0.0,0.0021024952
62,186,0.0,0.003548697
62,187,0.0,0.0025645178
62,188,0.0,0.0017841565
62,189,0.0,0.0017413157
62,190,0.0,0.0034548696
62,191,0.0,0.002330286
62,192,0.0,0.0017919727
62,193,-0.159899489332134,0.0014887657
62,194,0.163063623956532,0.0026542586
62,195,0.0,0.0025916975
62,196,0.0,0.0027140258
62,197,0.0,0.0023235464
62,198,0.0,0.0022385088
62,199,0.0,0.0027839728
62,200,0.0,0.0029249224
62,201,0.0,0.0027835732
62,202,0.0,0.0023562303
62,203,0.0,0.002355392
62,204,0.0,0.0021430627
62,205,0.0,0.0027702106
62,206,0.0,0.003423587
62,207,0.164577051622653,0.001615474
62,208,0.0,0.0026882226
62,209,0.165874662570064,0.0027130935
62,210,0.0,0.002158008
62,211,0.0,0.0031877025
62,212,0.0,0.0027695945
62,213,0.177156162933308,0.0019199583
62,214,0.0,0.0023728888
62,215,0.0,0.0016868394
62,216,0.0,0.0025960393
62,217,0.0,0.0027862736
62,218,0.0,0.0019424101
62,219,0.0,0.0025049122
62,220,0.0,0.002506155
62,221,0.20365244462712,0.001890305
62,222,0.0,0.001665316
62,223,0.0,0.0025353464
62,224,0.0,0.0016345019
62,225,0.0,0.0027577537
62,226,0.0,0.0015926394
62,227,0.0,0.0032135728
62,228,0.0,0.0028646318
62,229,0.0,0.0035053738
62,230,0.0,0.0019793166
62,231,0.0,0.0023448644
62,232,0.0,0.0015810654
62,233,0.0,0.0025710906
62,234,0.0,0.002413779
62,235,0.0,0.0026631393
62,236,0.0,0.001914369
62,237,0.0,0.0033046403
62,238,0.0,0.0032711634
62,239,0.0,0.002477244
62,240,0.0,0.0034955647
62,241,0.0,0.0034871069
62,242,-0.177615753486925,0.0014918041
62,243,0.0,0.0020733052
62,244,-0.16919642742544,0.0015744315
62,245,0.0,0.0017407029
62,246,0.0,0.0036055646
62,247,0.0,0.0026146425
62,248,0.0,0.0015678573
62,249,0.0,0.0021777786
62,250,0.0,0.0020174854
62,251,-0.172142203165411,0.0018607266
62,252,0.0,0.0023721084
62,253,0.0,0.0023483639
62,254,0.0,0.0022747503
62,255,0.0,0.0025889133
62,256,-0.167259524593106,0.0016539786
62,257,0.0,0.0023054606
62,258,0.0,0.0022024112
62,259,0.174826129635218,0.0034179217
62,260,0.160203795299952,0.0026667272
62,261,0.0,0.0023733731
62,262,0.0,0.0025762157
62,263,0.0,0.0025713812
62,264,0.0,0.0021849684
62,265,-0.174838079865028,0.0024604956
62,266,0.0,0.0024706903
62,267,0.0,0.0024013817
62,268,0.0,0.0033876966
63,1,0.0,0.0023872955
63,2,0.155998378950787,0.0035504955
63,3,0.0,0.0015388327
63,4,0.0,0.0026503643
63,5,0.135014531143865,0.0024756696
63,6,0.0,0.0025142785
63,7,0.0,0.0031309412
63,8,0.0,0.0036011622
63,9,0.0,0.0027890517
63,10,-0.149808562155904,0.0036033206
63,11,0.0,0.002077422
63,12,0.0,0.0017725104
63,13,0.0,0.002150448
63,14,0.0,0.0031698276
63,15,0.0,0.0022490625
63,16,0.0,0.0025344621
63,17,0.0,0.0023227353
63,18,0.0,0.0022756578
63,19,0.0,0.0025798585
63,20,0.0,0.0026811557
63,21,0.0,0.0019560484
63,22,0.0,0.0025536884
63,23,0.0,0.002471894
63,24,0.0,0.0031565232
63,25,0.0,0.002372834
63,26,0.0,0.002150334
63,27,0.148526380376939,0.001955269
63,28,0.0,0.0035163248
63,29,0.0,0.0025386526
63,30,0.0,0.0025290619
63,31,0.0,0.0035619978
63,32,0.0,0.0034098402
63,33,0.0,0.0031184903
63,34,0.0,0.003128089
63,35,0.149015952190064,0.0024933973
63,36,0.0,0.0018156297
63,37,0.0,0.0023693289
63,38,0.0,0.0033881469
63,39,0.0,0.0026271488
63,40,0.0,0.002374304
63,41,0.0,0.0021747155
63,42,-0.143166324716867,0.0020714812
63,43,0.0,0.002273229
63,44,0.0,0.0019940627
63,45,0.0,0.0022935998
63,46,0.14449823782169,0.0035459772
63,47,0.0,0.0016155108
63,48,0.0,0.0021331394
63,49,0.0,0.002025132
63,50,0.0,0.0024662628
63,51,0.0,0.002786194
63,52,0.0,0.0023430153
63,53,0.0,0.0023573763
63,54,0.0,0.0034356061
63,55,0.0,0.0023824847
63,56,0.0,0.0014779745
63,57,0.0,0.0030016475
63,58,0.0,0.0025349194
63,59,0.0,0.0023518149
63,60,0.0,0.00256097
63,61,0.0,0.002481976
63,62,0.0,0.0026620543
63,63,0.537440219894052,0.030703487
63,64,0.0,0.0021596025
63,65,0.0,0.0022798711
63,66,0.0,0.0025955434
63,67,0.0,0.0027788123
63,68,0.0,0.0024125194
63,69,0.0,0.0026840358
63,70,0.0,0.0035383194
63,71,0.0,0.0027401675
63,72,0.0,0.0014912873
63,73,0.0,0.0023177103
63,74,0.0,0.0026261737
63,75,0.0,0.0016828813
63,76,0.0,0.0014706282
63,77,0.0,0.0027212342
63,78,-0.15219382765631,0.002576604
63,79,0.0,0.0025519868
63,80,0.0,0.0022078939
63,81,0.0,0.0025684275
63,82,0.0,0.0025403085
63,83,0.0,0.00261564
63,84,0.0,0.0030042292
63,85,0.0,0.0027418826
63,86,-0.151597620535097,0.0031055813
63,87,0.0,0.0020569242
63,88,0.146339315575997,0.0034915903
63,89,0.0,0.0023957817
63,90,0.0,0.0022708783
63,91,0.0,0.0026053376
63,92,0.0,0.0025776355
63,93,0.0,0.0036060903
63,94,0.0,0.0032229093
63,95,0.0,0.0018184185
63,96,0.0,0.002417339
63,97,0.0,0.0016349806
63,98,0.0,0.001491487
63,99,0.0,0.0024288287
63,100,0.0,0.003528846
63,101,0.0,0.0021643387
63,102,0.0,0.0014969236
63,103,0.0,0.0026550796
63,104,0.0,0.0027214773
63,105,0.0,0.002641871
63,106,0.0,0.0027687605
63,107,0.0,0.003587339
63,108,0.0,0.002412974
63,109,0.0,0.0017724121
63,110,0.0,0.0025374126
63,111,0.0,0.002067631
63,112,-0.147994613746791,0.0023014257
63,113,0.0,0.003121288
63,114,0.0,0.0025804215
63,115,0.0,0.0025159265
63,116,-0.144750793819225,0.0029364242
63,117,0.0,0.0034346534
63,118,0.0,0.002630799
63,119,0.0,0.0024055494
63,120,0.0,0.002646295
63,121,0.0,0.0035103224
63,122,0.0,0.0027840408
63,123,0.0,0.0019328762
63,124,0.0,0.0027075084
63,125,0.0,0.0025770776
63,126,0.0,0.0020637438
63,127,0.0,0.0025932514
63,128,-0.145862117039692,0.0018976363
63,129,0.0,0.0014784932
63,130,0.0,0.0018051509
63,131,0.0,0.0014858162
63,132,0.0,0.0020554615
63,133,0.0,0.0024280194
63,134,0.0,0.001487385
63,135,0.0,0.0025565191
63,136,0.146533635071653,0.0024034847
63,137,0.0,0.002512116
63,138,0.0,0.0026598396
63,139,-0.146252683660181,0.00314515
63,140,0.0,0.0034837779
63,141,0.0,0.002546832
63,142,0.0,0.0020826715
63,143,0.0,0.0020993012
63,144,0.0,0.002720018
63,145,0.0,0.002499592
63,146,0.0,0.002672411
63,147,0.0,0.0014792611
63,148,0.0,0.001645091
63,149,0.0,0.0023083407
63,150,0.0,0.0014632787
63,151,0.0,0.0027052523
63,152,0.0,0.0015378688
63,153,0.0,0.0018668431
63,154,0.0,0.0027094446
63,155,0.0,0.001490124
63,156,0.0,0.0016025407
63,157,0.0,0.0017818399
63,158,0.0,0.002312874
63,159,0.0,0.0026272386
63,160,0.0,0.0016524675
63,161,0.0,0.0016804133
63,162,0.0,0.0018603732
63,163,0.0,0.0023354278
63,164,0.0,0.0024033142
63,165,0.0,0.00307957
63,166,0.0,0.0029544784
63,167,0.0,0.0024397103
63,168,0.0,0.0019588452
63,169,0.0,0.002276524
63,170,0.0,0.0028071092
63,171,0.0,0.0024287729
63,172,0.0,0.0023287833
63,173,-0.138434227592201,0.0018467195
63,174,0.0,0.00351814
63,175,0.0,0.001594767
63,176,0.0,0.0020772903
63,177,0.0,0.0018856158
63,178,0.0,0.0018949341
63,179,0.0,0.0034101037
63,180,0.0,0.00205574
63,181,-0.146992233630611,0.0035940805
63,182,0.0,0.0022423351
63,183,0.0,0.0018463577
63,184,0.0,0.0025995253
63,185,0.0,0.001741421
63,186,0.0,0.0017692083
63,187,0.0,0.002550325
63,188,0.0,0.002241781
63,189,0.0,0.0019924631
63,190,0.0,0.0024543381
63,191,0.0,0.0032179817
63,192,0.0,0.0021885019
63,193,0.0,0.0034302333
63,194,0.0,0.0031518494
63,195,0.0,0.0022822805
63,196,0.0,0.0036181812
63,197,0.0,0.0018755067
63,198,0.0,0.0026039742
63,199,0.0,0.0020912597
63,200,0.0,0.002784362
63,201,0.0,0.0022227718
63,202,0.0,0.0028956276
63,203,0.144139643614084,0.0025958144
63,204,0.0,0.0022175843
63,205,0.133252279097801,0.002330345
63,206,0.0,0.0017545624
63,207,0.0,0.002717115
63,208,0.0,0.0017419728
63,209,0.0,0.0034333859
63,210,0.0,0.0031147748
63,211,0.0,0.0018657804
63,212,0.0,0.0027784165
63,213,0.0,0.0026922026
63,214,0.0,0.0016952716
63,215,0.0,0.0026145224
63,216,0.0,0.0024417792
63,217,0.0,0.0023279982
63,218,0.0,0.0027501266
63,219,0.0,0.0023838757
63,220,0.0,0.0014668247
63,221,-0.172421774185584,0.002651019
63,222,-0.149539843160246,0.0027136602
63,223,0.0,0.0027711228
63,224,0.145870648799104,0.0017424668
63,225,0.0,0.0025841459
63,226,0.0,0.0024097492
63,227,0.0,0.0028750342
63,228,0.0,0.0014899173
63,229,0.0,0.0014793309
63,230,0.0,0.002345263
63,231,0.0,0.0026069586
63,232,0.0,0.0025722608
63,233,0.0,0.0024312646
63,234,0.0,0.0028941785
63,235,0.0,0.0026135705
63,236,0.0,0.002032083
63,237,0.0,0.0020526913
63,238,0.0,0.002016469
63,239,0.0,0.0026407056
63,240,0.0,0.0024186876
63,241,0.0,0.0023648166
63,242,0.150377882257185,0.0030166265
63,243,0.0,0.0015860721
63,244,0.0,0.0035958067
63,245,0.0,0.003203706
63,246,0.0,0.0024332074
63,247,0.0,0.0014977623
63,248,0.0,0.0018298929
63,249,0.0,0.002960484
63,250,0.0,0.0025025336
63,251,0.0,0.0014829892
63,252,0.0,0.0035259915
63,253,0.138238301842844,0.001883178
63,254,0.0,0.0018904712
63,255,0.0,0.001539852
63,256,0.0,0.002493734
63,257,0.0,0.0027514142
63,258,0.0,0.003581772
63,259,0.0,0.0025352892
63,260,0.0,0.0022450276
63,261,0.0,0.0031221039
63,262,0.0,0.0022640666
63,263,0.0,0.0023431508
63,264,0.0,0.0022471626
63,265,0.0,0.00247607
63,266,0.0,0.0027212114
63,267,0.0,0.003421334
63,268,0.0,0.0017703217
64,1,0.0,0.003656839
64,2,0.0,0.0023377794
64,3,0.0,0.002638687
64,4,0.162953480480184,0.0031086355
64,5,-0.142833407004813,0.0021123951
64,6,0.0,0.0033732532
64,7,0.0,0.0019565704
64,8,0.0,0.0026029395
64,9,0.0,0.003598466
64,10,0.0,0.0019960534
64,11,0.0,0.0027250596
64,12,0.0,0.003360155
64,13,0.0,0.001939049
64,14,0.0,0.0023006839
64,15,0.0,0.001668246
64,16,0.0,0.0026888018
64,17,0.0,0.0025366796
64,18,0.160440031871134,0.0030204174
64,19,0.162573292088974,0.0020068293
64,20,0.0,0.0019783978
64,21,0.0,0.0016097138
64,22,0.0,0.0016591982
64,23,0.0,0.0024439692
64,24,0.0,0.0023742435
64,25,-0.167829931724276,0.0015733968
64,26,0.0,0.0032196958
64,27,0.0,0.00241209
64,28,0.0,0.0016461103
64,29,0.0,0.0018862402
64,30,0.0,0.0024749143
64,31,0.0,0.0024327151
64,32,0.0,0.0031174524
64,33,0.0,0.0026072226
64,34,0.0,0.0024634781
64,35,0.0,0.0025939723
64,36,0.0,0.0023124781
64,37,0.0,0.0016448013
64,38,0.0,0.0018362701
64,39,0.0,0.0016249232
64,40,0.0,0.0024077487
64,41,0.0,0.0015922207
64,42,0.0,0.0014847303
64,43,0.0,0.0035122922
64,44,0.146161437822837,0.0024493933
64,45,0.0,0.0036059665
64,46,0.0,0.0026135794
64,47,0.0,0.0024543758
64,48,0.0,0.002610201
64,49,0.0,0.0023399568
64,50,0.0,0.0027682153
64,51,0.16256622947073,0.002459234
64,52,0.0,0.0020538047
64,53,0.0,0.0014812769
64,54,-0.151341062036487,0.0026135202
64,55,0.0,0.0023585977
64,56,0.0,0.0024222373
64,57,0.0,0.0035079247
64,58,0.0,0.0027261372
64,59,0.0,0.0028193616
64,60,0.0,0.0016978043
64,61,0.146489745923259,0.0029528285
64,62,0.0,0.002582476
64,63,-0.159021815775342,0.0021596025
64,64,0.0,0.030703487
64,65,0.0,0.001470068
64,66,0.0,0.002322042
64,67,0.149403686649602,0.0032301801
64,68,0.0,0.0020041466
64,69,0.0,0.0016778698
64,70,0.0,0.0014648279
64,71,0.0,0.0018835189
64,72,0.0,0.0025546383
64,73,0.0,0.0018296358
64,74,0.0,0.0014988449
64,75,0.0,0.0029400284
64,76,0.155800642105409,0.0032940432
64,77,0.0,0.0021592258
64,78,0.16008819648381,0.0034284648
64,79,0.0,0.002980899
64,80,0.0,0.0016084802
64,81,-0.148566339006564,0.0020350204
64,82,0.0,0.0027721585
64,83,0.0,0.0024784799
64,84,0.0,0.0021076999
64,85,0.0,0.0020094868
64,86,0.0,0.0032406305
64,87,0.0,0.0022132327
64,88,0.0,0.002786559
64,89,0.0,0.0022838055
64,90,0.0,0.0032609645
64,91,0.0,0.003512099
64,92,0.0,0.0023691203
64,93,0.0,0.002782112
64,94,0.0,0.0017170943
64,95,0.0,0.002788579
64,96,0.0,0.0024232846
64,97,0.0,0.0018123626
64,98,0.151474752053513,0.0025406713
64,99,0.0,0.0021967338
64,100,0.0,0.002155249
64,101,0.0,0.0029942398
64,102,0.0,0.0014618956
64,103,0.0,0.0036209691
64,104,0.0,0.0025357367
64,105,0.0,0.002564874
64,106,0.0,0.0017315545
64,107,0.0,0.0016548526
64,108,0.0,0.0018990687
64,109,-0.152985910800138,0.0034241816
64,110,0.0,0.002306161
64,111,0.0,0.0014808364
64,112,0.0,0.0014950102
64,113,0.0,0.0022846633
64,114,0.0,0.002372181
64,115,0.0,0.0019354811
64,116,0.0,0.0016781618
64,117,0.0,0.001502682
64,118,0.0,0.0020870059
64,119,0.0,0.0014780243
64,120,0.0,0.0014944137
64,121,0.0,0.0016085757
64,122,0.0,0.00235858
64,123,0.0,0.0027274527
64,124,0.150926554870635,0.0019154628
64,125,0.0,0.0032994808
64,126,0.0,0.002588612
64,127,0.0,0.0018100501
64,128,0.0,0.002700447
64,129,0.0,0.0019158893
64,130,0.157586610739233,0.0034120302
64,131,0.0,0.0036132513
64,132,0.0,0.0032245019
64,133,0.0,0.00226455
64,134,0.0,0.003328729
64,135,0.0,0.001596434
64,136,0.0,0.0018816809
64,137,-0.157400337921967,0.0015862291
64,138,0.0,0.002603036
64,139,0.0,0.0023631058
64,140,0.0,0.0014904891
64,141,0.0,0.0023073298
64,142,0.0,0.0014929697
64,143,-0.148221432582036,0.0014858106
64,144,0.0,0.0022543548
64,145,0.0,0.0018060813
64,146,0.0,0.0014866753
64,147,0.153195598311818,0.0024666055
64,148,0.0,0.0031421585
64,149,0.0,0.0021693772
64,150,0.0,0.0025415663
64,151,0.0,0.0017422815
64,152,0.0,0.0014925143
64,153,0.0,0.0026884992
64,154,0.0,0.0023444984
64,155,0.0,0.002108642
64,156,0.0,0.0015922827
64,157,0.0,0.00318554
64,158,0.149934680714337,0.002983815
64,159,0.0,0.0024160165
64,160,0.0,0.0015650839
64,161,0.0,0.0027940893
64,162,0.0,0.0020528715
64,163,0.0,0.0014909264
64,164,0.0,0.0027101026
64,165,0.0,0.0015904694
64,166,0.0,0.0016643852
64,167,0.0,0.003160595
64,168,0.0,0.0032288413
64,169,0.0,0.0016087424
64,170,0.0,0.00202152
64,171,0.0,0.0023316508
64,172,-0.15909104524635,0.0028177537
64,173,0.0,0.0027738358
64,174,-0.158947307093097,0.0021481072
64,175,0.0,0.0024873405
64,176,0.0,0.0025489228
64,177,0.14664466138491,0.0024599773
64,178,0.0,0.0014898553
64,179,0.0,0.0017945245
64,180,0.0,0.0022279117
64,181,0.154616793213136,0.0018634922
64,182,0.0,0.0014935695
64,183,0.0,0.0016314811
64,184,0.0,0.002311787
64,185,-0.15256957677715,0.0015438143
64,186,0.0,0.0023486088
64,187,0.0,0.001457476
64,188,0.0,0.0037072394
64,189,0.0,0.0024479944
64,190,0.0,0.003117544
64,191,0.0,0.0025946274
64,192,0.0,0.0014792224
64,193,0.0,0.002468898
64,194,0.0,0.0024313494
64,195,0.0,0.0034432388
64,196,0.0,0.0022959244
64,197,0.0,0.002640142
64,198,0.0,0.0023174593
64,199,0.0,0.0023710276
64,200,0.0,0.0015919646
64,201,0.0,0.0015539448
64,202,0.0,0.0025723288
64,203,0.0,0.0027544755
64,204,0.0,0.0023825783
64,205,0.0,0.002241651
64,206,0.0,0.0019589616
64,207,0.146566268803292,0.0027703159
64,208,0.0,0.0032246085
64,209,0.0,0.002648333
64,210,0.0,0.0021743458
64,211,0.0,0.0030456549
64,212,0.0,0.0019408362
64,213,0.0,0.0023347065
64,214,0.0,0.0021475428
64,215,-0.144834897987306,0.0014754636
64,216,0.0,0.0020075855
64,217,0.0,0.0022368077
64,218,0.0,0.0014800485
64,219,0.0,0.0014928808
64,220,0.0,0.002332048
64,221,0.181365376566008,0.0014733239
64,222,0.0,0.0027467604
64,223,0.0,0.0033502737
64,224,0.0,0.0023519401
64,225,0.0,0.0016782023
64,226,0.0,0.0019398774
64,227,0.0,0.001715004
64,228,0.0,0.0024651433
64,229,0.0,0.0018979316
64,230,0.0,0.0018225932
64,231,0.0,0.0022780737
64,232,0.0,0.0016134088
64,233,0.0,0.0022844803
64,234,0.0,0.001908117
64,235,0.0,0.0027755038
64,236,0.0,0.0025706603
64,237,0.0,0.0027260105
64,238,0.0,0.0018437244
64,239,0.0,0.003591475
64,240,0.0,0.0029792828
64,241,0.0,0.002007098
64,242,0.0,0.0017490261
64,243,0.0,0.0025878465
64,244,0.0,0.0026272628
64,245,0.0,0.0014856337
64,246,0.0,0.00245664
64,247,0.0,0.001496912
64,248,0.0,0.0023368336
64,249,0.0,0.0016122246
64,250,0.0,0.0014826525
64,251,-0.153303514510523,0.003052868
64,252,0.0,0.0024323827
64,253,0.0,0.0019710436
64,254,0.0,0.00235866
64,255,0.0,0.0023437175
64,256,0.0,0.0032599322
64,257,0.0,0.0025588134
64,258,0.0,0.0023989943
64,259,0.0,0.0027708965
64,260,0.0,0.003550739
64,261,0.0,0.0033721486
64,262,0.0,0.0034746309
64,263,0.0,0.0025571603
64,264,0.0,0.0027403925
64,265,0.0,0.0033809096
64,266,0.0,0.002201701
64,267,0.0,0.0033763708
64,268,0.0,0.0020237472
65,1,0.0,0.0017857198
65,2,0.0,0.002589066
65,3,0.0,0.0014923224
65,4,0.0,0.0024884264
65,5,0.0,0.003458655
65,6,0.0,0.0018489119
65,7,0.0,0.0027627312
65,8,0.0,0.0036146552
65,9,0.0,0.00282143
65,10,0.0,0.0023956723
65,11,0.0,0.002551156
65,12,0.176495963669061,0.0036191824
65,13,0.0,0.0019142237
65,14,0.0,0.0022384385
65,15,0.0,0.0016641291
65,16,0.0,0.0017852839
65,17,0.0,0.0024187565
65,18,0.186004545287037,0.0028881785
65,19,0.0,0.0015190938
65,20,0.174740284112248,0.0022577848
65,21,0.0,0.0019046171
65,22,0.0,0.0030183843
65,23,0.0,0.0024308078
65,24,0.0,0.0020396747
65,25,0.0,0.003487783
65,26,-0.189854370065861,0.0017419932
65,27,0.0,0.0024174633
65,28,0.0,0.0027234303
65,29,0.0,0.0017415779
65,30,0.0,0.0024378132
65,31,0.0,0.0016927114
65,32,0.0,0.0023936331
65,33,0.0,0.0028766375
65,34,-0.179147172025453,0.002792262
65,35,0.182764929194483,0.0023694928
65,36,0.0,0.0026054475
65,37,0.0,0.0025107618
65,38,0.0,0.001716713
65,39,0.0,0.0016534538
65,40,0.0,0.0024709045
65,41,0.0,0.0027345554
65,42,0.0,0.002150183
65,43,0.0,0.0020540738
65,44,0.0,0.0018873378
65,45,0.0,0.0015574005
65,46,0.0,0.002169082
65,47,0.0,0.0029358547
65,48,0.0,0.0017366759
65,49,0.0,0.0026606787
65,50,0.0,0.002538743
65,51,0.188469531195423,0.002428968
65,52,0.0,0.0029480462
65,53,0.0,0.0024130428
65,54,0.0,0.0027915975
65,55,0.193657489481184,0.0032910374
65,56,-0.180144273261331,0.0024452955
65,57,0.0,0.0019115456
65,58,-0.187406444784969,0.0024321117
65,59,0.0,0.002074183
65,60,0.0,0.002228342
65,61,0.0,0.0026094462
65,62,0.0,0.0024272762
65,63,0.0,0.0022798711
65,64,0.0,0.001470068
65,65,0.0,0.030703487
65,66,-0.158688444048199,0.0026327362
65,67,0.0,0.0024192343
65,68,0.0,0.0033025597
65,69,0.0,0.0016644667
65,70,0.0,0.001485046
65,71,0.0,0.0043461774
65,72,0.154068703169181,0.00253679
65,73,0.0,0.002727334
65,74,0.0,0.0016316995
65,75,0.141321028147739,0.0023336322
65,76,0.0,0.0025798995
65,77,0.0,0.0020353002
65,78,0.0,0.0027701412
65,79,0.0,0.0024047676
65,80,0.0,0.0026194388
65,81,0.0,0.0023630308
65,82,0.151152439286004,0.0021491437
65,83,0.0,0.0021079653
65,84,0.0,0.002762264
65,85,0.0,0.002582746
65,86,0.0,0.0025701611
65,87,0.0,0.002873782
65,88,0.0,0.0033374121
65,89,0.0,0.0024860566
65,90,0.0,0.0026392872
65,91,-0.138631043559866,0.0026940424
65,92,0.0,0.00251819
65,93,0.0,0.002239908
65,94,0.0,0.0026193173
65,95,0.0,0.0035123974
65,96,0.0,0.002744691
65,97,0.0,0.002464551
65,98,0.0,0.0026946203
65,99,0.0,0.0025423132
65,100,0.0,0.0024015675
65,101,0.0,0.002466855
65,102,0.0,0.0024142694
65,103,0.0,0.0025662794
65,104,0.0,0.0019182162
65,105,0.0,0.0026815273
65,106,-0.152897502120083,0.0025373404
65,107,0.0,0.0022600223
65,108,0.0,0.0024759579
65,109,0.0,0.0015361547
65,110,0.0,0.0022565317
65,111,0.0,0.0017057457
65,112,0.0,0.0027632224
65,113,0.0,0.0021134159
65,114,0.0,0.0019091214
65,115,-0.156536610152337,0.002630306
65,116,0.0,0.0026697544
65,117,0.0,0.0014910703
65,118,0.0,0.0023291148
65,119,0.0,0.0014990834
65,120,0.0,0.0027196808
65,121,0.0,0.002248501
65,122,0.0,0.0025853794
65,123,0.0,0.0025748312
65,124,0.0,0.0014984077
65,125,0.0,0.001925949
65,126,0.0,0.0018040775
65,127,0.0,0.00186445
65,128,0.0,0.001976035
65,129,0.0,0.003245973
65,130,0.157257091107954,0.0021346658
65,131,0.0,0.0026302682
65,132,0.15764917294693,0.0026270784
65,133,0.0,0.001987901
65,134,0.0,0.003066822
65,135,0.0,0.0026179324
65,136,0.0,0.0024289424
65,137,0.0,0.002077052
65,138,0.0,0.0020032525
65,139,0.0,0.0023227418
65,140,0.0,0.0018183999
65,141,0.0,0.0014918349
65,142,0.0,0.0022816877
65,143,0.0,0.0014874679
65,144,0.0,0.0017528525
65,145,0.0,0.0035920371
65,146,0.0,0.002129471
65,147,0.0,0.001472957
65,148,0.0,0.0035388824
65,149,0.0,0.002896347
65,150,0.0,0.002504921
65,151,0.0,0.0020033899
65,152,0.0,0.0022998252
65,153,0.0,0.0022085616
65,154,0.0,0.002425841
65,155,0.0,0.0021338612
65,156,0.0,0.0025612204
65,157,0.0,0.0034980094
65,158,0.149621161561453,0.002400172
65,159,0.0,0.002359055
65,160,0.153530664284833,0.0019076406
65,161,0.0,0.0032256888
65,162,-0.145405067232344,0.0027526561
65,163,0.0,0.0031009358
65,164,0.0,0.0020855023
65,165,0.0,0.00208954
65,166,0.0,0.0024288786
65,167,0.0,0.002404016
65,168,0.0,0.00221965
65,169,0.0,0.0033227787
65,170,0.0,0.0025243652
65,171,0.0,0.0025161873
65,172,0.0,0.0023054476
65,173,0.0,0.0036255424
65,174,0.0,0.0033643614
65,175,0.0,0.00232004
65,176,0.0,0.0022705183
65,177,0.0,0.0034074625
65,178,0.0,0.001465844
65,179,0.0,0.0017643766
65,180,0.0,0.0027774256
65,181,0.0,0.0026376233
65,182,0.0,0.0021290379
65,183,0.0,0.0017499812
65,184,0.0,0.002887018
65,185,0.0,0.0029472476
65,186,0.0,0.0032492625
65,187,0.158070640376121,0.002462206
65,188,0.13925509134172,0.0014796895
65,189,0.0,0.002965069
65,190,0.0,0.0017662165
65,191,0.0,0.0024470584
65,192,0.0,0.00276331
65,193,0.0,0.00301912
65,194,0.0,0.0031290152
65,195,0.0,0.0014935918
65,196,0.0,0.0027494878
65,197,0.0,0.0026011132
65,198,0.141053339696193,0.0030946126
65,199,0.0,0.0024682982
65,200,0.0,0.0025623795
65,201,0.0,0.0016856384
65,202,0.0,0.0020369757
65,203,0.0,0.0023803692
65,204,0.0,0.0018199286
65,205,0.0,0.0021684417
65,206,0.0,0.0019814936
65,207,-0.146259793128567,0.0020660176
65,208,0.0,0.002044537
65,209,0.0,0.0018055481
65,210,0.0,0.0028955038
65,211,0.0,0.0019564833
65,212,0.14648377871971,0.0014793533
65,213,0.0,0.003505285
65,214,0.158190704192559,0.002538897
65,215,0.0,0.0023855534
65,216,0.0,0.0014931178
65,217,0.0,0.002438304
65,218,0.0,0.0017413367
65,219,0.0,0.002420499
65,220,-0.157973318894843,0.0025155605
65,221,0.0,0.0026997686
65,222,0.0,0.001855988
65,223,0.0,0.0014989795
65,224,0.0,0.0020035207
65,225,0.0,0.0025569294
65,226,0.0,0.0024067755
65,227,0.0,0.001990553
65,228,0.0,0.0020137336
65,229,-0.165946868803901,0.0024409336
65,230,0.0,0.0025504134
65,231,0.0,0.003097206
65,232,0.0,0.0023301388
65,233,0.0,0.0032203319
65,234,0.0,0.0024290225
65,235,0.0,0.002067638
65,236,0.0,0.0026381128
65,237,0.0,0.002578481
65,238,0.0,0.002340104
65,239,0.0,0.0024328222
65,240,0.0,0.0019324324
65,241,0.0,0.0024915454
65,242,0.0,0.0032557878
65,243,0.0,0.0029481747
65,244,0.0,0.0019343467
65,245,0.0,0.0023440477
65,246,0.0,0.00270514
65,247,0.0,0.0026469151
65,248,0.0,0.0025068126
65,249,0.0,0.0017424985
65,250,0.0,0.0014834497
65,251,0.0,0.0020691105
65,252,0.0,0.002253442
65,253,0.0,0.0022987914
65,254,0.0,0.0015542144
65,255,0.0,0.0017767111
65,256,0.0,0.0014949022
65,257,0.0,0.002610756
65,258,0.0,0.0017406838
65,259,0.0,0.0032055178
65,260,0.0,0.0023674774
65,261,0.0,0.0025687055
65,262,0.0,0.0026850472
65,263,0.0,0.0033099228
65,264,-0.141035214483925,0.0024644877
65,265,-0.155378779361575,0.002522443
65,266,0.0,0.0017967168
65,267,0.0,0.0028645587
65,268,0.0,0.001590834
66,1,0.0,0.0019036634
66,2,0.0,0.00338959
66,3,0.0,0.0024784924
66,4,0.0,0.0023184344
66,5,0.0,0.0025903704
66,6,0.0,0.0024171802
66,7,0.0,0.0024154144
66,8,0.0,0.0036248448
66,9,0.0,0.0032788343
66,10,0.0,0.0024966267
66,11,0.0,0.0035454151
66,12,0.0,0.0026125233
66,13,0.0,0.0023207855
66,14,0.0,0.001490959
66,15,0.0,0.0014955676
66,16,0.0,0.0027330504
66,17,0.0,0.00362714
66,18,0.0,0.0027789618
66,19,0.0,0.0025694617
66,20,0.0,0.002051021
66,21,0.0,0.0017123572
66,22,0.0,0.002451769
66,23,0.0,0.0023609898
66,24,0.0,0.00182562
66,25,0.0,0.002185145
66,26,0.0,0.00276834
66,27,0.0,0.001486646
66,28,0.145727826075971,0.0026936932
66,29,0.0,0.002613122
66,30,0.0,0.0027694735
66,31,0.0,0.003458743
66,32,0.0,0.0017672898
66,33,0.0,0.0022997372
66,34,0.0,0.0019699354
66,35,0.0,0.0027043852
66,36,0.156112395956353,0.0025765505
66,37,0.0,0.0020011524
66,38,0.0,0.0036332766
66,39,0.0,0.0020145737
66,40,0.0,0.0014932072
66,41,0.0,0.0016127201
66,42,0.0,0.0014834628
66,43,0.0,0.0024829395
66,44,0.0,0.0023854105
66,45,-0.146999761766989,0.0024083303
66,46,0.0,0.0023388187
66,47,0.0,0.0025027879
66,48,0.0,0.0025521764
66,49,0.0,0.0033487184
66,50,0.0,0.0024116267
66,51,0.0,0.0015963325
66,52,0.0,0.002337683
66,53,0.0,0.001732571
66,54,0.0,0.0015345514
66,55,0.152012440000449,0.0025069015
66,56,0.0,0.0025129602
66,57,0.146333284867609,0.0024483404
66,58,0.0,0.0024424582
66,59,0.0,0.0014580046
66,60,0.0,0.0018305085
66,61,0.0,0.0024068286
66,62,0.0,0.0028149616
66,63,0.0,0.0025955434
66,64,0.0,0.002322042
66,65,0.0,0.0026327362
66,66,0.0,0.030703487
66,67,0.0,0.0019416665
66,68,0.0,0.0025943713
66,69,0.0,0.0023651929
66,70,0.0,0.0035780212
66,71,0.0,0.0036330898
66,72,0.0,0.0018600505
66,73,0.0,0.0023946594
66,74,0.0,0.001470645
66,75,0.0,0.0016633607
66,76,0.0,0.0023332248
66,77,0.0,0.0033480232
66,78,0.0,0.0027675144
66,79,0.0,0.0014926847
66,80,0.0,0.0018503591
66,81,0.0,0.0024972148
66,82,0.0,0.0019333032
66,83,0.0,0.003467449
66,84,0.0,0.0034181965
66,85,0.0,0.0022868034
66,86,0.0,0.0018185601
66,87,0.171139591933489,0.0016128309
66,88,0.0,0.002549116
66,89,0.0,0.0025497964
66,90,0.0,0.0015996369
66,91,0.0,0.002706937
66,92,0.0,0.001953669
66,93,0.0,0.0014933338
66,94,0.0,0.0014917515
66,95,-0.154971662999206,0.0024330053
66,96,0.0,0.002392495
66,97,0.0,0.0031439532
66,98,0.0,0.0018545585
66,99,0.0,0.0023839222
66,100,0.0,0.0025037732
66,101,0.0,0.002490616
66,102,0.0,0.0015994045
66,103,0.0,0.0014844555
66,104,0.0,0.0016193148
66,105,0.0,0.0024284618
66,106,-0.160811318350949,0.002408503
66,107,0.0,0.0025687208
66,108,-0.151119972772715,0.0035418095
66,109,0.0,0.002463412
66,110,0.0,0.0027818987
66,111,-0.158015635757644,0.0028089928
66,112,0.0,0.0018805419
66,113,0.0,0.0021563303
66,114,0.0,0.0015939646
66,115,0.0,0.0031573707
66,116,0.0,0.002264887
66,117,0.0,0.001885091
66,118,0.0,0.0024208878
66,119,0.0,0.0017243242
66,120,0.0,0.002277588
66,121,0.0,0.00225162
66,122,0.0,0.0026388397
66,123,0.0,0.0018126112
66,124,0.0,0.0016851998
66,125,0.0,0.0024334146
66,126,0.0,0.001491358
66,127,0.0,0.002405635
66,128,0.0,0.0019231997
66,129,0.0,0.003470345
66,130,0.0,0.0033168406
66,131,0.0,0.0021179994
66,132,0.0,0.0014582206
66,133,0.16403182702882,0.0026701982
66,134,0.0,0.0017755884
66,135,0.0,0.0031262222
66,136,-0.161773261158596,0.0028749732
66,137,0.0,0.0023175487
66,138,0.0,0.0023616585
66,139,-0.161463090554838,0.0016981177
66,140,0.0,0.002441003
66,141,0.0,0.0014895024
66,142,0.0,0.0015575425
66,143,0.0,0.002772959
66,144,0.0,0.0023322548
66,145,0.0,0.0034352224
66,146,0.0,0.0022363449
66,147,0.0,0.002306539
66,148,0.0,0.0022182614
66,149,0.0,0.0026769978
66,150,0.0,0.0014931709
66,151,0.0,0.0032432312
66,152,0.0,0.0022228756
66,153,0.0,0.0031684497
66,154,0.0,0.0022860458
66,155,0.0,0.0023373035
66,156,0.0,0.0014834101
66,157,0.0,0.0024728063
66,158,0.0,0.0027480242
66,159,0.0,0.0024803462
66,160,0.0,0.0031772396
66,161,0.0,0.0024840273
66,162,0.0,0.0023992034
66,163,0.0,0.0024590697
66,164,0.0,0.0014971094
66,165,0.0,0.001968267
66,166,-0.164128498424087,0.0014575804
66,167,0.0,0.002756264
66,168,0.159910831346354,0.003419484
66,169,0.0,0.0028253812
66,170,0.0,0.0017826161
66,171,0.0,0.0020866198
66,172,-0.166975548968945,0.0027179457
66,173,0.0,0.0018375064
66,174,-0.166824687196618,0.0023935498
66,175,0.0,0.0017510033
66,176,0.0,0.0021367487
66,177,0.0,0.0023849835
66,178,0.153983212921626,0.001815401
66,179,0.0,0.001983893
66,180,-0.161559099485548,0.0014779917
66,181,0.0,0.0028827712
66,182,0.0,0.002574711
66,183,0.0,0.0014941762
66,184,0.0,0.0023388248
66,185,0.0,0.002255001
66,186,0.0,0.0017009573
66,187,0.0,0.0025503538
66,188,0.0,0.0026255874
66,189,0.0,0.00195598
66,190,0.0,0.002196054
66,191,0.0,0.0016076411
66,192,0.0,0.0016524568
66,193,0.0,0.0026017781
66,194,0.0,0.0017360346
66,195,0.0,0.0034616413
66,196,0.0,0.0019082492
66,197,0.0,0.003107727
66,198,0.0,0.0014990042
66,199,0.0,0.0026133778
66,200,0.0,0.0020222845
66,201,0.0,0.003014815
66,202,0.0,0.0032852716
66,203,0.0,0.002322108
66,204,0.0,0.002668261
66,205,0.0,0.0025520697
66,206,0.0,0.002491952
66,207,-0.153830048422044,0.002240765
66,208,0.0,0.0015120339
66,209,0.0,0.0035003237
66,210,0.0,0.0030856556
66,211,0.0,0.002681702
66,212,0.0,0.0025569773
66,213,0.165587734459955,0.002234594
66,214,0.0,0.002716613
66,215,0.0,0.0023096618
66,216,0.0,0.002086673
66,217,0.152748706718973,0.0032404126
66,218,0.0,0.0015402418
66,219,0.0,0.002610742
66,220,0.0,0.0026328154
66,221,0.190353789361149,0.0016690833
66,222,0.165092117515194,0.0022924975
66,223,-0.169925392711241,0.0017194832
66,224,0.0,0.0026924624
66,225,0.0,0.0017364076
66,226,0.0,0.0017424291
66,227,0.0,0.0025359718
66,228,0.0,0.0018778369
66,229,0.0,0.0025846302
66,230,0.0,0.0023892075
66,231,0.0,0.0023876997
66,232,0.0,0.002782058
66,233,0.0,0.0025926372
66,234,0.0,0.003313506
66,235,0.0,0.0019836677
66,236,0.0,0.0020487108
66,237,0.0,0.0014920332
66,238,0.0,0.0016877046
66,239,0.159999377541482,0.002498575
66,240,0.0,0.0031091715
66,241,0.0,0.0014873096
66,242,0.0,0.0027295668
66,243,0.155501022629036,0.0024397746
66,244,0.0,0.0035805902
66,245,0.156234261481219,0.0025550807
66,246,0.0,0.002337234
66,247,0.0,0.0021815533
66,248,0.0,0.003499148
66,249,0.0,0.0015104786
66,250,0.0,0.0027155825
66,251,0.0,0.0021596816
66,252,0.0,0.0020053107
66,253,0.0,0.0026935101
66,254,0.0,0.0014817514
66,255,0.0,0.0018736534
66,256,0.0,0.0023522424
66,257,0.0,0.0026414194
66,258,0.0,0.0021466138
66,259,0.0,0.0024218601
66,260,0.0,0.0023822398
66,261,0.159325725378264,0.0026477925
66,262,0.0,0.0024170894
66,263,0.0,0.0014816415
66,264,0.0,0.002614662
66,265,0.0,0.001885674
66,266,0.0,0.0026158588
66,267,0.0,0.0014797719
66,268,0.0,0.0024678302
67,1,0.0,0.002466306
67,2,0.0,0.0014980403
67,3,0.0,0.0026792237
67,4,0.0,0.0022780304
67,5,0.0,0.0035079755
67,6,-0.143769315932592,0.0017700219
67,7,0.0,0.0021391897
67,8,0.141678901078131,0.0023583034
67,9,0.0,0.0016311179
67,10,0.0,0.0034738476
67,11,0.0,0.0034815255
67,12,0.0,0.0020271414
67,13,0.0,0.0019917917
67,14,0.0,0.0014894945
67,15,0.0,0.0024759504
67,16,0.0,0.002085796
67,17,0.0,0.0023229541
67,18,0.0,0.0027692094
67,19,0.0,0.0019747159
67,20,0.0,0.0022766227
67,21,0.0,0.0023934953
67,22,0.0,0.0014670319
67,23,0.0,0.0028405455
67,24,0.0,0.0015854482
67,25,0.0,0.0020777239
67,26,0.0,0.0016389918
67,27,0.0,0.0022068438
67,28,0.0,0.0016975193
67,29,0.0,0.001590196
67,30,0.0,0.0019543958
67,31,0.0,0.0035578487
67,32,0.0,0.0021115518
67,33,0.0,0.0035645897
67,34,-0.141811776747229,0.0017422866
67,35,0.0,0.0027706912
67,36,0.0,0.0015311781
67,37,0.0,0.0021887505
67,38,0.0,0.0016938667
67,39,0.149575808426653,0.0014665863
67,40,0.0,0.002640095
67,41,0.0,0.0014661509
67,42,0.0,0.0016432051
67,43,0.0,0.0020136796
67,44,0.0,0.0015794821
67,45,0.0,0.0025495705
67,46,0.0,0.0025967062
67,47,0.0,0.0016573537
67,48,0.0,0.0014907662
67,49,0.0,0.0034358753
67,50,0.0,0.0015438865
67,51,0.0,0.0014583599
67,52,0.0,0.0024492675
67,53,0.0,0.002964544
67,54,0.0,0.0024312749
67,55,0.0,0.0020359429
67,56,0.0,0.0024636565
67,57,0.0,0.0014717462
67,58,0.0,0.0019349065
67,59,0.0,0.0014738431
67,60,0.0,0.00284338
67,61,-0.134437486626516,0.0018773638
67,62,0.0,0.0031191166
67,63,0.0,0.0027788123
67,64,-0.154389993814692,0.0032301801
67,65,0.0,0.0024192343
67,66,0.0,0.0019416665
67,67,0.0,0.030703487
67,68,0.15411804684176,0.0023555122
67,69,0.0,0.0024657324
67,70,0.0,0.0014788057
67,71,0.0,0.001481228
67,72,0.0,0.0014868695
67,73,0.0,0.0018481785
67,74,0.0,0.0014807265
67,75,-0.139646464663756,0.0014776285
67,76,0.0,0.0019161925
67,77,0.0,0.0014933883
67,78,0.0,0.0015261611
67,79,0.0,0.0021784846
67,80,0.0,0.0035610776
67,81,0.0,0.0018465542
67,82,0.0,0.0014934209
67,83,0.0,0.002674384
67,84,0.0,0.0017588069
67,85,0.152583329891629,0.002353717
67,86,0.0,0.0048921937
67,87,-0.160789404678824,0.0021867156
67,88,0.0,0.0030566817
67,89,0.0,0.0016712891
67,90,0.0,0.0016146405
67,91,0.0,0.0015629553
67,92,0.0,0.0017307298
67,93,0.0,0.0029292363
67,94,0.0,0.0023905146
67,95,0.0,0.0017386265
67,96,0.160425682075223,0.002200934
67,97,0.0,0.0022545927
67,98,0.0,0.0026280163
67,99,0.0,0.0026458306
67,100,0.0,0.0016431538
67,101,0.0,0.0039246744
67,102,0.0,0.0017062635
67,103,0.0,0.0015255911
67,104,0.0,0.0022904011
67,105,0.0,0.001493278
67,106,0.0,0.002329857
67,107,0.0,0.005105246
67,108,0.0,0.0017408179
67,109,0.0,0.0017658253
67,110,0.0,0.0029459652
67,111,0.0,0.002181468
67,112,0.0,0.0032245098
67,113,0.0,0.0020469609
67,114,0.0,0.0029323734
67,115,0.154681751786931,0.0020894366
67,116,0.0,0.0014603911
67,117,0.0,0.0028119124
67,118,0.0,0.003407639
67,119,0.0,0.0015501333
67,120,0.0,0.002199972
67,121,0.0,0.0014739875
67,122,0.0,0.0014935895
67,123,0.0,0.0020467346
67,124,0.0,0.003439141
67,125,0.0,0.002650645
67,126,0.0,0.0014668382
67,127,0.0,0.008448769
67,128,0.0,0.00261319
67,129,0.0,0.0024365485
67,130,0.0,0.0021816036
67,131,0.0,0.0014928104
67,132,0.0,0.001484843
67,133,0.0,0.001587878
67,134,0.14258199270245,0.0025080945
67,135,0.0,0.001989426
67,136,0.0,0.0032761204
67,137,0.0,0.0018476811
67,138,0.0,0.0025242479
67,139,0.0,0.0033361968
67,140,0.0,0.0019208705
67,141,0.0,0.0016561099
67,142,0.0,0.0014871685
67,143,0.146158839599477,0.003557547
67,144,0.0,0.0019944417
67,145,0.0,0.002131491
67,146,0.0,0.0019588224
67,147,0.0,0.0020804997
67,148,0.0,0.0022351304
67,149,0.0,0.0025907354
67,150,0.0,0.0034333854
67,151,0.0,0.0016764575
67,152,0.0,0.0017374652
67,153,0.0,0.0020475844
67,154,0.0,0.0014578626
67,155,0.0,0.002305484
67,156,0.0,0.0031818585
67,157,0.0,0.0019255397
67,158,0.0,0.0022904482
67,159,0.0,0.0035925028
67,160,-0.151711424448746,0.0024426985
67,161,0.0,0.0014743796
67,162,0.0,0.0015355768
67,163,0.0,0.0020363666
67,164,0.0,0.0016936329
67,165,0.0,0.0015875995
67,166,0.0,0.0033741724
67,167,0.0,0.0019729286
67,168,0.0,0.0024046414
67,169,0.0,0.00160135
67,170,0.0,0.0022085272
67,171,0.0,0.0025575268
67,172,0.0,0.0025024572
67,173,0.0,0.002596239
67,174,0.0,0.0032397923
67,175,0.0,0.0030270373
67,176,0.0,0.0015213075
67,177,0.0,0.0022901618
67,178,0.0,0.0015046401
67,179,0.152726647826207,0.0036168648
67,180,0.0,0.0015848172
67,181,0.0,0.0026642336
67,182,0.0,0.0028371415
67,183,0.0,0.0014672065
67,184,0.0,0.002431265
67,185,0.0,0.0017949552
67,186,0.151014649776472,0.0025311606
67,187,0.0,0.0027412693
67,188,0.0,0.0015440173
67,189,0.0,0.0015546242
67,190,0.0,0.0036222884
67,191,0.0,0.0019496824
67,192,0.0,0.0015399638
67,193,0.0,0.0041542137
67,194,0.0,0.0019631293
67,195,0.0,0.0031025512
67,196,0.150802851940098,0.0014847061
67,197,0.0,0.0019684215
67,198,0.0,0.0014632605
67,199,0.0,0.0019047903
67,200,0.0,0.001756079
67,201,0.0,0.0021617776
67,202,0.0,0.0023372085
67,203,0.0,0.0014758967
67,204,0.0,0.0027612476
67,205,0.0,0.0016344106
67,206,0.0,0.0014938237
67,207,0.0,0.0017891568
67,208,0.0,0.0021978067
67,209,0.0,0.002612867
67,210,0.0,0.0016231276
67,211,0.0,0.0023420136
67,212,0.0,0.0025504772
67,213,0.0,0.0016979175
67,214,0.0,0.00189244
67,215,0.0,0.0023325998
67,216,0.0,0.0023099836
67,217,0.0,0.003180949
67,218,0.0,0.0025673136
67,219,0.0,0.0024141953
67,220,0.0,0.0021244744
67,221,0.0,0.0024771225
67,222,0.0,0.0014864649
67,223,0.0,0.0036027427
67,224,0.0,0.003413755
67,225,0.0,0.0027683019
67,226,0.0,0.0015617991
67,227,0.0,0.003099483
67,228,0.0,0.0019442388
67,229,0.0,0.002500771
67,230,0.0,0.0014953306
67,231,0.0,0.0015526796
67,232,0.141378843133047,0.001488354
67,233,0.0,0.0023410828
67,234,0.0,0.0025505978
67,235,0.0,0.002466538
67,236,0.0,0.001649736
67,237,0.0,0.0014953688
67,238,0.0,0.0014722669
67,239,0.0,0.0025524609
67,240,0.0,0.0014827428
67,241,0.0,0.0014958242
67,242,0.0,0.002876609
67,243,0.0,0.0016828151
67,244,0.0,0.0026005083
67,245,0.146785519412503,0.0019102055
67,246,0.0,0.0017351205
67,247,0.0,0.0029258789
67,248,0.0,0.0016184114
67,249,0.0,0.0026003686
67,250,0.0,0.0023006368
67,251,0.0,0.0017109038
67,252,0.0,0.00154295
67,253,0.0,0.0031955978
67,254,0.0,0.0016199644
67,255,0.0,0.0017692805
67,256,0.0,0.001607819
67,257,0.0,0.0027085464
67,258,0.0,0.0027821003
67,259,0.0,0.0016632462
67,260,0.0,0.0023396946
67,261,0.0,0.0025407332
67,262,0.0,0.0014774459
67,263,0.0,0.0023772088
67,264,0.0,0.002759335
67,265,-0.153537640547946,0.0024467413
67,266,0.0,0.0020738686
67,267,0.0,0.0017441837
67,268,0.0,0.0025739619
68,1,0.0,0.0014812192
68,2,0.0,0.0024480922
68,3,0.0,0.0016756216
68,4,0.0,0.002286653
68,5,0.0,0.0025336696
68,6,0.0,0.001778678
68,7,0.149496122105621,0.002002879
68,8,0.0,0.0025084494
68,9,0.0,0.0033420604
68,10,0.0,0.0016671601
68,11,0.0,0.0027637673
68,12,0.0,0.0016319267
68,13,0.0,0.0031047468
68,14,0.0,0.0023203064
68,15,0.0,0.0016979473
68,16,0.0,0.0025658035
68,17,-0.15620438882773,0.0031872052
68,18,0.0,0.001491487
68,19,0.0,0.0026402413
68,20,0.0,0.0015463168
68,21,0.0,0.0025985492
68,22,0.0,0.0025777146
68,23,0.0,0.0025139377
68,24,0.0,0.0025483537
68,25,0.0,0.0022500842
68,26,0.0,0.0023833574
68,27,0.0,0.0017527039
68,28,0.0,0.0014916454
68,29,0.0,0.0023126686
68,30,0.0,0.0024684737
68,31,0.0,0.0027596834
68,32,0.145346531761066,0.0024507642
68,33,0.0,0.0027631545
68,34,0.0,0.0014864607
68,35,0.0,0.0026842984
68,36,0.0,0.00188147
68,37,0.0,0.002748339
68,38,0.0,0.0026895967
68,39,0.0,0.0030294424
68,40,0.0,0.0029322398
68,41,0.0,0.0015319078
68,42,0.0,0.0023464938
68,43,0.0,0.0017218255
68,44,0.0,0.0017557731
68,45,0.0,0.0029719872
68,46,0.0,0.0023136018
68,47,0.0,0.0025241054
68,48,0.0,0.0019822763
68,49,0.139200407163637,0.0024225432
68,50,0.0,0.003088025
68,51,0.0,0.0034120874
68,52,0.0,0.0023941975
68,53,0.0,0.0020304471
68,54,0.0,0.002449755
68,55,0.0,0.0027821353
68,56,0.0,0.002795402
68,57,0.0,0.0025405386
68,58,0.0,0.002972864
68,59,0.0,0.002016636
68,60,0.0,0.0025777528
68,61,0.0,0.0022865445
68,62,0.0,0.001492125
68,63,0.0,0.0024125194
68,64,0.0,0.0020041466
68,65,0.0,0.0033025597
68,66,0.0,0.0025943713
68,67,0.0,0.0023555122
68,68,0.0,0.030703487
68,69,0.0,0.00233419
68,70,0.151253733237257,0.0023994083
68,71,0.0,0.0022627162
68,72,0.0,0.0027840054
68,73,0.0,0.0029067877
68,74,0.0,0.002779873
68,75,-0.146085815035227,0.0015632673
68,76,0.0,0.003553941
68,77,0.0,0.0017417809
68,78,0.0,0.0030540442
68,79,0.0,0.0025468585
68,80,0.0,0.0024793986
68,81,0.0,0.0026730685
68,82,0.0,0.0019444702
68,83,0.0,0.0023385677
68,84,0.161884052671239,0.0024563647
68,85,0.159619222453489,0.0021215016
68,86,0.0,0.002307414
68,87,0.0,0.002618346
68,88,0.0,0.0020429995
68,89,0.0,0.0021902448
68,90,0.144713632022076,0.0034856573
68,91,0.0,0.003040601
68,92,-0.155706360067494,0.002745037
68,93,0.0,0.0024558767
68,94,0.0,0.0020465474
68,95,0.0,0.0027764612
68,96,0.0,0.002633282
68,97,0.0,0.001970484
68,98,0.0,0.0027823364
68,99,0.0,0.0034604762
68,100,0.0,0.0035749786
68,101,0.0,0.002668717
68,102,0.0,0.0023821937
68,103,0.0,0.0036304793
68,104,0.150590111195448,0.0024232352
68,105,0.0,0.0036152652
68,106,0.0,0.002693816
68,107,0.0,0.0034338022
68,108,0.0,0.0027760244
68,109,-0.1578133063217,0.0025328244
68,110,0.0,0.003504014
68,111,0.0,0.001659696
68,112,0.0,0.0022685206
68,113,0.146464032978576,0.0024138833
68,114,0.0,0.003462446
68,115,0.16181440636739,0.002596043
68,116,0.0,0.0023833993
68,117,0.0,0.0021458808
68,118,0.0,0.0022443263
68,119,0.0,0.0022536032
68,120,0.0,0.0028471122
68,121,0.0,0.0025576302
68,122,0.0,0.002809235
68,123,0.0,0.0028762342
68,124,0.0,0.0018942775
68,125,0.0,0.0024095397
68,126,0.0,0.002406484
68,127,0.0,0.0021913107
68,128,0.0,0.0025695004
68,129,0.154165392297026,0.0019004308
68,130,0.0,0.0030812938
68,131,0.0,0.0026853108
68,132,0.162964480385081,0.0023330934
68,133,0.161217862873401,0.0027329503
68,134,0.0,0.0023458232
68,135,0.0,0.0027410854
68,136,0.0,0.0016712858
68,137,0.0,0.0018971795
68,138,0.0,0.0026054406
68,139,0.0,0.0022564004
68,140,0.0,0.0015624724
68,141,0.0,0.0014940482
68,142,0.0,0.002743132
68,143,0.0,0.0031402847
68,144,0.0,0.0031498154
68,145,0.0,0.0023832163
68,146,0.0,0.0025619557
68,147,0.0,0.0023813704
68,148,0.0,0.0026232256
68,149,0.0,0.0016963938
68,150,0.0,0.001570689
68,151,0.0,0.0026509394
68,152,0.0,0.0019655647
68,153,0.0,0.0025086612
68,154,0.0,0.0021071555
68,155,0.0,0.0024170782
68,156,0.0,0.0020648343
68,157,0.0,0.0025136918
68,158,0.0,0.0024280776
68,159,0.0,0.0027859882
68,160,0.0,0.003167625
68,161,0.0,0.0023433147
68,162,0.0,0.0015715449
68,163,-0.159491205169447,0.0017954586
68,164,0.0,0.0035781716
68,165,0.0,0.0029012566
68,166,0.0,0.002509708
68,167,0.0,0.0023196894
68,168,0.0,0.0027722176
68,169,0.0,0.0017242646
68,170,0.0,0.0025536902
68,171,0.0,0.0016273921
68,172,0.0,0.0024004672
68,173,0.0,0.0030549536
68,174,0.0,0.0031239097
68,175,0.0,0.002306046
68,176,0.0,0.002255808
68,177,0.0,0.0025067572
68,178,0.0,0.0020848503
68,179,0.0,0.0032175211
68,180,0.0,0.0023913365
68,181,0.0,0.0016100565
68,182,0.0,0.0018301178
68,183,0.0,0.0018037595
68,184,0.0,0.0017823018
68,185,0.0,0.0035130926
68,186,0.0,0.0016400288
68,187,0.0,0.003061972
68,188,0.0,0.003422909
68,189,0.158557006970489,0.0020100488
68,190,0.0,0.0027755382
68,191,0.0,0.0029473486
68,192,0.0,0.0036088373
68,193,0.0,0.002225276
68,194,0.0,0.0022514332
68,195,0.0,0.0017094342
68,196,0.0,0.002853551
68,197,0.0,0.0036082729
68,198,0.0,0.0020480384
68,199,0.170909618941293,0.0016658008
68,200,0.0,0.0023889318
68,201,0.146027823597159,0.0019006352
68,202,0.0,0.0027424754
68,203,0.0,0.0027245958
68,204,0.0,0.0023191976
68,205,0.0,0.0022739582
68,206,0.0,0.002358531
68,207,0.0,0.001804126
68,208,0.158268955862646,0.0018797517
68,209,0.152383164783051,0.0026080692
68,210,0.0,0.001780251
68,211,0.0,0.0015644338
68,212,0.0,0.0021999585
68,213,0.0,0.0030528163
68,214,0.0,0.0016546822
68,215,0.0,0.002489787
68,216,0.0,0.0025772047
68,217,0.0,0.0027717329
68,218,0.0,0.0022493736
68,219,0.0,0.0016561155
68,220,0.0,0.0015350943
68,221,0.0,0.0022910945
68,222,0.0,0.0030330135
68,223,0.0,0.0024227109
68,224,0.0,0.0022966238
68,225,0.158300820806777,0.0025284146
68,226,0.0,0.0025858656
68,227,0.0,0.002481822
68,228,0.0,0.0026052883
68,229,0.0,0.002639758
68,230,0.0,0.0014936943
68,231,0.0,0.0026936075
68,232,0.0,0.0020309524
68,233,0.0,0.0024287584
68,234,0.0,0.0019505247
68,235,0.0,0.003577278
68,236,0.0,0.0035185385
68,237,0.0,0.0017299615
68,238,0.0,0.002710143
68,239,-0.157254590011854,0.0025511738
68,240,0.154181150037563,0.0027179136
68,241,0.0,0.002780004
68,242,0.0,0.0014659963
68,243,0.0,0.003623366
68,244,-0.155434752249664,0.0033179638
68,245,0.0,0.0021571405
68,246,0.0,0.0016542347
68,247,0.0,0.0024310392
68,248,0.0,0.0024236878
68,249,0.0,0.0026100818
68,250,0.0,0.0036292868
68,251,0.158140931861685,0.0017293626
68,252,0.0,0.0018608058
68,253,0.0,0.0023644185
68,254,0.0,0.0015850333
68,255,0.0,0.0026001134
68,256,0.0,0.0025023338
68,257,0.0,0.0018080357
68,258,0.0,0.0027924916
68,259,0.0,0.0017871098
68,260,0.0,0.0030771466
68,261,0.0,0.0020259256
68,262,0.0,0.0022488511
68,263,0.0,0.0018256502
68,264,0.0,0.0014772746
68,265,0.0,0.0020625428
68,266,0.0,0.0014933604
68,267,0.0,0.003176928
68,268,0.0,0.0023476435
69,1,0.0,0.002559465
69,2,-0.162001985961033,0.0026054578
69,3,0.0,0.0026089847
69,4,0.0,0.0025096545
69,5,0.0,0.0034959754
69,6,0.0,0.003137644
69,7,0.0,0.0024942555
69,8,-0.151545481187098,0.002537853
69,9,0.0,0.002777326
69,10,0.0,0.0024645547
69,11,0.0,0.0027718036
69,12,0.0,0.0032381862
69,13,0.0,0.0023115259
69,14,0.0,0.0024847132
69,15,0.0,0.00258679
69,16,0.0,0.0026635914
69,17,0.0,0.0015553175
69,18,0.0,0.0027545313
69,19,0.159587977342036,0.0036271606
69,20,0.0,0.0018929415
69,21,0.0,0.0022086012
69,22,0.0,0.0022408464
69,23,0.0,0.00173982
69,24,0.0,0.0025704093
69,25,0.0,0.0018454418
69,26,0.0,0.0016122228
69,27,0.0,0.0017275801
69,28,0.0,0.0016045896
69,29,-0.147190462138199,0.0019564684
69,30,0.0,0.0020899856
69,31,0.0,0.0028292295
69,32,0.0,0.0022338564
69,33,0.0,0.0031184005
69,34,0.0,0.002735091
69,35,0.0,0.0034282529
69,36,0.0,0.0027743084
69,37,0.0,0.002200162
69,38,0.0,0.0025913063
69,39,0.0,0.0024148566
69,40,0.0,0.0024377825
69,41,0.0,0.0023833993
69,42,0.0,0.0015789163
69,43,0.0,0.0034609525
69,44,0.0,0.0025771167
69,45,0.0,0.0019800141
69,46,0.0,0.0020687715
69,47,0.0,0.0026944648
69,48,0.0,0.0027708146
69,49,0.0,0.0023864005
69,50,0.0,0.0027645803
69,51,0.0,0.0016877213
69,52,0.0,0.0035992456
69,53,0.0,0.0015942138
69,54,0.0,0.0015145731
69,55,0.163973795838256,0.003571873
69,56,0.0,0.0024107392
69,57,0.0,0.0025088633
69,58,0.0,0.0027376898
69,59,0.0,0.0025166585
69,60,0.0,0.003067838
69,61,0.0,0.001650467
69,62,0.0,0.0023392271
69,63,0.0,0.0026840358
69,64,0.0,0.0016778698
69,65,-0.19145546984912,0.0016644667
69,66,0.0,0.0023651929
69,67,0.0,0.0024657324
69,68,0.0,0.00233419
69,69,0.0,0.030703487
69,70,0.0,0.0026780367
69,71,0.0,0.0023324452
69,72,0.0,0.0021226257
69,73,0.0,0.0035928055
69,74,0.0,0.0026189433
69,75,0.0,0.0015521534
69,76,0.0,0.0022620582
69,77,0.0,0.0024126787
69,78,0.0,0.0022045025
69,79,0.0,0.0031848564
69,80,0.0,0.0025864877
69,81,0.0,0.0022946098
69,82,0.0,0.0025095958
69,83,0.0,0.003426334
69,84,0.0,0.0027754065
69,85,0.0,0.0019700248
69,86,0.156669470635997,0.002315281
69,87,0.0,0.0023497585
69,88,0.0,0.0015191068
69,89,0.0,0.001545731
69,90,0.0,0.002053489
69,91,0.0,0.0021075234
69,92,0.0,0.0021409984
69,93,0.152548716381159,0.0035339328
69,94,0.0,0.002624332
69,95,0.0,0.0017019156
69,96,0.0,0.0024184831
69,97,0.0,0.0023308964
69,98,0.0,0.0023206528
69,99,0.0,0.0025706287
69,100,0.0,0.002269019
69,101,0.0,0.0025134194
69,102,0.0,0.0025354354
69,103,0.0,0.0032617315
69,104,0.143428015867396,0.0023514456
69,105,0.0,0.0016859965
69,106,0.150535589126996,0.002515026
69,107,0.0,0.002697697
69,108,0.0,0.0023338925
69,109,0.0,0.0024203113
69,110,0.0,0.0019992176
69,111,0.147918548669204,0.0018492113
69,112,0.0,0.0024026413
69,113,0.0,0.001956693
69,114,0.150748426985286,0.0022296784
69,115,0.154118481351762,0.0022558235
69,116,0.0,0.0024559908
69,117,0.0,0.0024079303
69,118,0.0,0.0025514914
69,119,0.0,0.0027561495
69,120,-0.145431345628633,0.0023839786
69,121,0.0,0.0017519714
69,122,0.0,0.0015392108
69,123,0.0,0.0024916148
69,124,0.0,0.0027607763
69,125,0.0,0.0026483824
69,126,0.0,0.0014782515
69,127,0.0,0.003463075
69,128,0.0,0.0031903768
69,129,0.0,0.002476477
69,130,0.0,0.0036172047
69,131,0.0,0.0024601896
69,132,0.0,0.002774248
69,133,-0.15355030958376,0.0025314083
69,134,0.0,0.0028353436
69,135,0.0,0.0018543811
69,136,0.0,0.003519162
69,137,0.0,0.0030487608
69,138,0.0,0.0027431264
69,139,0.0,0.0028163707
69,140,0.0,0.0017490694
69,141,0.0,0.0015876968
69,142,0.0,0.0022425936
69,143,0.0,0.0014939033
69,144,0.0,0.0031971722
69,145,0.147040788572174,0.0024982505
69,146,0.0,0.002425353
69,147,0.0,0.0032440596
69,148,0.0,0.0032648905
69,149,0.0,0.0025917157
69,150,0.0,0.0017278073
69,151,0.0,0.002614806
69,152,0.0,0.001780435
69,153,0.0,0.0036310651
69,154,-0.160755868287134,0.0015224349
69,155,0.0,0.0015777312
69,156,0.0,0.001998974
69,157,0.149968884559099,0.0024229623
69,158,0.0,0.0023611253
69,159,0.0,0.0020755767
69,160,0.0,0.0035655317
69,161,0.0,0.0025032568
69,162,-0.143158895039897,0.0022467454
69,163,0.0,0.0024368959
69,164,0.0,0.0023390357
69,165,0.0,0.003345909
69,166,0.153640803745412,0.002051548
69,167,0.0,0.0025682305
69,168,0.0,0.002500325
69,169,0.0,0.0027423133
69,170,0.0,0.0017492604
69,171,0.0,0.0015011202
69,172,0.0,0.002690035
69,173,0.0,0.0019113524
69,174,0.0,0.0024288557
69,175,0.0,0.0027742735
69,176,0.0,0.0022987789
69,177,0.0,0.0016614744
69,178,0.0,0.0022698985
69,179,0.152170496862119,0.0035320637
69,180,0.0,0.0023117554
69,181,0.0,0.0015231315
69,182,0.0,0.0024048802
69,183,0.0,0.0023709685
69,184,0.0,0.0033940854
69,185,0.149898628909154,0.0019175722
69,186,0.0,0.0034687123
69,187,0.0,0.0028682835
69,188,0.0,0.0020007174
69,189,0.0,0.001782204
69,190,0.0,0.0023466889
69,191,-0.145207227364253,0.001497644
69,192,0.0,0.0023390832
69,193,0.0,0.0015435638
69,194,0.0,0.0026931413
69,195,0.0,0.0026982105
69,196,0.0,0.0024477514
69,197,0.0,0.0018407181
69,198,0.0,0.0023968732
69,199,-0.162781123825501,0.0027172081
69,200,0.0,0.0024435897
69,201,0.0,0.0024752347
69,202,0.0,0.0020337338
69,203,0.0,0.0031528217
69,204,0.0,0.0020094803
69,205,0.0,0.002295935
69,206,0.0,0.0014917697
69,207,0.0,0.002571349
69,208,0.0,0.0036016437
69,209,0.0,0.0025968645
69,210,0.0,0.0019848887
69,211,0.0,0.0022524218
69,212,0.0,0.001807793
69,213,0.0,0.0027744165
69,214,0.0,0.0016402961
69,215,0.0,0.002611922
69,216,0.0,0.0018754555
69,217,0.0,0.0026143296
69,218,0.0,0.0025827722
69,219,0.158800619461943,0.0023881854
69,220,0.0,0.001741983
69,221,0.0,0.0034165722
69,222,0.0,0.0024216333
69,223,0.0,0.0022726767
69,224,0.0,0.0025797985
69,225,0.0,0.0027761357
69,226,0.0,0.002524612
69,227,0.0,0.0034378157
69,228,0.0,0.0030788947
69,229,0.0,0.0017324765
69,230,0.0,0.0024243263
69,231,0.0,0.0027065435
69,232,0.0,0.0029202332
69,233,0.0,0.0025024465
69,234,0.0,0.002545409
69,235,0.0,0.0015790244
69,236,0.0,0.0014769551
69,237,0.0,0.0016721608
69,238,0.0,0.0014838483
69,239,0.0,0.0024674986
69,240,0.0,0.0017004996
69,241,0.0,0.0028403574
69,242,0.0,0.0025132676
69,243,0.0,0.0023218426
69,244,0.0,0.0022479538
69,245,0.0,0.0024960241
69,246,0.0,0.0027891113
69,247,0.0,0.0017872965
69,248,0.0,0.003076403
69,249,0.0,0.0016767238
69,250,0.0,0.0020310767
69,251,0.0,0.0024836743
69,252,0.0,0.0027056132
69,253,0.0,0.0023061773
69,254,0.0,0.0016743867
69,255,0.0,0.0036279885
69,256,0.0,0.0025393078
69,257,0.0,0.0026840498
69,258,0.0,0.0020402954
69,259,0.0,0.002765256
69,260,0.0,0.0018511135
69,261,0.0,0.0024124333
69,262,-0.145675573847809,0.0018352964
69,263,0.0,0.0035887458
69,264,0.0,0.0025913897
69,265,0.0,0.0023846896
69,266,0.0,0.0027041477
69,267,0.0,0.0033781086
69,268,0.154385895500159,0.0026761587
70,1,0.0,0.0017917035
70,2,0.0,0.00362735
70,3,0.0,0.0027648443
70,4,0.0,0.00356559
70,5,0.0,0.0033467389
70,6,0.0,0.0029083341
70,7,0.0,0.003460235
70,8,0.0,0.0023896513
70,9,0.0,0.0030480106
70,10,0.0,0.0018253499
70,11,0.0,0.0025603725
70,12,0.0,0.0014880919
70,13,0.0,0.002416463
70,14,0.0,0.0022510085
70,15,0.0,0.0017410642
70,16,0.0,0.0030431645
70,17,0.15975993716599,0.0022828183
70,18,0.0,0.0023556082
70,19,0.0,0.0019572382
70,20,0.0,0.0020155231
70,21,0.0,0.0029499037
70,22,0.0,0.0016768379
70,23,0.0,0.0018594987
70,24,0.0,0.0016761143
70,25,0.0,0.0021521389
70,26,0.0,0.002181646
70,27,0.0,0.0017406647
70,28,0.0,0.0021908153
70,29,0.0,0.001989847
70,30,0.0,0.0025034961
70,31,0.0,0.0027787285
70,32,0.0,0.0017035529
70,33,0.0,0.0023779212
70,34,0.0,0.0022031483
70,35,0.0,0.0027825348
70,36,0.0,0.0024723583
70,37,0.0,0.0014898265
70,38,0.0,0.0015028547
70,39,0.0,0.0025505964
70,40,0.153522747671228,0.0026097614
70,41,0.0,0.002608919
70,42,0.0,0.0014880756
70,43,0.0,0.002294789
70,44,0.0,0.0020848615
70,45,0.0,0.0019532177
70,46,0.0,0.0023887698
70,47,0.0,0.0014806665
70,48,0.0,0.003052291
70,49,0.0,0.0033094967
70,50,0.0,0.0026919148
70,51,0.0,0.0027243071
70,52,0.0,0.0025800252
70,53,0.0,0.0018021273
70,54,0.0,0.0014884956
70,55,0.0,0.0024493183
70,56,0.0,0.0029960065
70,57,0.0,0.002899149
70,58,0.0,0.0025703623
70,59,0.0,0.004001024
70,60,0.0,0.0023548934
70,61,0.0,0.0016334397
70,62,0.0,0.0024693366
70,63,0.0,0.0035383194
70,64,0.16227125859484,0.0014648279
70,65,0.0,0.001485046
70,66,0.0,0.0035780212
70,67,0.0,0.0014788057
70,68,-0.153039158528611,0.0023994083
70,69,0.0,0.0026780367
70,70,0.404091007076204,0.030703487
70,71,0.0,0.0023453892
70,72,0.0,0.0019911826
70,73,0.0,0.0019203955
70,74,0.0,0.0035289377
70,75,0.0,0.0026991563
70,76,0.0,0.0023597782
70,77,0.0,0.0025028172
70,78,0.0,0.0027380101
70,79,0.0,0.0027438272
70,80,0.150903377388677,0.001863922
70,81,0.0,0.0024543381
70,82,0.0,0.0029092263
70,83,0.0,0.0028184191
70,84,0.0,0.0028006402
70,85,0.149747539297438,0.0023736153
70,86,0.0,0.0017051315
70,87,0.0,0.0019497103
70,88,0.0,0.0026555546
70,89,0.0,0.002661826
70,90,0.0,0.0016664173
70,91,0.0,0.0027870461
70,92,0.0,0.0022510756
70,93,0.0,0.0017516431
70,94,0.0,0.0015471047
70,95,0.0,0.0019412227
70,96,0.0,0.0023820936
70,97,0.0,0.0016964055
70,98,0.0,0.0021850094
70,99,0.0,0.0030529685
70,100,0.0,0.0025525196
70,101,0.0,0.0017508673
70,102,0.0,0.0014624656
70,103,0.0,0.001978299
70,104,0.0,0.0026139426
70,105,-0.154850819195509,0.0024697473
70,106,0.0,0.0020083552
70,107,0.0,0.0014919564
70,108,0.0,0.0017525847
70,109,0.0,0.0027192407
70,110,0.0,0.0015883595
70,111,0.0,0.0022360007
70,112,0.0,0.0024550278
70,113,0.0,0.0019962252
70,114,0.0,0.0017480827
70,115,0.0,0.0023906138
70,116,0.0,0.0016134642
70,117,0.0,0.0014666696
70,118,0.0,0.0018713819
70,119,0.0,0.0014874386
70,120,0.0,0.002097446
70,121,0.0,0.0016516321
70,122,0.0,0.0023888391
70,123,0.0,0.0026135277
70,124,0.0,0.0023104693
70,125,0.0,0.0017635198
70,126,0.0,0.0025848756
70,127,0.0,0.0022120848
70,128,0.0,0.0020600283
70,129,0.0,0.00282101
70,130,0.0,0.0024217828
70,131,0.0,0.0022402667
70,132,0.0,0.0018095062
70,133,0.0,0.0014966442
70,134,0.0,0.0030387356
70,135,0.0,0.0016833539
70,136,0.0,0.0027141105
70,137,0.0,0.0014824918
70,138,0.0,0.0015756385
70,139,0.0,0.002418437
70,140,0.0,0.0020456426
70,141,0.0,0.002506629
70,142,0.0,0.0014773551
70,143,0.0,0.0017558876
70,144,0.0,0.0023949156
70,145,0.0,0.0023433901
70,146,0.0,0.0014956519
70,147,0.0,0.0016918187
70,148,0.0,0.0024947654
70,149,0.0,0.0032082
70,150,0.0,0.0016952502
70,151,0.0,0.0032163318
70,152,0.0,0.0014936128
70,153,0.0,0.0024969112
70,154,0.0,0.0018223389
70,155,0.0,0.0027394341
70,156,0.0,0.001809543
70,157,0.0,0.0020952243
70,158,0.0,0.0019224696
70,159,-0.140451687842592,0.0035653254
70,160,0.0,0.001494077
70,161,0.0,0.0024719648
70,162,0.0,0.0025291191
70,163,0.0,0.0016681468
70,164,0.0,0.0036306814
70,165,0.0,0.0016871616
70,166,0.0,0.0017207651
70,167,0.0,0.0014873897
70,168,0.0,0.0025502234
70,169,0.0,0.001466142
70,170,0.0,0.0016885786
70,171,0.0,0.0023608757
70,172,0.0,0.0026617907
70,173,0.0,0.001870099
70,174,-0.153822498252053,0.0019073589
70,175,0.151023787873045,0.0023240214
70,176,0.0,0.0017309249
70,177,0.0,0.0024099513
70,178,0.0,0.0015457384
70,179,0.0,0.0023297034
70,180,0.0,0.00205694
70,181,0.149631609611576,0.0031621112
70,182,0.0,0.0014852635
70,183,0.0,0.0015248032
70,184,0.0,0.0035689818
70,185,0.0,0.0016096458
70,186,0.0,0.0027838368
70,187,0.0,0.0034029968
70,188,0.0,0.0015491853
70,189,0.0,0.0021603927
70,190,0.0,0.002834652
70,191,0.143029361551641,0.0016495707
70,192,0.0,0.0017423201
70,193,0.0,0.003591837
70,194,0.0,0.0024261572
70,195,0.0,0.0021869075
70,196,0.0,0.0023940396
70,197,0.0,0.0018834304
70,198,0.0,0.0027516992
70,199,0.0,0.002963156
70,200,-0.141196896547387,0.0025774436
70,201,0.0,0.0026590698
70,202,0.0,0.0015800977
70,203,0.0,0.0022012414
70,204,0.0,0.003177978
70,205,0.0,0.0034897998
70,206,0.156012889109606,0.0035892609
70,207,0.0,0.0032773535
70,208,-0.148480780217508,0.0019885227
70,209,0.0,0.002365252
70,210,0.149627713504884,0.0033350782
70,211,0.0,0.0026417975
70,212,0.0,0.0017890474
70,213,0.0,0.0023140316
70,214,0.0,0.0034441114
70,215,0.0,0.0014980161
70,216,0.0,0.0018734755
70,217,-0.140843588962287,0.0032941066
70,218,0.0,0.0014638952
70,219,0.0,0.0022400445
70,220,0.0,0.0025824597
70,221,0.0,0.0014932547
70,222,0.152224963730808,0.0026591634
70,223,0.156681537142628,0.0014949678
70,224,0.0,0.0027138283
70,225,0.0,0.0025054365
70,226,0.0,0.0014977483
70,227,-0.146274091938033,0.0024890234
70,228,0.0,0.0034917388
70,229,0.0,0.0030739075
70,230,0.0,0.0015834044
70,231,0.0,0.0014938638
70,232,0.0,0.0023289616
70,233,0.0,0.0023859795
70,234,0.0,0.0014749002
70,235,0.0,0.0021740245
70,236,0.0,0.002746448
70,237,0.0,0.0016890713
70,238,0.0,0.0019018985
70,239,0.0,0.0025518336
70,240,0.0,0.0027862806
70,241,0.0,0.0021856697
70,242,0.0,0.002259342
70,243,0.0,0.0023303116
70,244,0.0,0.0016803322
70,245,0.0,0.0029854388
70,246,0.0,0.0024042586
70,247,0.0,0.0020727348
70,248,0.0,0.0018743915
70,249,0.0,0.004290968
70,250,0.0,0.002323457
70,251,0.0,0.0015866207
70,252,0.0,0.0024797851
70,253,0.0,0.0018166117
70,254,0.0,0.0016369503
70,255,0.0,0.0024353056
70,256,0.0,0.0024976865
70,257,0.0,0.0026366753
70,258,0.0,0.0018123859
70,259,0.0,0.0019704336
70,260,0.0,0.002760909
70,261,0.0,0.0026088352
70,262,0.0,0.0035511367
70,263,0.0,0.0028254436
70,264,0.0,0.0026437985
70,265,0.0,0.0023289328
70,266,0.0,0.002429408
70,267,0.0,0.0019066241
70,268,0.0,0.0024163723
71,1,0.0,0.0027362653
71,2,0.0,0.0027516293
71,3,0.0,0.00297641
71,4,0.0,0.00337438
71,5,0.0,0.0024128575
71,6,0.0,0.0018886654
71,7,0.169269586474305,0.0027757077
71,8,0.164854949722778,0.0021789218
71,9,0.0,0.0017701318
71,10,0.0,0.0035239016
71,11,0.0,0.0026800297
71,12,0.0,0.0017870609
71,13,-0.160157752722537,0.0014924547
71,14,0.0,0.0026985956
71,15,0.166420881408042,0.0016352432
71,16,0.0,0.0030640746
71,17,0.176865138238573,0.0023830412
71,18,-0.171325776947479,0.0023351498
71,19,0.0,0.002534052
71,20,0.0,0.0022353195
71,21,0.0,0.0022967816
71,22,0.185900790008622,0.0032007857
71,23,0.0,0.0016304306
71,24,0.0,0.0017734757
71,25,0.0,0.0027886052
71,26,0.0,0.0024032714
71,27,0.0,0.0015927898
71,28,0.0,0.0023713117
71,29,0.0,0.005007334
71,30,0.0,0.0032541393
71,31,0.0,0.0034713275
71,32,-0.164571140576395,0.0029779212
71,33,0.0,0.0028380635
71,34,0.0,0.0017161383
71,35,0.0,0.002426968
71,36,0.0,0.001484755
71,37,0.0,0.0024067424
71,38,0.0,0.0014988976
71,39,0.0,0.0014872272
71,40,0.0,0.0034760023
71,41,0.175785013441157,0.0027581593
71,42,0.0,0.0023704073
71,43,0.0,0.0019285385
71,44,0.0,0.001562532
71,45,0.0,0.0030673794
71,46,0.0,0.0027885558
71,47,0.0,0.0016883733
71,48,0.159372707604367,0.002095433
71,49,0.0,0.0022007367
71,50,0.0,0.0029104194
71,51,0.0,0.0031778319
71,52,0.0,0.002407289
71,53,0.0,0.002311891
71,54,0.0,0.0015515243
71,55,0.0,0.0033367313
71,56,0.0,0.0016735289
71,57,0.0,0.002367755
71,58,0.0,0.0026111095
71,59,0.0,0.0015262472
71,60,0.0,0.0017238073
71,61,0.0,0.002212314
71,62,0.0,0.003604428
71,63,0.0,0.0027401675
71,64,0.0,0.0018835189
71,65,0.0,0.0043461774
71,66,0.0,0.0036330898
71,67,0.0,0.001481228
71,68,0.0,0.0022627162
71,69,-0.176346535360881,0.0023324452
71,70,0.0,0.0023453892
71,71,0.0,0.030703487
71,72,0.0,0.002964384
71,73,0.0,0.003467387
71,74,0.0,0.0022421
71,75,0.0,0.0030890116
71,76,0.0,0.0016655922
71,77,0.0,0.0014821026
71,78,0.0,0.0023140926
71,79,0.0,0.0020160442
71,80,0.0,0.002486745
71,81,0.0,0.0016176617
71,82,0.0,0.0015416956
71,83,0.0,0.0018406515
71,84,0.0,0.003334893
71,85,0.0,0.0023580496
71,86,0.0,0.002764985
71,87,0.0,0.002469576
71,88,0.161534293435833,0.0015101866
71,89,-0.162860614957216,0.003320274
71,90,0.0,0.0014981129
71,91,0.0,0.0027320469
71,92,0.0,0.001751279
71,93,0.0,0.0015768753
71,94,0.0,0.0026986282
71,95,0.0,0.0026364047
71,96,0.0,0.0034776805
71,97,0.0,0.0026619337
71,98,0.0,0.002524173
71,99,0.0,0.0024149087
71,100,0.0,0.0027702558
71,101,0.0,0.0031029186
71,102,0.0,0.0035550008
71,103,0.0,0.0035106856
71,104,0.0,0.0017655645
71,105,0.0,0.0023190198
71,106,0.0,0.0018185792
71,107,0.0,0.0025078487
71,108,-0.151097113003782,0.002483571
71,109,0.0,0.0027472558
71,110,0.0,0.0019450542
71,111,0.0,0.0024915827
71,112,0.0,0.0017156247
71,113,0.0,0.0031491122
71,114,0.0,0.0018692445
71,115,0.0,0.0025785062
71,116,0.0,0.0014883988
71,117,0.0,0.0016136076
71,118,0.0,0.0025300407
71,119,0.0,0.0022853245
71,120,0.0,0.003565047
71,121,0.0,0.0025849333
71,122,0.0,0.0014692293
71,123,0.0,0.0024588676
71,124,0.0,0.002679566
71,125,0.0,0.0019829497
71,126,0.155626812732794,0.0016929884
71,127,0.0,0.0027330653
71,128,0.0,0.0014921068
71,129,0.0,0.0016309638
71,130,0.0,0.0014661308
71,131,0.0,0.0032248357
71,132,0.0,0.0018571904
71,133,0.0,0.0018970887
71,134,0.0,0.0025463724
71,135,0.0,0.0018197615
71,136,0.0,0.002619254
71,137,0.0,0.0024957308
71,138,0.0,0.0014887135
71,139,0.1614386661927,0.0029406738
71,140,0.0,0.0015383358
71,141,0.0,0.0017371457
71,142,0.151234961322177,0.0036012847
71,143,0.0,0.0021219887
71,144,0.0,0.0022275932
71,145,0.0,0.0027218377
71,146,0.0,0.0025478946
71,147,0.0,0.0025144154
71,148,0.0,0.0027363002
71,149,0.0,0.0023359507
71,150,0.153489097148403,0.003366881
71,151,0.0,0.0016926052
71,152,0.0,0.0017607966
71,153,0.0,0.0022807834
71,154,0.0,0.0016017184
71,155,0.0,0.002426885
71,156,0.0,0.002476065
71,157,0.0,0.0027032043
71,158,0.0,0.0027136882
71,159,0.0,0.0014646072
71,160,0.0,0.0017196164
71,161,0.0,0.003410886
71,162,0.0,0.0015183659
71,163,0.0,0.0021066777
71,164,0.0,0.0024687862
71,165,0.0,0.0036304086
71,166,0.0,0.0024179844
71,167,0.0,0.0020580553
71,168,0.0,0.0025073895
71,169,0.0,0.002799633
71,170,-0.160169904774676,0.0022908188
71,171,0.0,0.001562967
71,172,0.0,0.0016009626
71,173,0.0,0.0030466928
71,174,0.0,0.0027910597
71,175,0.163764633333124,0.0023895167
71,176,0.0,0.001573652
71,177,0.0,0.0018874751
71,178,0.153959920033186,0.0024487046
71,179,0.0,0.0018140227
71,180,0.0,0.0022653486
71,181,0.0,0.002707012
71,182,0.0,0.0026390417
71,183,0.0,0.0019344855
71,184,0.0,0.0036010006
71,185,0.0,0.0014605206
71,186,0.0,0.0023117042
71,187,0.166227064073202,0.001998331
71,188,0.0,0.0014780588
71,189,0.0,0.0026836214
71,190,-0.164179288528966,0.0014937441
71,191,0.0,0.0015627705
71,192,0.0,0.0019788872
71,193,0.0,0.0016319994
71,194,0.0,0.0034399051
71,195,0.0,0.0027570338
71,196,0.0,0.0029628072
71,197,0.0,0.002060798
71,198,0.0,0.0018404047
71,199,0.0,0.001510445
71,200,0.0,0.0027344502
71,201,0.0,0.0014580525
71,202,0.0,0.0022594165
71,203,0.0,0.0022005774
71,204,-0.172378426391271,0.0020411056
71,205,0.0,0.003020016
71,206,0.0,0.0024781134
71,207,0.0,0.0014634379
71,208,0.0,0.0015650094
71,209,0.0,0.0014846767
71,210,0.0,0.00238568
71,211,0.0,0.0035689236
71,212,0.0,0.001689163
71,213,0.0,0.003625664
71,214,0.0,0.0024430351
71,215,0.0,0.0019032084
71,216,0.0,0.002368745
71,217,0.0,0.0027356083
71,218,-0.164047037448604,0.0026353947
71,219,0.0,0.003382063
71,220,0.0,0.0014785817
71,221,0.0,0.0014899108
71,222,0.0,0.002361916
71,223,0.0,0.0019292147
71,224,0.0,0.0014926549
71,225,0.0,0.0016850317
71,226,0.0,0.0017098528
71,227,0.0,0.0035477406
71,228,0.0,0.002614223
71,229,0.0,0.002728166
71,230,0.0,0.0023462167
71,231,0.0,0.0028827619
71,232,0.0,0.001546775
71,233,0.0,0.0023244806
71,234,0.0,0.0022886419
71,235,0.0,0.0023771338
71,236,0.0,0.0016632038
71,237,0.0,0.0035677813
71,238,-0.152665763725857,0.0017303592
71,239,0.0,0.0022993945
71,240,0.0,0.0021508932
71,241,0.15641887782768,0.0026804758
71,242,0.0,0.0018843776
71,243,0.0,0.0017744163
71,244,0.0,0.0017526965
71,245,0.0,0.0014935127
71,246,0.0,0.002388924
71,247,0.0,0.0028574606
71,248,0.0,0.0025737486
71,249,0.0,0.0014980328
71,250,0.0,0.0015902091
71,251,0.0,0.0019417196
71,252,0.162256576880679,0.0030790158
71,253,0.0,0.0023758584
71,254,0.0,0.0024921726
71,255,0.0,0.0022923225
71,256,0.0,0.00194147
71,257,0.0,0.0031511695
71,258,0.0,0.0015094378
71,259,0.0,0.002778829
71,260,0.0,0.002235916
71,261,0.0,0.0014852588
71,262,0.0,0.0021061208
71,263,0.0,0.0018786332
71,264,0.0,0.0026592072
71,265,0.0,0.0034648636
71,266,0.172863760823479,0.0020340956
71,267,0.0,0.0022808625
71,268,0.164899503024292,0.0021849526
72,1,0.0,0.002619741
72,2,-0.147384413307574,0.002369822
72,3,0.0,0.0025268584
72,4,0.0,0.0022731172
72,5,0.0,0.0036188136
72,6,0.0,0.0025499077
72,7,0.0,0.0016671349
72,8,0.0,0.0028083147
72,9,0.0,0.0018744739
72,10,0.0,0.0023172777
72,11,0.0,0.0036200252
72,12,0.0,0.0027958844
72,13,0.0,0.0020483988
72,14,0.0,0.0016269367
72,15,0.0,0.002550792
72,16,0.0,0.0027242457
72,17,0.0,0.002477591
72,18,0.0,0.0024786661
72,19,0.0,0.0031100437
72,20,0.0,0.0018920642
72,21,0.0,0.0025442545
72,22,0.0,0.002188438
72,23,0.0,0.0026923856
72,24,0.132070771891499,0.0019855872
72,25,0.0,0.0029237545
72,26,0.146248684874529,0.002836036
72,27,0.0,0.0015652208
72,28,0.143010862189274,0.0036049485
72,29,0.0,0.0024530804
72,30,0.0,0.001973248
72,31,0.0,0.0019432376
72,32,0.0,0.0016250168
72,33,0.0,0.0028693122
72,34,0.0,0.0026526214
72,35,0.0,0.0024789334
72,36,0.0,0.002425572
72,37,0.0,0.0015485054
72,38,0.0,0.0015135426
72,39,0.0,0.00278955
72,40,0.0,0.0026348247
72,41,0.0,0.0033215396
72,42,0.0,0.0016285842
72,43,0.0,0.0018736762
72,44,0.0,0.002150448
72,45,0.0,0.0024301792
72,46,0.0,0.0024934537
72,47,0.0,0.0030115233
72,48,0.0,0.0025257962
72,49,0.0,0.0029059444
72,50,0.0,0.0019003851
72,51,0.0,0.0014710273
72,52,0.0,0.0018747407
72,53,0.0,0.0032180827
72,54,0.0,0.0018181736
72,55,0.0,0.0021730391
72,56,0.0,0.001507442
72,57,0.0,0.0014931895
72,58,0.0,0.0021847356
72,59,0.0,0.0014941446
72,60,0.0,0.0022610282
72,61,0.0,0.0016049743
72,62,-0.13881745476163,0.0035889447
72,63,0.0,0.0014912873
72,64,0.150240901083643,0.0025546383
72,65,0.0,0.00253679
72,66,0.0,0.0018600505
72,67,0.0,0.0014868695
72,68,0.0,0.0027840054
72,69,0.147482044620597,0.0021226257
72,70,0.0,0.0019911826
72,71,0.0,0.002964384
72,72,0.0,0.030703487
72,73,0.0,0.0035755504
72,74,0.0,0.0018827547
72,75,0.0,0.0024617095
72,76,-0.15876161683551,0.003232072
72,77,0.0,0.003559859
72,78,0.0,0.0034979866
72,79,0.0,0.0014965874
72,80,0.0,0.00212627
72,81,0.0,0.0027011107
72,82,0.0,0.0024821372
72,83,0.0,0.0016647656
72,84,0.0,0.002989255
72,85,0.0,0.0025521992
72,86,0.0,0.0019789995
72,87,0.0,0.0024432177
72,88,0.0,0.003426449
72,89,0.0,0.0024840753
72,90,0.0,0.0028686738
72,91,0.0,0.0021075327
72,92,0.0,0.002313199
72,93,0.0,0.0017059268
72,94,0.0,0.002520963
72,95,0.0,0.0019405573
72,96,0.0,0.0030932366
72,97,0.0,0.002341446
72,98,0.0,0.0024262718
72,99,0.0,0.0023154337
72,100,0.0,0.0014852374
72,101,0.0,0.0023080865
72,102,0.0,0.0032259417
72,103,0.0,0.0020971806
72,104,0.0,0.0017625135
72,105,0.0,0.0020598234
72,106,0.0,0.0024798266
72,107,0.0,0.0017411169
72,108,0.0,0.0028743544
72,109,0.155893391859389,0.0026106983
72,110,0.0,0.0016736621
72,111,0.0,0.0025100126
72,112,0.0,0.0019081715
72,113,0.0,0.002323953
72,114,0.0,0.0021974193
72,115,0.0,0.0031522913
72,116,0.0,0.0027823425
72,117,0.0,0.0015010568
72,118,0.0,0.002587739
72,119,0.0,0.0026172665
72,120,0.0,0.0035473197
72,121,0.0,0.0017219367
72,122,0.0,0.0029027588
72,123,0.0,0.0020637992
72,124,0.0,0.0027483595
72,125,0.0,0.002008256
72,126,0.0,0.001678552
72,127,0.0,0.003484128
72,128,0.0,0.0024636984
72,129,0.0,0.0032805982
72,130,0.160581527614386,0.002883946
72,131,0.0,0.0014859685
72,132,0.0,0.002413848
72,133,0.0,0.0025704363
72,134,0.0,0.0014938298
72,135,0.0,0.0029011234
72,136,0.0,0.0019562687
72,137,0.0,0.0019039335
72,138,0.0,0.0023847837
72,139,0.0,0.0021245745
72,140,0.0,0.0030406462
72,141,0.0,0.00147577
72,142,0.0,0.0022947858
72,143,0.0,0.0027695228
72,144,0.0,0.0026034247
72,145,0.152505102363576,0.0034133503
72,146,0.0,0.0024831141
72,147,0.156107064460058,0.0015622433
72,148,0.0,0.0017072638
72,149,0.0,0.0019488148
72,150,0.0,0.0014872905
72,151,0.0,0.0016159131
72,152,0.0,0.0020621945
72,153,-0.155663833169058,0.0016234922
72,154,0.0,0.0014778972
72,155,0.0,0.002394074
72,156,0.0,0.001610647
72,157,-0.155542011935081,0.002276387
72,158,0.0,0.0024182284
72,159,0.0,0.0021855924
72,160,0.0,0.0020098984
72,161,0.0,0.001629727
72,162,0.0,0.0014866972
72,163,0.0,0.0025550672
72,164,0.0,0.0014933236
72,165,0.0,0.0014996422
72,166,0.0,0.0014870539
72,167,0.0,0.0015752562
72,168,0.0,0.0024219276
72,169,0.0,0.0017240457
72,170,0.0,0.0023382106
72,171,0.0,0.0016079759
72,172,0.0,0.002523778
72,173,-0.148382274567682,0.0025712806
72,174,0.0,0.002148808
72,175,0.0,0.0025838525
72,176,0.0,0.0022150287
72,177,0.0,0.0021159356
72,178,0.0,0.0023716018
72,179,0.157825440315038,0.0027432232
72,180,0.0,0.0026858393
72,181,0.0,0.0025714394
72,182,0.0,0.0020682896
72,183,0.0,0.0015476211
72,184,0.0,0.0033374391
72,185,0.0,0.0026855688
72,186,0.0,0.0015352545
72,187,0.0,0.0025851927
72,188,0.0,0.0025916318
72,189,0.156628044845059,0.002586849
72,190,0.0,0.0036083763
72,191,0.0,0.0017202562
72,192,0.0,0.0016810829
72,193,0.0,0.0016567861
72,194,0.0,0.0019743857
72,195,0.0,0.0025518942
72,196,0.0,0.001477059
72,197,0.0,0.0015116045
72,198,0.0,0.0014798557
72,199,0.168830378243524,0.0026128665
72,200,0.0,0.002197845
72,201,0.0,0.0028011147
72,202,0.0,0.0024018213
72,203,0.0,0.0036112997
72,204,0.0,0.0022795321
72,205,0.0,0.0019047088
72,206,0.0,0.0024157176
72,207,0.0,0.0025965716
72,208,0.0,0.0015060334
72,209,0.0,0.0033107493
72,210,0.0,0.0023216442
72,211,0.0,0.0035744677
72,212,0.0,0.0018713698
72,213,0.0,0.002316509
72,214,0.0,0.0017003096
72,215,0.0,0.0026819538
72,216,0.0,0.0030344552
72,217,0.0,0.002505695
72,218,0.0,0.004203649
72,219,0.0,0.002767351
72,220,0.0,0.0021991115
72,221,0.0,0.0022713947
72,222,0.0,0.001484354
72,223,0.0,0.001475187
72,224,0.0,0.0022984738
72,225,0.0,0.0016657403
72,226,0.0,0.0027027028
72,227,0.0,0.002389927
72,228,0.0,0.0025157803
72,229,0.16945500840443,0.0017922716
72,230,0.0,0.001659283
72,231,0.0,0.00261446
72,232,0.0,0.0024663704
72,233,0.0,0.002048484
72,234,0.0,0.0019083656
72,235,0.0,0.0029194248
72,236,0.0,0.0024758517
72,237,0.0,0.0014871084
72,238,0.0,0.0014861943
72,239,0.0,0.0025532544
72,240,0.0,0.0021334896
72,241,0.0,0.0014943886
72,242,0.0,0.0027590306
72,243,0.0,0.0033925138
72,244,0.0,0.0027640513
72,245,0.0,0.0024691317
72,246,0.0,0.0017398512
72,247,0.0,0.002317062
72,248,0.0,0.002768627
72,249,0.0,0.0014798716
72,250,0.0,0.0035027135
72,251,0.0,0.001470916
72,252,0.0,0.0022343397
72,253,0.0,0.0032269289
72,254,0.0,0.001497183
72,255,0.0,0.0021386114
72,256,0.0,0.0027692616
72,257,0.0,0.0035813483
72,258,0.0,0.0025505777
72,259,0.0,0.002276239
72,260,0.0,0.0027879295
72,261,0.0,0.0021536937
72,262,0.0,0.001482022
72,263,0.0,0.0024254625
72,264,-0.144016718290331,0.0030587371
72,265,0.0,0.0016353843
72,266,0.0,0.0030466951
72,267,-0.156947201241194,0.0022928887
72,268,0.160123167356297,0.0025821258
73,1,0.0,0.0019445661
73,2,0.0,0.0023085293
73,3,0.0,0.0026212414
73,4,0.0,0.0027560713
73,5,0.0,0.0023986828
73,6,0.0,0.0034294007
73,7,0.0,0.0025497256
73,8,0.0,0.0025209398
73,9,0.0,0.0034771948
73,10,0.0,0.0026874212
73,11,0.0,0.0024971035
73,12,0.0,0.002539204
73,13,0.0,0.0022553178
73,14,0.0,0.0021466203
73,15,0.0,0.0028930628
73,16,0.0,0.0025106808
73,17,0.0,0.002351713
73,18,0.0,0.0025786003
73,19,0.0,0.002863904
73,20,0.0,0.002479781
73,21,0.0,0.0024230038
73,22,0.0,0.0014933529
73,23,0.0,0.0016212133
73,24,0.0,0.003005588
73,25,0.0,0.0026134048
73,26,0.0,0.0016106619
73,27,0.0,0.0029107532
73,28,0.0,0.0025406792
73,29,0.0,0.0021470515
73,30,0.0,0.0024677096
73,31,0.0,0.003464528
73,32,0.0,0.0026176218
73,33,0.0,0.0017141262
73,34,0.0,0.002669828
73,35,0.0,0.0024236762
73,36,0.0,0.0033248235
73,37,0.0,0.002472247
73,38,0.0,0.0025104983
73,39,0.0,0.0014931718
73,40,0.0,0.0035218517
73,41,0.0,0.0028601037
73,42,0.0,0.0026150323
73,43,0.0,0.0027090344
73,44,-0.146102386168878,0.0026583057
73,45,0.0,0.0034568827
73,46,0.0,0.0023731096
73,47,0.0,0.0027397126
73,48,0.0,0.0027340977
73,49,0.0,0.0035118228
73,50,0.0,0.0023898184
73,51,0.0,0.0016878666
73,52,0.0,0.0024998486
73,53,0.0,0.0026864107
73,54,0.0,0.0027813693
73,55,0.0,0.0023087836
73,56,0.155322418961077,0.0026901793
73,57,0.0,0.0026146485
73,58,0.0,0.0024721907
73,59,0.0,0.0024063033
73,60,0.0,0.0021021143
73,61,0.0,0.0018520737
73,62,-0.155376878044322,0.0022100732
73,63,0.0,0.0023177103
73,64,0.0,0.0018296358
73,65,0.0,0.002727334
73,66,0.0,0.0023946594
73,67,0.0,0.0018481785
73,68,0.0,0.0029067877
73,69,0.0,0.0035928055
73,70,0.0,0.0019203955
73,71,0.179572762500598,0.003467387
73,72,0.0,0.0035755504
73,73,0.451953098876402,0.030703487
73,74,0.0,0.0018505091
73,75,0.0,0.0025299252
73,76,0.0,0.0024779644
73,77,0.0,0.0015033935
73,78,0.154085788327765,0.002649202
73,79,0.0,0.0028783218
73,80,0.0,0.0016946513
73,81,0.0,0.0018355134
73,82,0.0,0.002712477
73,83,0.0,0.0025025466
73,84,0.0,0.0019720565
73,85,0.0,0.0025515067
73,86,0.0,0.002859801
73,87,0.0,0.003603294
73,88,0.0,0.002815219
73,89,0.0,0.0025783805
73,90,0.0,0.0022924962
73,91,0.0,0.0025520744
73,92,0.0,0.002386813
73,93,0.0,0.0034232489
73,94,0.0,0.0024794098
73,95,0.0,0.0025769817
73,96,0.0,0.0015930333
73,97,0.0,0.0035921526
73,98,0.0,0.0023540393
73,99,0.0,0.0024032053
73,100,0.0,0.0024799006
73,101,0.0,0.002430214
73,102,0.0,0.002362032
73,103,0.146965234019625,0.0031535402
73,104,0.0,0.0016017468
73,105,0.0,0.0016026078
73,106,0.0,0.002045611
73,107,0.0,0.001893518
73,108,0.0,0.0028713765
73,109,0.0,0.00218564
73,110,0.144802608790116,0.0020990632
73,111,0.0,0.0019237925
73,112,0.0,0.0016941894
73,113,0.136660208451198,0.0035069855
73,114,0.0,0.002251722
73,115,0.0,0.0026646424
73,116,0.0,0.0020352108
73,117,0.0,0.0017616679
73,118,0.0,0.0027706916
73,119,0.0,0.0022690892
73,120,0.0,0.0022921693
73,121,0.0,0.0021021813
73,122,0.0,0.0031025358
73,123,0.0,0.0034689275
73,124,0.0,0.0035779537
73,125,0.0,0.002544785
73,126,0.0,0.0032538031
73,127,0.0,0.0018738322
73,128,0.0,0.0034383642
73,129,0.0,0.003367959
73,130,0.0,0.002450863
73,131,0.0,0.0035070088
73,132,0.0,0.002827241
73,133,0.0,0.0025871228
73,134,0.0,0.001637971
73,135,0.0,0.0026609339
73,136,0.0,0.0027694884
73,137,0.0,0.002553496
73,138,0.0,0.002320591
73,139,0.0,0.002773384
73,140,0.0,0.0020577535
73,141,0.0,0.0017439481
73,142,0.0,0.0022797715
73,143,0.14266396141694,0.0024024076
73,144,0.156155340154679,0.0026762756
73,145,0.144049374511003,0.0026038024
73,146,0.0,0.0018649045
73,147,0.0,0.0024733595
73,148,0.0,0.002666274
73,149,0.0,0.0026146593
73,150,0.0,0.0021392833
73,151,0.0,0.0025564912
73,152,0.0,0.0018024496
73,153,0.0,0.0024323147
73,154,0.0,0.0023962222
73,155,0.0,0.003619383
73,156,0.0,0.0016075503
73,157,0.0,0.0027500447
73,158,0.0,0.0033549191
73,159,0.0,0.0025520683
73,160,0.0,0.0018191533
73,161,0.0,0.0024168105
73,162,0.0,0.0019076802
73,163,0.0,0.0034168866
73,164,0.0,0.002302623
73,165,0.0,0.0022499063
73,166,0.0,0.0018544877
73,167,0.147608456014957,0.002510551
73,168,0.0,0.00350567
73,169,0.0,0.0015939334
73,170,0.0,0.0023120404
73,171,0.0,0.0031561744
73,172,0.0,0.002781583
73,173,0.0,0.0026027374
73,174,0.0,0.003288373
73,175,0.0,0.0015124916
73,176,0.0,0.001673555
73,177,0.0,0.0024487572
73,178,0.0,0.0024238443
73,179,0.0,0.0022480292
73,180,0.0,0.0023473613
73,181,0.0,0.0033151722
73,182,0.0,0.0032962603
73,183,0.0,0.0014683735
73,184,0.0,0.0021737372
73,185,0.146849074628173,0.0015129182
73,186,0.147403661852692,0.0025424324
73,187,0.0,0.0015619681
73,188,-0.134314664711286,0.0022368724
73,189,0.0,0.0017311969
73,190,0.0,0.00276554
73,191,0.0,0.0023634601
73,192,0.0,0.002550167
73,193,0.0,0.0025491482
73,194,0.0,0.0026418134
73,195,0.0,0.0035092817
73,196,0.0,0.002454015
73,197,0.0,0.0025329958
73,198,0.0,0.0016899211
73,199,-0.159469486643511,0.0026076357
73,200,0.0,0.0032916325
73,201,0.0,0.0029965094
73,202,0.0,0.0021316144
73,203,0.0,0.003560558
73,204,0.0,0.0024361275
73,205,0.0,0.00240112
73,206,0.0,0.0022193724
73,207,0.0,0.0025442368
73,208,0.0,0.0031663012
73,209,0.0,0.0025812015
73,210,0.0,0.0025851969
73,211,0.0,0.0024437858
73,212,-0.141286896118573,0.002380035
73,213,0.151853320243587,0.002096787
73,214,-0.15257848879598,0.0018755924
73,215,0.0,0.0019785352
73,216,0.0,0.002994609
73,217,0.0,0.0035244208
73,218,0.0,0.0016292911
73,219,-0.155569962100853,0.0023798966
73,220,-0.152368815791606,0.0035183812
73,221,0.0,0.0025549997
73,222,0.0,0.0030148318
73,223,0.0,0.0024886592
73,224,0.0,0.0032937299
73,225,0.0,0.0020204475
73,226,0.138663338261405,0.0025502765
73,227,0.0,0.0028671501
73,228,0.0,0.0016196389
73,229,0.0,0.0025311136
73,230,0.0,0.0021457039
73,231,0.0,0.0026476076
73,232,0.0,0.00219718
73,233,0.0,0.0024633897
73,234,0.0,0.0028713946
73,235,0.0,0.0024060984
73,236,0.0,0.0016804622
73,237,0.0,0.0014926735
73,238,0.0,0.002423319
73,239,0.0,0.0035977345
73,240,0.0,0.0023511397
73,241,0.0,0.0035656304
73,242,0.0,0.0020426954
73,243,0.0,0.0024710484
73,244,0.0,0.0034397682
73,245,0.0,0.0026546926
73,246,0.0,0.0024712328
73,247,0.0,0.0025341217
73,248,-0.148770630007518,0.0025412235
73,249,0.0,0.0020002043
73,250,0.0,0.0034286338
73,251,0.0,0.0021966593
73,252,0.0,0.00234755
73,253,0.0,0.0024453895
73,254,0.144477125475343,0.001740071
73,255,0.0,0.0026356098
73,256,0.0,0.0021690526
73,257,0.0,0.0032348242
73,258,0.0,0.0034424341
73,259,0.0,0.002390577
73,260,0.0,0.003158323
73,261,0.0,0.0033195661
73,262,0.0,0.0023325752
73,263,0.0,0.0028041163
73,264,0.0,0.0023559094
73,265,0.0,0.0022426117
73,266,0.0,0.0020174254
73,267,0.0,0.002591623
73,268,0.0,0.0019845301
74,1,-0.150293451047081,0.0014702748
74,2,0.0,0.003577571
74,3,0.0,0.0030004312
74,4,0.152070368496162,0.0022659823
74,5,0.0,0.0027698525
74,6,0.0,0.002325771
74,7,0.0,0.002064081
74,8,0.0,0.0020632888
74,9,0.0,0.0029261033
74,10,0.0,0.00217471
74,11,0.0,0.0024735844
74,12,0.0,0.002768701
74,13,0.0,0.0027802805
74,14,0.139519259284828,0.0014578905
74,15,0.0,0.0021274234
74,16,0.137398913049817,0.0023434516
74,17,0.0,0.0031551886
74,18,0.0,0.0026902338
74,19,0.0,0.0024940176
74,20,0.0,0.0025503077
74,21,0.0,0.0023297993
74,22,0.0,0.0014824038
74,23,0.0,0.0025326167
74,24,0.0,0.0025192802
74,25,0.0,0.0025108433
74,26,0.152823709891867,0.0014921054
74,27,0.146633715009572,0.001808174
74,28,0.0,0.0020719036
74,29,0.0,0.0016355035
74,30,0.0,0.0026725214
74,31,0.0,0.0015834542
74,32,0.0,0.0031960905
74,33,0.0,0.0034873434
74,34,0.0,0.0025514225
74,35,0.0,0.0026030634
74,36,0.0,0.002282634
74,37,0.0,0.0036731483
74,38,0.0,0.0023285272
74,39,0.0,0.0014930232
74,40,0.0,0.0026631318
74,41,0.0,0.0027577928
74,42,0.141341962311501,0.0017412906
74,43,0.0,0.002248215
74,44,0.0,0.0031558299
74,45,0.0,0.002088727
74,46,0.0,0.0014829775
74,47,0.0,0.0027000722
74,48,0.0,0.0023310035
74,49,0.0,0.0021661776
74,50,0.0,0.0036266907
74,51,0.0,0.0023236764
74,52,0.0,0.0015726401
74,53,0.0,0.002613742
74,54,0.0,0.004683979
74,55,0.0,0.0020769732
74,56,0.0,0.0027245576
74,57,-0.15006120487504,0.0019573998
74,58,0.0,0.0014872188
74,59,0.0,0.0014592372
74,60,0.0,0.0027641673
74,61,0.0,0.0015119845
74,62,0.0,0.0024179425
74,63,0.0,0.0026261737
74,64,0.0,0.0014988449
74,65,0.0,0.0016316995
74,66,0.0,0.001470645
74,67,0.0,0.0014807265
74,68,0.0,0.002779873
74,69,0.0,0.0026189433
74,70,0.0,0.0035289377
74,71,0.0,0.0022421
74,72,0.0,0.0018827547
74,73,0.0,0.0018505091
74,74,0.0,0.030703487
74,75,0.0,0.0017393157
74,76,0.0,0.00228611
74,77,0.0,0.0034005619
74,78,0.0,0.0023274785
74,79,0.0,0.0018379074
74,80,0.0,0.0018500537
74,81,0.0,0.0032501393
74,82,0.0,0.001598509
74,83,0.0,0.0026443563
74,84,0.0,0.0031283055
74,85,0.0,0.002834463
74,86,0.0,0.0029693684
74,87,0.0,0.0015382003
74,88,0.165198977416356,0.0020215274
74,89,0.0,0.0025437153
74,90,0.0,0.0025969488
74,91,-0.149091756874724,0.0024302877
74,92,0.0,0.0023355307
74,93,0.0,0.0022884132
74,94,0.0,0.0017630225
74,95,0.0,0.0015524854
74,96,0.0,0.0021152236
74,97,0.0,0.0024273386
74,98,0.0,0.0020345044
74,99,0.0,0.0022564493
74,100,0.157458507872689,0.001834997
74,101,0.0,0.0023157843
74,102,0.155339711191572,0.0037903572
74,103,0.0,0.0034408644
74,104,0.0,0.0024777432
74,105,0.0,0.0022551506
74,106,0.0,0.0023819427
74,107,-0.161399275234796,0.0015063011
74,108,0.0,0.0028812787
74,109,0.0,0.0027210615
74,110,0.0,0.0014923667
74,111,0.0,0.002418994
74,112,0.0,0.002557233
74,113,0.0,0.0021399176
74,114,0.0,0.0018624011
74,115,0.0,0.0023894152
74,116,0.0,0.0017894264
74,117,0.0,0.0037796763
74,118,0.0,0.003453156
74,119,0.0,0.001554647
74,120,0.0,0.0022004507
74,121,0.0,0.0017064102
74,122,0.0,0.0026296233
74,123,0.0,0.0026315814
74,124,0.0,0.002531055
74,125,0.0,0.0025274535
74,126,0.0,0.0014616121
74,127,0.0,0.001592957
74,128,0.0,0.0014985544
74,129,0.0,0.0027314988
74,130,-0.169123274212163,0.002802753
74,131,0.0,0.0015691379
74,132,0.169544941457179,0.0036324183
74,133,0.0,0.0015264498
74,134,0.0,0.0021135937
74,135,0.0,0.0026701675
74,136,0.0,0.0016959421
74,137,0.0,0.0016904008
74,138,0.0,0.0025209226
74,139,0.165101180704323,0.0018306803
74,140,0.0,0.0023280885
74,141,0.15892725534763,0.0022848458
74,142,0.0,0.002147425
74,143,0.0,0.0027647777
74,144,0.0,0.0019933209
74,145,0.0,0.002566867
74,146,0.161776066201013,0.002012129
74,147,0.0,0.0023094574
74,148,0.0,0.0025979811
74,149,0.0,0.0018085539
74,150,0.0,0.0016741958
74,151,0.0,0.0025208099
74,152,0.0,0.0016474649
74,153,0.0,0.0022292035
74,154,0.0,0.0014799517
74,155,0.0,0.0024117343
74,156,0.159892182952826,0.0014979965
74,157,0.0,0.0023254422
74,158,0.0,0.0015216698
74,159,0.155755840005145,0.0018619401
74,160,0.165115661576077,0.004522983
74,161,0.0,0.0033439952
74,162,0.0,0.0015062904
74,163,0.0,0.0024033934
74,164,0.0,0.0014755661
74,165,0.0,0.0014684284
74,166,0.0,0.0014717183
74,167,0.0,0.002679226
74,168,0.0,0.0022622412
74,169,0.0,0.0025382666
74,170,0.0,0.0017188415
74,171,0.0,0.0035704589
74,172,0.0,0.0024227635
74,173,0.0,0.0019996138
74,174,0.0,0.0022970703
74,175,0.0,0.002020978
74,176,-0.165028712894354,0.0018480532
74,177,0.0,0.0016709492
74,178,-0.157452766292562,0.0016008224
74,179,-0.166220583504178,0.002355101
74,180,0.0,0.0024574986
74,181,0.0,0.0032080477
74,182,0.0,0.001629157
74,183,0.0,0.0029937471
74,184,0.15990899613231,0.0015800847
74,185,0.0,0.0017605517
74,186,0.0,0.0026813135
74,187,0.0,0.0021090675
74,188,0.0,0.0014850725
74,189,-0.16495949547358,0.0016854145
74,190,0.0,0.002490573
74,191,0.0,0.0026820214
74,192,0.0,0.0027400525
74,193,0.0,0.0016141976
74,194,0.0,0.0023422185
74,195,0.0,0.0026122448
74,196,0.0,0.0022873008
74,197,0.0,0.002478574
74,198,0.0,0.0015858719
74,199,-0.177810902531634,0.0015267236
74,200,0.0,0.0014860169
74,201,0.0,0.002434058
74,202,0.0,0.0026615546
74,203,0.0,0.0032651443
74,204,0.0,0.002383329
74,205,0.0,0.002615219
74,206,0.0,0.0026683854
74,207,0.0,0.0024472848
74,208,0.0,0.002183637
74,209,0.0,0.002409893
74,210,-0.165931720458364,0.0024582967
74,211,0.0,0.0036256784
74,212,0.0,0.0021485016
74,213,0.0,0.0029656482
74,214,0.0,0.0026107351
74,215,0.0,0.0029458953
74,216,0.0,0.0017750692
74,217,0.0,0.0017096368
74,218,0.0,0.0040882686
74,219,0.0,0.0019400083
74,220,0.0,0.002150624
74,221,0.0,0.0019009416
74,222,0.0,0.0014616698
74,223,0.0,0.0017182841
74,224,0.0,0.0029311744
74,225,0.0,0.002422507
74,226,0.0,0.0021817526
74,227,0.0,0.0025906935
74,228,0.155531863641025,0.0025505368
74,229,0.0,0.003393176
74,230,0.0,0.0015076473
74,231,0.0,0.0034605153
74,232,0.153870160415374,0.0015141657
74,233,0.0,0.0024483264
74,234,0.0,0.0016998542
74,235,0.0,0.0017127204
74,236,0.0,0.002535916
74,237,0.0,0.0014789188
74,238,0.0,0.0024945955
74,239,0.0,0.0014912952
74,240,0.0,0.0028427197
74,241,0.0,0.0022104317
74,242,0.0,0.0026311316
74,243,0.0,0.0027157422
74,244,0.0,0.0019298741
74,245,0.0,0.0030898452
74,246,0.0,0.0023118197
74,247,0.0,0.0020589158
74,248,0.0,0.0026676538
74,249,0.170157964060586,0.0014929995
74,250,0.0,0.0034368774
74,251,0.0,0.0014855252
74,252,0.0,0.0023573851
74,253,0.156053935433037,0.0024670567
74,254,0.0,0.0014983565
74,255,0.0,0.0014694999
74,256,0.0,0.0017626146
74,257,0.0,0.003144743
74,258,0.0,0.0014902446
74,259,0.0,0.002593672
74,260,0.0,0.0022385623
74,261,0.0,0.0017198357
74,262,0.0,0.0016820631
74,263,-0.152545012482522,0.0014824667
74,264,0.0,0.0024078288
74,265,0.0,0.0018904475
74,266,0.0,0.0025076438
74,267,0.165295628623525,0.0015848456
74,268,0.0,0.0026396126
75,1,0.0,0.0025607636
75,2,0.0,0.0034998995
75,3,0.0,0.0026264586
75,4,0.0,0.00284304
75,5,0.0,0.0031929105
75,6,0.0,0.0018855426
75,7,0.0,0.004015497
75,8,0.0,0.0014942563
75,9,0.0,0.0023873379
75,10,0.0,0.0025901538
75,11,0.0,0.0025909073
75,12,0.0,0.0026868884
75,13,0.0,0.0023547108
75,14,0.0,0.0014814837
75,15,0.0,0.0019178083
75,16,0.130232961675711,0.0027766558
75,17,0.0,0.0031227013
75,18,0.0,0.002453709
75,19,0.0,0.0025705565
75,20,0.0,0.0017406442
75,21,0.140804006835811,0.0025894106
75,22,0.0,0.0016415827
75,23,0.14043585440829,0.0023874394
75,24,0.0,0.002067075
75,25,0.0,0.0024235873
75,26,0.144853288222676,0.0022520795
75,27,0.0,0.0023367205
75,28,0.0,0.0014992375
75,29,0.0,0.002460531
75,30,0.0,0.002033717
75,31,-0.129674974744107,0.0035790955
75,32,0.0,0.0026150555
75,33,0.0,0.00174475
75,34,0.0,0.0029095076
75,35,0.0,0.0027770037
75,36,0.0,0.0014913785
75,37,0.0,0.0026134937
75,38,0.0,0.0027132733
75,39,0.0,0.0023484384
75,40,0.0,0.0026349798
75,41,0.0,0.0024394668
75,42,0.0,0.0027155303
75,43,0.0,0.0024155844
75,44,0.0,0.002550391
75,45,0.0,0.00326717
75,46,0.0,0.0027640583
75,47,0.0,0.002387499
75,48,0.0,0.0027206354
75,49,0.0,0.0024460894
75,50,-0.13674283202231,0.0015928196
75,51,0.0,0.0014656279
75,52,0.0,0.0027667652
75,53,0.0,0.0022521992
75,54,0.0,0.0036258628
75,55,0.0,0.002124282
75,56,0.0,0.0024271533
75,57,0.0,0.001985399
75,58,0.0,0.0021484676
75,59,0.0,0.0024826308
75,60,0.0,0.0018974091
75,61,0.0,0.0017680009
75,62,0.0,0.0020901528
75,63,0.0,0.0016828813
75,64,0.0,0.0029400284
75,65,0.0,0.0023336322
75,66,0.0,0.0016633607
75,67,0.0,0.0014776285
75,68,0.0,0.0015632673
75,69,-0.146074880163368,0.0015521534
75,70,0.0,0.0026991563
75,71,0.0,0.0030890116
75,72,0.0,0.0024617095
75,73,-0.148747292988772,0.0025299252
75,74,0.0,0.0017393157
75,75,0.0,0.030703487
75,76,0.0,0.0023295637
75,77,0.0,0.0034424416
75,78,0.0,0.002312004
75,79,0.0,0.0024920222
75,80,0.0,0.0016093156
75,81,0.0,0.002309261
75,82,0.141577053194768,0.0027133673
75,83,0.0,0.0032553566
75,84,0.0,0.0021748035
75,85,0.0,0.0026804358
75,86,0.0,0.001796992
75,87,0.0,0.0014888751
75,88,0.0,0.0027066865
75,89,0.145058525003887,0.00149839
75,90,0.0,0.0034827492
75,91,0.0,0.0021878849
75,92,0.0,0.002356545
75,93,0.0,0.0018977453
75,94,0.0,0.0027021393
75,95,0.0,0.00201783
75,96,0.0,0.0027221902
75,97,0.0,0.0027216072
75,98,0.0,0.0022863988
75,99,0.0,0.0026965933
75,100,0.0,0.0021558758
75,101,0.0,0.0016396581
75,102,0.0,0.002355548
75,103,0.0,0.0016154437
75,104,0.0,0.0024682237
75,105,0.0,0.0017384514
75,106,0.0,0.002041237
75,107,0.0,0.001688112
75,108,0.0,0.0024283975
75,109,0.0,0.0017098989
75,110,0.0,0.0025528143
75,111,0.0,0.003204126
75,112,0.0,0.0023840968
75,113,0.0,0.0035948846
75,114,0.0,0.0014977911
75,115,0.0,0.002563403
75,116,0.0,0.0024507898
75,117,0.0,0.0025278386
75,118,0.0,0.0027019186
75,119,0.0,0.0025580009
75,120,0.0,0.0017103646
75,121,0.0,0.002004616
75,122,0.0,0.0024987906
75,123,0.0,0.002168363
75,124,0.0,0.003530804
75,125,0.0,0.002030789
75,126,0.0,0.003139242
75,127,0.0,0.0047742054
75,128,0.0,0.0024451287
75,129,0.0,0.0018175286
75,130,0.0,0.0025503049
75,131,0.0,0.0027603698
75,132,0.0,0.002074155
75,133,0.0,0.0027599805
75,134,0.0,0.0017130203
75,135,0.0,0.0026131598
75,136,0.0,0.0034754444
75,137,0.0,0.002361604
75,138,0.0,0.0022667414
75,139,0.0,0.0036164843
75,140,0.0,0.0025393805
75,141,0.0,0.002233326
75,142,0.0,0.0020154174
75,143,0.0,0.002250283
75,144,0.0,0.0016498398
75,145,0.0,0.0027705631
75,146,0.0,0.0020414796
75,147,0.0,0.0023713256
75,148,0.133571983177663,0.0018264889
75,149,0.0,0.0031199683
75,150,0.0,0.002597651
75,151,0.0,0.0014837664
75,152,0.0,0.0023745014
75,153,0.0,0.002807362
75,154,0.0,0.0015468765
75,155,0.0,0.0026886044
75,156,0.0,0.0034833178
75,157,0.0,0.0026388206
75,158,0.140142780688887,0.002381205
75,159,-0.135652845403648,0.0020693853
75,160,0.0,0.0018594973
75,161,0.0,0.0019159471
75,162,0.0,0.002068465
75,163,0.0,0.002789158
75,164,0.0,0.001493447
75,165,0.0,0.0030836444
75,166,0.0,0.001920823
75,167,0.0,0.0027824845
75,168,0.0,0.0027518733
75,169,0.0,0.0025803884
75,170,0.0,0.0021169987
75,171,0.0,0.0027942006
75,172,0.0,0.0034246943
75,173,0.0,0.0029572505
75,174,0.0,0.0021566246
75,175,0.0,0.0033892929
75,176,0.0,0.0014850218
75,177,0.0,0.0014884099
75,178,0.0,0.0023081107
75,179,0.0,0.0032297503
75,180,0.0,0.0025885669
75,181,0.0,0.0027430747
75,182,0.0,0.0025550583
75,183,0.0,0.0023962525
75,184,0.0,0.0030989707
75,185,0.0,0.0023535965
75,186,0.0,0.0021111649
75,187,0.0,0.0028028153
75,188,0.0,0.0023874836
75,189,0.0,0.0016183145
75,190,0.0,0.0034199525
75,191,0.0,0.003470187
75,192,0.0,0.0021992484
75,193,0.0,0.0017423811
75,194,0.0,0.003057898
75,195,0.0,0.0026009204
75,196,0.0,0.002406823
75,197,0.0,0.0028279303
75,198,0.0,0.0014877208
75,199,0.0,0.002395737
75,200,0.0,0.0016675135
75,201,0.0,0.0016998262
75,202,0.0,0.0022589099
75,203,0.0,0.0016792496
75,204,0.0,0.0030625798
75,205,0.0,0.001848714
75,206,0.0,0.0020487919
75,207,0.0,0.0016749077
75,208,0.0,0.0033738534
75,209,0.0,0.0027901111
75,210,0.0,0.003298135
75,211,0.0,0.001756004
75,212,0.0,0.0026007085
75,213,0.0,0.0022050766
75,214,0.0,0.004610246
75,215,0.0,0.0027692704
75,216,0.0,0.0023603612
75,217,0.0,0.0022153337
75,218,0.146115261137896,0.0021279342
75,219,0.0,0.0024503204
75,220,0.0,0.002549854
75,221,0.0,0.0026321216
75,222,0.0,0.0022979844
75,223,0.0,0.003568946
75,224,0.0,0.0016432377
75,225,0.0,0.0024244343
75,226,0.0,0.0026904345
75,227,0.0,0.0018301541
75,228,0.0,0.0027146526
75,229,0.0,0.0014825687
75,230,0.0,0.0024404614
75,231,0.0,0.0031822268
75,232,0.0,0.0024674856
75,233,0.0,0.001734993
75,234,0.0,0.003398599
75,235,0.0,0.0036326498
75,236,0.0,0.0014576865
75,237,-0.136842431793274,0.0014601154
75,238,0.0,0.0027912245
75,239,0.0,0.003222405
75,240,0.0,0.0015035858
75,241,0.0,0.0031239963
75,242,0.0,0.0024336786
75,243,0.0,0.0029670969
75,244,0.0,0.0027835583
75,245,0.0,0.0018377369
75,246,0.0,0.0020435564
75,247,-0.141658739109539,0.0025899569
75,248,0.0,0.003580344
75,249,0.0,0.0014823778
75,250,0.0,0.0031361096
75,251,-0.143291603453753,0.002750415
75,252,0.0,0.0028640414
75,253,0.0,0.0014937758
75,254,0.0,0.0014741337
75,255,0.0,0.0024488708
75,256,0.0,0.0020480133
75,257,0.0,0.0024977499
75,258,0.0,0.0023511834
75,259,0.0,0.0016088625
75,260,0.0,0.0025597406
75,261,0.0,0.0025297175
75,262,0.0,0.0014829375
75,263,0.0,0.0033110804
75,264,0.0,0.002075831
75,265,0.0,0.002356993
75,266,0.0,0.0027567837
75,267,0.0,0.002652458
75,268,-0.146874544768616,0.0020661722
76,1,-0.153457030550218,0.0027642758
76,2,0.157252319153737,0.0024543237
76,3,0.0,0.002215595
76,4,0.0,0.0030713635
76,5,0.0,0.0017198087
76,6,0.0,0.0033769598
76,7,0.0,0.0026987316
76,8,0.0,0.0017585703
76,9,0.0,0.0027104532
76,10,-0.151012747610246,0.002348314
76,11,0.157665573947499,0.002370603
76,12,0.0,0.0027709645
76,13,0.0,0.0014859289
76,14,0.0,0.0020633922
76,15,0.0,0.0022693211
76,16,0.0,0.0036139386
76,17,0.0,0.0026364126
76,18,0.0,0.0032165376
76,19,0.0,0.002929991
76,20,0.0,0.0034440476
76,21,0.0,0.0017976025
76,22,-0.165881882672986,0.0019653654
76,23,0.0,0.0026707659
76,24,0.0,0.0016306345
76,25,0.0,0.0015848177
76,26,0.0,0.0035847956
76,27,0.0,0.0018779393
76,28,0.0,0.0025831675
76,29,0.0,0.0016652169
76,30,0.0,0.003073115
76,31,0.0,0.0035513486
76,32,0.0,0.0014749705
76,33,0.0,0.0025817892
76,34,0.0,0.0021156962
76,35,0.0,0.0014879755
76,36,0.0,0.0020633927
76,37,0.0,0.0015495466
76,38,0.0,0.0035508578
76,39,0.0,0.002492249
76,40,0.0,0.0014990657
76,41,0.0,0.0016318187
76,42,0.0,0.0024251747
76,43,0.0,0.0025346144
76,44,0.0,0.0025422452
76,45,0.0,0.0024710218
76,46,0.0,0.0022821622
76,47,0.0,0.0024696663
76,48,0.0,0.002433917
76,49,0.0,0.0024891398
76,50,0.0,0.0026146173
76,51,0.0,0.0019193725
76,52,0.0,0.0024305242
76,53,0.0,0.0018257224
76,54,0.0,0.0014942666
76,55,-0.159166318382106,0.0024192366
76,56,0.0,0.0024189479
76,57,0.15321989574714,0.0022094664
76,58,0.0,0.0023947177
76,59,0.0,0.0035078526
76,60,0.0,0.0016049193
76,61,0.0,0.0024450044
76,62,0.0,0.0026527205
76,63,0.0,0.0014706282
76,64,0.0,0.0032940432
76,65,0.0,0.0025798995
76,66,0.0,0.0023332248
76,67,0.0,0.0019161925
76,68,0.151180106269654,0.003553941
76,69,0.0,0.0022620582
76,70,0.154621291115094,0.0023597782
76,71,0.171176306856481,0.0016655922
76,72,0.0,0.003232072
76,73,0.0,0.0024779644
76,74,0.0,0.00228611
76,75,0.0,0.0023295637
76,76,0.714032071642578,0.030703487
76,77,0.0,0.0034566703
76,78,0.0,0.002002587
76,79,0.0,0.0022000778
76,80,0.0,0.0027580285
76,81,0.0,0.002033933
76,82,0.0,0.002342055
76,83,0.0,0.0026138448
76,84,0.0,0.0030205762
76,85,0.0,0.0020216163
76,86,0.163974632409943,0.0020132484
76,87,0.0,0.00215232
76,88,0.0,0.0029031094
76,89,0.0,0.003373553
76,90,0.0,0.0026283273
76,91,0.0,0.0019859266
76,92,0.155215889818736,0.0024432521
76,93,0.0,0.0020189784
76,94,0.0,0.0035567791
76,95,0.151833344190956,0.0016515991
76,96,0.0,0.0025403132
76,97,0.158972895445384,0.0021810196
76,98,0.0,0.0014941008
76,99,0.0,0.0019822996
76,100,0.0,0.0024203374
76,101,0.0,0.0018105833
76,102,0.0,0.0014873683
76,103,0.0,0.0023069782
76,104,0.0,0.003409285
76,105,0.0,0.0022322922
76,106,0.0,0.0025018123
76,107,0.0,0.0014948063
76,108,0.0,0.0022215382
76,109,0.0,0.002173779
76,110,0.154701712973501,0.0018980014
76,111,0.0,0.002527582
76,112,0.0,0.0015489892
76,113,0.0,0.003098242
76,114,0.0,0.0017139614
76,115,0.0,0.0022059768
76,116,0.0,0.002574022
76,117,0.0,0.0025069448
76,118,0.0,0.0029890458
76,119,0.0,0.0027720588
76,120,0.0,0.0016059992
76,121,0.0,0.0016970928
76,122,0.0,0.002653052
76,123,0.0,0.003291641
76,124,0.0,0.0022055712
76,125,-0.154248957795822,0.00253462
76,126,0.0,0.0017389646
76,127,0.0,0.0015555457
76,128,0.0,0.0035913303
76,129,0.0,0.0020186324
76,130,0.0,0.0022755777
76,131,0.0,0.0022871895
76,132,0.0,0.0020438656
76,133,0.0,0.0026443051
76,134,0.0,0.0019656303
76,135,0.0,0.0022571967
76,136,0.0,0.0021482394
76,137,0.0,0.0024275584
76,138,0.0,0.0015396872
76,139,0.0,0.0026009362
76,140,0.0,0.0015287194
76,141,0.0,0.0022707377
76,142,-0.14819473143263,0.0015994068
76,143,0.0,0.0016545118
76,144,0.166830548245879,0.003047999
76,145,0.0,0.002460613
76,146,0.0,0.00214885
76,147,0.0,0.0018591676
76,148,0.0,0.0024147904
76,149,0.0,0.002685241
76,150,0.0,0.0033841487
76,151,0.0,0.0024944935
76,152,0.0,0.0015529767
76,153,0.0,0.0021086559
76,154,0.0,0.0016883248
76,155,0.0,0.0021416005
76,156,0.0,0.0027684201
76,157,0.0,0.0021949299
76,158,0.0,0.0023915498
76,159,0.0,0.0017800247
76,160,0.0,0.0024283528
76,161,0.0,0.001870037
76,162,-0.149834087618261,0.0021227645
76,163,0.0,0.0016225986
76,164,0.0,0.0015003141
76,165,0.159971658140615,0.002536336
76,166,0.0,0.0029932265
76,167,0.0,0.002511324
76,168,0.0,0.0024842103
76,169,0.0,0.0026965528
76,170,0.0,0.0015991293
76,171,0.0,0.002673949
76,172,0.0,0.0023160358
76,173,-0.149736529519804,0.001714658
76,174,0.0,0.0016238187
76,175,0.0,0.0017263242
76,176,0.158123878621677,0.0036147311
76,177,0.0,0.0014923927
76,178,0.0,0.002968498
76,179,0.0,0.0026910556
76,180,0.0,0.0023698364
76,181,0.0,0.0035035843
76,182,0.0,0.0018484667
76,183,0.156234367156291,0.001492992
76,184,-0.153218371830401,0.003590499
76,185,0.0,0.0034005381
76,186,0.0,0.0028154622
76,187,0.0,0.002442961
76,188,0.0,0.0021640006
76,189,0.0,0.0018154858
76,190,0.0,0.00245247
76,191,0.0,0.0023880047
76,192,0.0,0.0014763521
76,193,0.0,0.00219136
76,194,0.0,0.0034580175
76,195,0.0,0.0027234121
76,196,0.0,0.0018569012
76,197,0.0,0.002823059
76,198,0.0,0.0016998234
76,199,0.0,0.0026472467
76,200,0.0,0.0027853567
76,201,0.0,0.003447636
76,202,0.158590491112137,0.0022556419
76,203,0.0,0.002788723
76,204,0.0,0.0014844914
76,205,0.0,0.0018285438
76,206,0.0,0.002008127
76,207,0.0,0.0032791067
76,208,-0.157770413515891,0.0025701728
76,209,0.0,0.0035960362
76,210,0.0,0.0024665622
76,211,0.0,0.0022588428
76,212,0.0,0.0020373198
76,213,0.0,0.002489943
76,214,0.0,0.0015666173
76,215,0.0,0.0030285604
76,216,-0.147993213936272,0.0016370965
76,217,0.0,0.002670901
76,218,0.0,0.0014863899
76,219,0.0,0.00332584
76,220,0.0,0.0014768695
76,221,0.0,0.002026556
76,222,0.0,0.0017138142
76,223,0.0,0.0021727919
76,224,0.0,0.0023037544
76,225,0.0,0.001944813
76,226,0.0,0.0024078144
76,227,0.155425664775728,0.0020323275
76,228,0.0,0.0027859085
76,229,0.0,0.002026712
76,230,0.0,0.0026819808
76,231,0.0,0.0023701927
76,232,0.0,0.001757564
76,233,0.0,0.0025859713
76,234,0.0,0.002409373
76,235,0.0,0.0025771284
76,236,0.0,0.0024533551
76,237,0.0,0.0021420089
76,238,0.0,0.0018751081
76,239,0.0,0.0024360316
76,240,0.0,0.0025482145
76,241,-0.153274437259815,0.0021902071
76,242,0.0,0.0018605143
76,243,0.0,0.0026550465
76,244,0.0,0.0020219306
76,245,0.15307037389164,0.002132624
76,246,0.0,0.0026896158
76,247,0.0,0.0014938503
76,248,0.0,0.002538188
76,249,0.0,0.0027801297
76,250,0.0,0.0020833276
76,251,0.0,0.002780219
76,252,0.0,0.0032146294
76,253,0.0,0.0016976353
76,254,0.0,0.0016644774
76,255,0.0,0.001690438
76,256,0.0,0.00310216
76,257,0.140441738601409,0.0023943256
76,258,0.0,0.0034535546
76,259,0.0,0.0023338976
76,260,0.0,0.0024482151
76,261,0.0,0.0031399452
76,262,0.0,0.0022659115
76,263,0.0,0.0016706404
76,264,0.0,0.0025255382
76,265,0.0,0.0018712971
76,266,0.0,0.0018850099
76,267,0.158379626543487,0.0020074463
76,268,0.0,0.0024718326
77,1,0.0,0.0016690847
77,2,0.0,0.0023698085
77,3,0.0,0.0022569825
77,4,0.0,0.0025565703
77,5,0.0,0.0026959167
77,6,0.0,0.0027692718
77,7,0.0,0.0016457299
77,8,0.0,0.0022777412
77,9,0.0,0.0022125337
77,10,0.0,0.0025442
77,11,0.0,0.003287375
77,12,0.0,0.0028128293
77,13,0.0,0.0034351982
77,14,0.0,0.0026826118
77,15,0.0,0.0027854992
77,16,0.0,0.003410433
77,17,0.0,0.002428885
77,18,0.0,0.00251148
77,19,0.0,0.0024853298
77,20,0.145026625988539,0.0020862208
77,21,0.0,0.0027576294
77,22,0.0,0.00278022
77,23,0.0,0.0035846834
77,24,-0.142295134556624,0.002267878
77,25,0.0,0.0023102872
77,26,0.0,0.0021170313
77,27,0.0,0.0021590563
77,28,0.0,0.0023330245
77,29,0.0,0.00262212
77,30,0.0,0.003455257
77,31,0.0,0.0034954986
77,32,0.0,0.003529687
77,33,0.0,0.0034736977
77,34,0.0,0.0019831252
77,35,0.0,0.0024513733
77,36,0.165062060589147,0.0017247004
77,37,0.0,0.0023755427
77,38,0.0,0.0017399606
77,39,0.15682443198736,0.0030170796
77,40,0.0,0.002294378
77,41,0.0,0.0019926447
77,42,0.0,0.0022098124
77,43,0.0,0.002407453
77,44,0.0,0.002358994
77,45,0.0,0.002765908
77,46,0.0,0.002385262
77,47,0.0,0.0024731783
77,48,-0.14360498097736,0.0017346032
77,49,0.0,0.00154512
77,50,0.0,0.0032873363
77,51,0.0,0.0035098912
77,52,-0.157301423277537,0.0024291384
77,53,0.0,0.0024126852
77,54,0.0,0.0034465594
77,55,0.0,0.002389586
77,56,0.0,0.0020431601
77,57,0.0,0.0016450356
77,58,0.0,0.0030622277
77,59,0.0,0.0027277488
77,60,0.0,0.002604737
77,61,0.0,0.0023625088
77,62,0.0,0.0015638894
77,63,0.0,0.0027212342
77,64,0.0,0.0021592258
77,65,0.0,0.0020353002
77,66,0.0,0.0033480232
77,67,0.148554110414769,0.0014933883
77,68,0.0,0.0017417809
77,69,0.0,0.0024126787
77,70,0.0,0.0025028172
77,71,0.0,0.0014821026
77,72,0.0,0.003559859
77,73,0.0,0.0015033935
77,74,0.0,0.0034005619
77,75,0.0,0.0034424416
77,76,0.0,0.0034566703
77,77,0.0,0.030703487
77,78,0.0,0.0035315813
77,79,0.0,0.0023707133
77,80,0.0,0.0022251005
77,81,0.0,0.0027198675
77,82,0.0,0.0021927492
77,83,0.0,0.0025416687
77,84,0.0,0.0027670576
77,85,0.0,0.0014921557
77,86,0.0,0.002495036
77,87,0.0,0.0030912966
77,88,0.0,0.0024823612
77,89,0.0,0.0027817865
77,90,0.0,0.0018957555
77,91,0.0,0.0020281426
77,92,0.0,0.0017424473
77,93,0.0,0.0025237552
77,94,0.0,0.0025151647
77,95,0.0,0.0023398297
77,96,0.0,0.00249876
77,97,0.0,0.0024121301
77,98,0.0,0.0034551034
77,99,0.0,0.0023255348
77,100,0.0,0.002550709
77,101,-0.150338449783499,0.0025507123
77,102,0.0,0.0021218974
77,103,0.0,0.0026373551
77,104,0.138045583789029,0.002942503
77,105,-0.151309106673533,0.0024839216
77,106,0.0,0.0026754136
77,107,0.0,0.002386204
77,108,0.0,0.0028228657
77,109,0.0,0.0027880413
77,110,0.0,0.0025500054
77,111,0.0,0.0030985428
77,112,-0.147206310528946,0.002532974
77,113,0.0,0.0022285115
77,114,0.0,0.0016971375
77,115,0.0,0.0024562879
77,116,0.0,0.0024240166
77,117,0.0,0.0024195882
77,118,-0.149034042486371,0.0031599198
77,119,0.0,0.0014878847
77,120,0.0,0.0016666176
77,121,0.139985713355429,0.0018122899
77,122,0.0,0.0014913338
77,123,0.0,0.002683776
77,124,0.0,0.0016870634
77,125,0.0,0.0027141417
77,126,0.0,0.0023141857
77,127,0.0,0.0027764253
77,128,0.0,0.0025801817
77,129,0.0,0.0014945674
77,130,0.0,0.001490688
77,131,0.0,0.002514563
77,132,0.0,0.0022348524
77,133,0.0,0.0026584654
77,134,0.0,0.00166371
77,135,0.0,0.0031761047
77,136,0.0,0.0031504463
77,137,0.148841454884532,0.0015957477
77,138,0.0,0.0033187293
77,139,0.0,0.0036302498
77,140,0.140865667839246,0.002716897
77,141,0.0,0.0025969567
77,142,0.0,0.0027695103
77,143,0.0,0.0015546978
77,144,0.0,0.0024743695
77,145,0.0,0.0027271407
77,146,0.0,0.0015547974
77,147,0.0,0.0015451405
77,148,0.0,0.0035845651
77,149,0.0,0.0021935701
77,150,0.0,0.0016540308
77,151,0.0,0.0019178842
77,152,0.0,0.0021803733
77,153,0.0,0.0016302951
77,154,0.0,0.002119474
77,155,0.0,0.0019421955
77,156,0.0,0.0024205316
77,157,0.0,0.0015836703
77,158,0.0,0.0026080315
77,159,0.0,0.0035901372
77,160,0.0,0.0025872584
77,161,0.0,0.003406839
77,162,0.0,0.002701472
77,163,0.0,0.0024368158
77,164,0.0,0.0025973408
77,165,0.0,0.002255146
77,166,-0.147875115740706,0.0016951403
77,167,0.0,0.0031327014
77,168,0.0,0.0017270148
77,169,0.0,0.002161276
77,170,0.0,0.0035666805
77,171,0.0,0.0023107599
77,172,0.0,0.0023938455
77,173,0.0,0.0027825586
77,174,0.0,0.0032958225
77,175,0.0,0.0017930977
77,176,0.145409806241617,0.0019065295
77,177,0.0,0.0015438646
77,178,0.0,0.0023332345
77,179,0.0,0.0031812382
77,180,0.0,0.0015362096
77,181,0.0,0.0025504814
77,182,-0.150139957131804,0.0020304425
77,183,0.0,0.0024767192
77,184,0.0,0.0014934498
77,185,0.0,0.002773894
77,186,0.0,0.0022352664
77,187,0.0,0.002135884
77,188,0.0,0.0025277259
77,189,-0.145348817510827,0.0033707637
77,190,0.0,0.0017701355
77,191,0.0,0.0027123312
77,192,0.0,0.0019442011
77,193,0.0,0.0018004486
77,194,0.0,0.0031042485
77,195,0.0,0.0017414019
77,196,0.0,0.0024063843
77,197,0.0,0.002549552
77,198,0.0,0.0025502392
77,199,0.15667242646026,0.001470508
77,200,0.137967473421541,0.002537808
77,201,0.0,0.0017951373
77,202,0.0,0.001727215
77,203,0.0,0.0029528043
77,204,0.0,0.0022211908
77,205,0.0,0.0024270923
77,206,0.0,0.0025095935
77,207,0.0,0.0019624205
77,208,0.0,0.0019612573
77,209,0.0,0.0025126706
77,210,0.0,0.0029545613
77,211,0.0,0.0026461114
77,212,0.0,0.001768514
77,213,0.0,0.0024522804
77,214,0.0,0.0014943327
77,215,0.0,0.0023080502
77,216,0.136093705461368,0.0031434107
77,217,0.0,0.0015910207
77,218,0.0,0.0030139317
77,219,0.0,0.0018363972
77,220,0.149696299833913,0.0024104672
77,221,0.0,0.0019270447
77,222,0.0,0.0015595444
77,223,0.0,0.0027786596
77,224,0.0,0.0025305646
77,225,0.0,0.0018074941
77,226,0.0,0.0025495896
77,227,0.0,0.0027819248
77,228,0.0,0.0015344401
77,229,0.0,0.002610431
77,230,0.0,0.0018029483
77,231,0.0,0.0014912263
77,232,0.0,0.0024852646
77,233,0.0,0.0027666911
77,234,0.137439863744008,0.0027718046
77,235,0.0,0.0029164082
77,236,0.0,0.003236489
77,237,0.0,0.0026623216
77,238,0.0,0.0025508697
77,239,0.0,0.002593751
77,240,0.0,0.0024100076
77,241,0.0,0.0024053012
77,242,0.0,0.002705207
77,243,0.0,0.0023501683
77,244,0.0,0.0027138148
77,245,0.0,0.0016099652
77,246,-0.144727509632152,0.0026755724
77,247,0.0,0.00165257
77,248,0.0,0.0027792477
77,249,0.0,0.0033307718
77,250,0.0,0.0026017996
77,251,0.0,0.0017796247
77,252,0.0,0.0015655151
77,253,0.0,0.0031783497
77,254,0.0,0.003556847
77,255,0.0,0.0033767507
77,256,0.0,0.002858243
77,257,0.0,0.003351722
77,258,0.0,0.0023399252
77,259,0.0,0.002542019
77,260,0.0,0.0027374919
77,261,0.143547953627809,0.0018101763
77,262,0.0,0.0025415793
77,263,0.134410190318872,0.0030529993
77,264,0.0,0.0020268038
77,265,0.0,0.0015100595
77,266,0.0,0.0023607137
77,267,0.0,0.001512425
77,268,0.0,0.0035371734
78,1,0.0,0.0025456524
78,2,0.0,0.0025644577
78,3,0.0,0.0023409268
78,4,0.0,0.0015690341
78,5,0.0,0.0026300917
78,6,0.0,0.00260517
78,7,-0.140391286321524,0.002770078
78,8,0.0,0.00270085
78,9,0.0,0.0021779025
78,10,0.0,0.0025679208
78,11,0.0,0.0028186394
78,12,0.0,0.0016412693
78,13,0.132833980323422,0.0033187233
78,14,0.0,0.0024291463
78,15,0.0,0.0024887053
78,16,0.0,0.0027682674
78,17,0.0,0.002073022
78,18,0.0,0.0033400836
78,19,0.0,0.0036314763
78,20,0.0,0.0023811213
78,21,0.0,0.0026690015
78,22,0.0,0.0036070552
78,23,0.0,0.003577774
78,24,0.0,0.0015542093
78,25,0.0,0.0017604507
78,26,0.0,0.0021097674
78,27,0.0,0.002016562
78,28,0.0,0.0015265346
78,29,0.0,0.0024546767
78,30,0.0,0.0031390847
78,31,0.0,0.002563776
78,32,0.0,0.0023492663
78,33,0.0,0.0026136567
78,34,0.0,0.0017414382
78,35,0.0,0.0016681086
78,36,0.0,0.0020713108
78,37,0.0,0.0022437847
78,38,0.0,0.0022832695
78,39,-0.144350864919847,0.0027647717
78,40,0.0,0.002359177
78,41,0.145795146470666,0.0023068832
78,42,0.0,0.002128067
78,43,0.0,0.002292859
78,44,0.0,0.0023362604
78,45,0.0,0.0024106218
78,46,0.0,0.0029213242
78,47,0.0,0.0020889277
78,48,0.0,0.002368447
78,49,0.0,0.0027380073
78,50,0.0,0.0027716886
78,51,-0.143979785864483,0.0023417142
78,52,0.0,0.0024053436
78,53,0.0,0.002418295
78,54,0.0,0.0023974455
78,55,0.0,0.0027984995
78,56,0.0,0.0026334976
78,57,0.0,0.0021264213
78,58,0.0,0.0033295848
78,59,0.0,0.0020631794
78,60,0.134813673699353,0.002954151
78,61,-0.129741351066834,0.0014577513
78,62,0.0,0.0026256111
78,63,0.0,0.002576604
78,64,0.0,0.0034284648
78,65,0.0,0.0027701412
78,66,0.0,0.0027675144
78,67,0.0,0.0015261611
78,68,0.0,0.0030540442
78,69,0.0,0.0022045025
78,70,0.0,0.0027380101
78,71,0.0,0.0023140926
78,72,0.0,0.0034979866
78,73,0.0,0.002649202
78,74,0.0,0.0023274785
78,75,0.0,0.002312004
78,76,0.0,0.002002587
78,77,0.0,0.0035315813
78,78,0.0,0.030703487
78,79,0.0,0.0033966433
78,80,0.0,0.0024270983
78,81,0.0,0.002435361
78,82,0.0,0.002650926
78,83,0.0,0.0028560013
78,84,0.0,0.0018546898
78,85,0.0,0.0014971639
78,86,0.0,0.0028883293
78,87,0.0,0.0025460832
78,88,0.0,0.0025361972
78,89,0.0,0.0033282656
78,90,0.0,0.002470056
78,91,0.0,0.002695335
78,92,-0.159487352111808,0.0025359984
78,93,0.0,0.0014983048
78,94,0.0,0.0021468443
78,95,0.0,0.0016035405
78,96,0.0,0.0018923702
78,97,0.0,0.0022256877
78,98,0.0,0.0020812382
78,99,0.0,0.0018952261
78,100,0.15502228945697,0.0020119264
78,101,0.0,0.0024113143
78,102,0.0,0.0023384378
78,103,0.0,0.003135216
78,104,0.0,0.0027640192
78,105,0.0,0.002605895
78,106,0.0,0.0029050852
78,107,0.0,0.002689586
78,108,0.0,0.0029801289
78,109,0.0,0.0017214073
78,110,0.0,0.0035802717
78,111,0.0,0.002755201
78,112,0.0,0.0033772746
78,113,0.150020595107637,0.0025578174
78,114,0.0,0.0026710331
78,115,0.0,0.0024231127
78,116,0.0,0.0017408673
78,117,0.0,0.002670133
78,118,0.0,0.0026406539
78,119,0.0,0.0014862753
78,120,0.0,0.0023837588
78,121,0.0,0.0017731562
78,122,0.0,0.0034465343
78,123,0.0,0.0024603675
78,124,0.0,0.0025859163
78,125,0.0,0.0023834137
78,126,0.0,0.0030002338
78,127,0.0,0.00301529
78,128,0.0,0.0025505647
78,129,0.0,0.0016806237
78,130,0.0,0.002565424
78,131,0.0,0.0027636643
78,132,0.166921720176536,0.0035453672
78,133,0.0,0.0023833863
78,134,-0.152778653423302,0.0026532817
78,135,0.0,0.0019612634
78,136,0.0,0.0026797708
78,137,0.0,0.002617042
78,138,0.0,0.0026517767
78,139,0.0,0.002814589
78,140,0.0,0.0026253504
78,141,0.0,0.0024624881
78,142,0.0,0.0019076332
78,143,0.0,0.0014817561
78,144,-0.171421640027763,0.0019118185
78,145,0.0,0.0025794506
78,146,0.0,0.0020474712
78,147,0.0,0.0021205395
78,148,0.0,0.0035146424
78,149,0.0,0.0020045126
78,150,0.0,0.0016941158
78,151,0.0,0.0024852566
78,152,0.166232396132361,0.002310241
78,153,0.0,0.0017102626
78,154,0.172881767607183,0.001954995
78,155,0.0,0.0023805373
78,156,0.0,0.0023412919
78,157,0.0,0.002530558
78,158,0.0,0.0022452404
78,159,0.0,0.001485114
78,160,0.0,0.0024420242
78,161,0.0,0.0014943602
78,162,0.0,0.0034077405
78,163,0.0,0.0021711593
78,164,0.0,0.0014857198
78,165,0.0,0.0016663922
78,166,0.0,0.0027486994
78,167,0.0,0.0019365377
78,168,0.0,0.0020176754
78,169,0.0,0.0023841076
78,170,0.0,0.0024755988
78,171,0.0,0.0025365353
78,172,0.0,0.001968293
78,173,0.0,0.0016826568
78,174,0.0,0.0027393587
78,175,0.0,0.0015995456
78,176,0.0,0.0024663932
78,177,0.0,0.0031052474
78,178,0.0,0.0028041173
78,179,0.163648797120098,0.0034002303
78,180,0.0,0.002833536
78,181,0.0,0.0026750793
78,182,0.0,0.00161068
78,183,0.0,0.0024916716
78,184,0.0,0.0017874925
78,185,0.0,0.0016732425
78,186,0.0,0.0021401602
78,187,0.0,0.002783876
78,188,0.0,0.0019182144
78,189,0.0,0.0029671383
78,190,0.0,0.00217075
78,191,0.0,0.0022722632
78,192,0.0,0.0025991611
78,193,0.0,0.0019057794
78,194,0.0,0.0027616387
78,195,0.0,0.002650559
78,196,0.0,0.0017560949
78,197,0.0,0.0024661813
78,198,0.0,0.0026607048
78,199,0.0,0.0017324304
78,200,0.0,0.0020441543
78,201,0.0,0.0021462906
78,202,0.0,0.0022607436
78,203,0.0,0.0023848955
78,204,0.0,0.0034739044
78,205,0.0,0.002743519
78,206,0.0,0.0033826395
78,207,0.0,0.0017564781
78,208,0.0,0.0018426636
78,209,0.0,0.0026857336
78,210,0.0,0.0019292138
78,211,0.0,0.0021061264
78,212,0.0,0.002448746
78,213,0.0,0.0034540417
78,214,-0.167495102994599,0.0026145307
78,215,0.0,0.002335433
78,216,0.0,0.002144931
78,217,0.0,0.0021272441
78,218,0.0,0.0023877858
78,219,0.0,0.0014936677
78,220,-0.167264931613693,0.003423526
78,221,0.0,0.0015395535
78,222,0.0,0.0026116814
78,223,-0.171065808864197,0.0016873833
78,224,0.0,0.0035132938
78,225,0.0,0.0027760053
78,226,0.0,0.0019559176
78,227,0.0,0.0024556164
78,228,0.0,0.0017618435
78,229,0.0,0.0026596566
78,230,0.0,0.0018483098
78,231,0.0,0.0035242233
78,232,0.0,0.002071295
78,233,0.0,0.0023328974
78,234,0.0,0.002569131
78,235,0.0,0.0019042837
78,236,-0.144929606640417,0.0016029906
78,237,0.0,0.0024213614
78,238,0.0,0.0023523234
78,239,0.0,0.0023334897
78,240,0.0,0.002355163
78,241,0.0,0.0018896447
78,242,0.0,0.0014935858
78,243,0.0,0.0023219497
78,244,0.0,0.0019932017
78,245,0.0,0.0017584143
78,246,0.0,0.002147486
78,247,0.0,0.0020467425
78,248,0.0,0.0035451609
78,249,0.0,0.0015451154
78,250,0.0,0.0031296364
78,251,0.0,0.0024475618
78,252,0.0,0.0014943713
78,253,0.0,0.0016154135
78,254,0.0,0.0034560054
78,255,0.0,0.0035224403
78,256,0.157386577002336,0.0024843197
78,257,0.0,0.0028182096
78,258,0.0,0.002312472
78,259,0.0,0.0016942425
78,260,0.0,0.0034618871
78,261,0.0,0.0020442912
78,262,0.0,0.0014882456
78,263,0.0,0.0014943462
78,264,0.0,0.0022175382
78,265,0.0,0.0024832566
78,266,0.0,0.0014954386
78,267,0.162738153261089,0.002395961
78,268,0.166031304437435,0.0016206484
79,1,0.0,0.0023352527
79,2,-0.174156945828255,0.0025994037
79,3,0.0,0.002433753
79,4,0.171963023520779,0.0029913075
79,5,0.0,0.002951324
79,6,0.0,0.002613877
79,7,0.0,0.0016534645
79,8,0.0,0.0024444042
79,9,0.0,0.0023367563
79,10,0.0,0.003561474
79,11,0.0,0.0027223448
79,12,0.0,0.0028615114
79,13,0.0,0.0020516017
79,14,0.0,0.001467464
79,15,0.0,0.002580922
79,16,0.0,0.0028307652
79,17,0.0,0.0031806985
79,18,0.0,0.0024226974
79,19,0.171561814874806,0.0027849288
79,20,0.0,0.0019623237
79,21,0.0,0.0024334136
79,22,0.0,0.003550733
79,23,0.0,0.0021120636
79,24,-0.156061565464206,0.0026913327
79,25,0.0,0.001966253
79,26,0.0,0.0023842445
79,27,0.0,0.001516487
79,28,0.0,0.0023096483
79,29,0.0,0.0015048366
79,30,0.0,0.00322602
79,31,0.0,0.0025064568
79,32,0.0,0.0016549891
79,33,0.0,0.0023787925
79,34,0.0,0.0024666698
79,35,0.0,0.0020702495
79,36,0.0,0.0026003225
79,37,0.0,0.0018695449
79,38,0.0,0.001830407
79,39,0.0,0.0028279368
79,40,0.0,0.0024716235
79,41,0.0,0.0034036543
79,42,0.159831211233365,0.0018396205
79,43,0.0,0.0025412054
79,44,0.0,0.0027712109
79,45,0.0,0.0035165986
79,46,0.0,0.0027784007
79,47,0.0,0.0016945028
79,48,0.0,0.0026092664
79,49,0.0,0.0029139053
79,50,0.0,0.002365171
79,51,0.0,0.0026454125
79,52,0.0,0.0023796572
79,53,0.0,0.0022689784
79,54,-0.159708565499494,0.002920202
79,55,0.0,0.0024545556
79,56,0.0,0.0014958167
79,57,0.0,0.0016977582
79,58,0.0,0.0024196175
79,59,0.0,0.0022831107
79,60,0.0,0.002328809
79,61,0.0,0.0024575875
79,62,0.0,0.0027692146
79,63,0.0,0.0025519868
79,64,0.0,0.002980899
79,65,0.205820315678453,0.0024047676
79,66,0.0,0.0014926847
79,67,0.0,0.0021784846
79,68,0.0,0.0025468585
79,69,-0.174272311971198,0.0031848564
79,70,0.0,0.0027438272
79,71,0.0,0.0020160442
79,72,0.0,0.0014965874
79,73,0.177460591578916,0.0028783218
79,74,0.0,0.0018379074
79,75,0.0,0.0024920222
79,76,-0.169162896733541,0.0022000778
79,77,0.0,0.0023707133
79,78,0.0,0.0033966433
79,79,0.371838554274291,0.030703487
79,80,0.0,0.002358857
79,81,0.0,0.0023483485
79,82,0.0,0.002310737
79,83,0.0,0.0020966837
79,84,0.0,0.0028930241
79,85,0.0,0.0018656496
79,86,0.0,0.0017375955
79,87,0.0,0.0036330074
79,88,0.0,0.0024196915
79,89,0.0,0.0019854535
79,90,0.0,0.0016671577
79,91,0.0,0.002420735
79,92,0.0,0.0025819088
79,93,0.0,0.0022728038
79,94,0.0,0.0025022542
79,95,0.0,0.002407414
79,96,0.0,0.003102974
79,97,0.0,0.002163556
79,98,0.0,0.00181475
79,99,0.0,0.0031830356
79,100,0.0,0.0018940866
79,101,-0.147238100515235,0.0020167981
79,102,0.0,0.0021463782
79,103,0.0,0.0018144082
79,104,0.0,0.0021922998
79,105,0.0,0.0016751033
79,106,0.0,0.0035582483
79,107,0.0,0.0015056711
79,108,0.0,0.0021713898
79,109,0.0,0.0016640271
79,110,0.0,0.0022933297
79,111,0.0,0.0024231207
79,112,0.0,0.0021169265
79,113,0.0,0.0024250457
79,114,0.0,0.003082301
79,115,0.0,0.0031854534
79,116,0.0,0.0024614497
79,117,0.0,0.0034440202
79,118,0.0,0.0025157277
79,119,0.0,0.0017864057
79,120,0.0,0.003080023
79,121,0.0,0.0022062059
79,122,0.0,0.0035543353
79,123,0.0,0.002676088
79,124,0.0,0.0021182112
79,125,0.0,0.0024211155
79,126,0.0,0.0019016848
79,127,0.0,0.0020997152
79,128,0.0,0.0016245712
79,129,0.0,0.00334595
79,130,0.0,0.0033953656
79,131,0.0,0.003513625
79,132,0.146308365416902,0.0024589757
79,133,0.0,0.0027656676
79,134,0.0,0.0018617944
79,135,0.0,0.0027456945
79,136,0.0,0.0014820909
79,137,0.0,0.0019116942
79,138,0.0,0.0024574678
79,139,0.0,0.002080936
79,140,0.0,0.0023413007
79,141,0.0,0.0014792476
79,142,0.0,0.0023670923
79,143,0.0,0.0021938505
79,144,0.0,0.0025238278
79,145,0.0,0.0016721268
79,146,0.0,0.0026022256
79,147,0.0,0.0035829302
79,148,0.0,0.0023977868
79,149,0.0,0.0023336215
79,150,0.0,0.0014913231
79,151,0.0,0.0024018805
79,152,0.0,0.002194479
79,153,-0.14147504316852,0.0023995414
79,154,0.0,0.0018800078
79,155,0.0,0.0023425445
79,156,0.0,0.0024633277
79,157,0.0,0.0025854548
79,158,0.0,0.0023600124
79,159,0.0,0.0018916461
79,160,0.0,0.002222796
79,161,0.0,0.0027772142
79,162,0.0,0.0017168047
79,163,0.0,0.002321573
79,164,0.0,0.0014957744
79,165,0.0,0.0018753256
79,166,0.0,0.001720578
79,167,0.0,0.002179292
79,168,0.0,0.00348404
79,169,0.0,0.0018796842
79,170,0.141353920182944,0.0035043699
79,171,0.0,0.0035331035
79,172,0.0,0.0025940314
79,173,0.0,0.0025457814
79,174,0.0,0.0022060438
79,175,0.0,0.0022776462
79,176,0.0,0.0035007615
79,177,0.0,0.0023364564
79,178,0.0,0.0026466134
79,179,0.0,0.002027521
79,180,0.0,0.0020835968
79,181,0.0,0.002487545
79,182,0.0,0.002080469
79,183,0.0,0.0034786267
79,184,0.0,0.0021234402
79,185,0.0,0.0026411721
79,186,0.0,0.002543773
79,187,-0.146699513746377,0.0024413457
79,188,0.0,0.0018121232
79,189,0.0,0.0022646412
79,190,0.0,0.0025977436
79,191,0.0,0.003061025
79,192,0.0,0.002186614
79,193,0.0,0.0017400151
79,194,-0.134490072790756,0.0020088693
79,195,0.0,0.001682133
79,196,0.0,0.00263522
79,197,0.0,0.0019704113
79,198,0.0,0.0014865757
79,199,0.0,0.0027736723
79,200,0.135122244167929,0.0017698361
79,201,0.0,0.0022859932
79,202,0.0,0.0025548167
79,203,0.0,0.0023267218
79,204,0.152128243814911,0.0022035935
79,205,0.0,0.0023635048
79,206,-0.149300814756486,0.0020185462
79,207,0.0,0.00205844
79,208,0.0,0.0026128478
79,209,0.0,0.0027425722
79,210,0.0,0.0015560975
79,211,0.0,0.002245712
79,212,0.0,0.0021115337
79,213,0.0,0.0021963296
79,214,0.0,0.0017202348
79,215,0.0,0.002146334
79,216,0.0,0.002518009
79,217,0.0,0.0025247824
79,218,0.0,0.0015008133
79,219,0.0,0.0017979224
79,220,0.146609193279866,0.002619035
79,221,0.0,0.0023527904
79,222,0.0,0.0015716259
79,223,0.0,0.0014797128
79,224,0.0,0.002030882
79,225,0.0,0.0017316211
79,226,0.0,0.0023578391
79,227,0.0,0.0023372234
79,228,0.0,0.0025586644
79,229,0.0,0.0016842093
79,230,0.0,0.0015515909
79,231,0.0,0.002645975
79,232,0.0,0.0027818964
79,233,0.0,0.0023105307
79,234,0.0,0.0024288902
79,235,-0.132011378135189,0.0015832363
79,236,0.0,0.0023119394
79,237,0.0,0.0018274225
79,238,0.0,0.002533156
79,239,0.0,0.002113821
79,240,0.0,0.0034807255
79,241,0.0,0.002346762
79,242,0.0,0.0028658197
79,243,0.0,0.0027720402
79,244,0.0,0.00268792
79,245,0.0,0.0017431634
79,246,0.141742871775157,0.0016719694
79,247,0.0,0.0035897205
79,248,0.0,0.0035453923
79,249,0.0,0.002127545
79,250,0.0,0.002081229
79,251,0.0,0.0025753165
79,252,0.0,0.0026831445
79,253,0.0,0.0024636807
79,254,0.0,0.0014961516
79,255,0.0,0.0022648093
79,256,0.0,0.0022061425
79,257,0.0,0.002434025
79,258,0.0,0.0028485893
79,259,0.0,0.0021724957
79,260,-0.132131370372276,0.0024055038
79,261,0.0,0.0029379535
79,262,0.0,0.0027154135
79,263,0.131638321007977,0.0022490001
79,264,0.0,0.0035034143
79,265,0.0,0.0028224518
79,266,0.0,0.0017712489
79,267,0.0,0.0015809061
79,268,0.0,0.0021763179
80,1,0.0,0.0020781006
80,2,0.0,0.0024490976
80,3,0.0,0.0027106865
80,4,0.0,0.0024076523
80,5,0.0,0.0027658395
80,6,0.0,0.0017098566
80,7,0.0,0.0014601774
80,8,0.0,0.0019534957
80,9,0.0,0.0026211701
80,10,0.0,0.002428135
80,11,0.0,0.0035315743
80,12,0.0,0.0031231153
80,13,0.0,0.0027899751
80,14,0.0,0.0020586657
80,15,0.0,0.0023066248
80,16,0.0,0.0019583032
80,17,-0.143197969702887,0.001479941
80,18,0.0,0.0025676046
80,19,0.0,0.0022641737
80,20,0.0,0.0018306999
80,21,0.0,0.002817758
80,22,0.0,0.0016867779
80,23,0.0,0.0034532137
80,24,0.0,0.0024226857
80,25,0.0,0.002297203
80,26,0.0,0.0024354053
80,27,0.0,0.0018846886
80,28,0.0,0.0017097164
80,29,0.0,0.0014769058
80,30,0.0,0.0014893329
80,31,0.0,0.0025893073
80,32,0.133244196323414,0.0027731648
80,33,0.0,0.0024604006
80,34,0.0,0.0020684013
80,35,0.0,0.002405501
80,36,0.0,0.0025701076
80,37,0.0,0.0014765239
80,38,-0.134025000403193,0.0024057082
80,39,0.0,0.0018178234
80,40,0.0,0.002647934
80,41,0.0,0.0016921218
80,42,0.0,0.0031509302
80,43,0.0,0.0026133494
80,44,0.0,0.003206221
80,45,0.0,0.0023723557
80,46,0.0,0.0029886225
80,47,0.0,0.0025014025
80,48,0.0,0.0034615183
80,49,0.127609831178505,0.003171097
80,50,0.0,0.003554142
80,51,0.0,0.0015707016
80,52,-0.141342159362536,0.0027572177
80,53,0.0,0.0024226909
80,54,0.0,0.0027371873
80,55,0.0,0.002419645
80,56,0.0,0.0033653732
80,57,0.139024731419742,0.0035840808
80,58,0.0,0.002263512
80,59,0.141284518285294,0.0016257609
80,60,0.0,0.0014890381
80,61,0.0,0.0016099918
80,62,0.0,0.0017009447
80,63,0.0,0.0022078939
80,64,0.0,0.0016084802
80,65,0.0,0.0026194388
80,66,0.0,0.0018503591
80,67,0.0,0.0035610776
80,68,0.0,0.0024793986
80,69,0.0,0.0025864877
80,70,0.0,0.001863922
80,71,0.0,0.002486745
80,72,0.0,0.00212627
80,73,0.14539018406973,0.0016946513
80,74,0.0,0.0018500537
80,75,0.0,0.0016093156
80,76,0.0,0.0027580285
80,77,0.0,0.0022251005
80,78,0.0,0.0024270983
80,79,0.0,0.002358857
80,80,0.0,0.030703487
80,81,0.0,0.0014947797
80,82,0.0,0.0026252675
80,83,0.0,0.0035070917
80,84,0.161509073333994,0.002268535
80,85,0.0,0.001572343
80,86,0.0,0.0014804145
80,87,0.0,0.0020349566
80,88,0.158419388079347,0.001887748
80,89,0.0,0.0020150896
80,90,0.0,0.0027058418
80,91,0.0,0.0027480307
80,92,0.0,0.0022826777
80,93,0.0,0.0025924155
80,94,0.0,0.0023155552
80,95,0.0,0.0016128151
80,96,0.0,0.0016985089
80,97,0.0,0.002764651
80,98,0.0,0.0024563032
80,99,0.0,0.002126764
80,100,0.0,0.0017807228
80,101,0.0,0.0015448141
80,102,0.0,0.0024778442
80,103,0.0,0.0021143216
80,104,0.0,0.0026745298
80,105,0.0,0.0016468135
80,106,-0.157686497610723,0.0017196331
80,107,0.0,0.00148828
80,108,0.0,0.0021399143
80,109,0.0,0.001934242
80,110,0.0,0.0024762368
80,111,0.0,0.0017207079
80,112,0.0,0.0014929846
80,113,0.0,0.0026351833
80,114,0.0,0.0022796015
80,115,0.0,0.0023704148
80,116,0.0,0.0019387156
80,117,0.0,0.0014930549
80,118,0.0,0.0025057252
80,119,0.0,0.0014951024
80,120,0.0,0.0014757272
80,121,0.0,0.0023532752
80,122,0.157397137187857,0.0026367763
80,123,0.0,0.0026029218
80,124,-0.155328339039982,0.0020364802
80,125,0.0,0.0025476892
80,126,0.0,0.0024159532
80,127,0.0,0.0014905762
80,128,0.0,0.0014843605
80,129,0.0,0.0022106091
80,130,0.0,0.0018974813
80,131,0.0,0.0023962324
80,132,0.0,0.00202223
80,133,-0.16084442666165,0.0017955545
80,134,0.0,0.0023060786
80,135,0.0,0.0023405529
80,136,0.158629748333341,0.0015685223
80,137,0.0,0.0023517981
80,138,0.0,0.0023148418
80,139,0.0,0.0027498025
80,140,0.0,0.0014836253
80,141,0.0,0.0016194242
80,142,0.0,0.002114885
80,143,0.0,0.002774254
80,144,0.166970061680353,0.0016331878
80,145,0.0,0.002518931
80,146,0.0,0.0014835456
80,147,0.0,0.0032577496
80,148,0.0,0.003442946
80,149,0.0,0.0022616545
80,150,0.0,0.0025853734
80,151,-0.150438726158499,0.00355061
80,152,0.0,0.0020417138
80,153,0.0,0.0024906006
80,154,0.0,0.0018647155
80,155,0.0,0.0020324206
80,156,0.0,0.0019681342
80,157,0.0,0.0031137397
80,158,0.0,0.002552493
80,159,0.0,0.0027506524
80,160,0.0,0.0019327002
80,161,0.146237508806469,0.0025575748
80,162,0.149959387621078,0.0020609656
80,163,0.0,0.0027611824
80,164,0.0,0.0023117405
80,165,0.0,0.0021079732
80,166,0.0,0.0020908392
80,167,0.0,0.0034671077
80,168,0.0,0.0024903095
80,169,0.0,0.0014626961
80,170,0.0,0.0023361072
80,171,0.0,0.0028234026
80,172,0.0,0.0036268556
80,173,0.0,0.0027022394
80,174,0.0,0.002561496
80,175,0.0,0.0020293235
80,176,0.0,0.0036870018
80,177,0.0,0.0014847415
80,178,0.0,0.0031854743
80,179,0.0,0.0025640926
80,180,0.0,0.0016728486
80,181,0.0,0.00362289
80,182,0.0,0.0014757947
80,183,0.156365019446139,0.0027813883
80,184,0.0,0.0020616152
80,185,-0.157019279802288,0.0025981148
80,186,0.0,0.0018828339
80,187,0.0,0.0020488845
80,188,0.0,0.0025755502
80,189,0.0,0.001487819
80,190,0.0,0.003228662
80,191,0.0,0.0025628563
80,192,0.0,0.0014889687
80,193,0.0,0.0014669201
80,194,0.0,0.002284111
80,195,0.155386545893576,0.003158662
80,196,0.0,0.001726646
80,197,-0.148430282325315,0.002993228
80,198,0.0,0.001652041
80,199,0.0,0.002350334
80,200,0.0,0.0026236298
80,201,0.0,0.0022233818
80,202,0.0,0.0024535991
80,203,0.0,0.0017108535
80,204,0.0,0.0016402658
80,205,0.0,0.0014859834
80,206,0.0,0.0019180877
80,207,0.0,0.0022683274
80,208,0.0,0.003456322
80,209,0.0,0.0034018434
80,210,0.0,0.0023418912
80,211,0.0,0.002602199
80,212,0.0,0.0020618602
80,213,0.0,0.0017145658
80,214,0.0,0.0014626868
80,215,0.0,0.0018410813
80,216,0.0,0.0032950472
80,217,0.0,0.001886751
80,218,0.0,0.0014711195
80,219,0.0,0.002188107
80,220,0.0,0.0036310176
80,221,0.0,0.0035975976
80,222,0.0,0.0018668715
80,223,0.0,0.002143871
80,224,0.0,0.002664981
80,225,0.0,0.0022388794
80,226,0.0,0.0014933855
80,227,0.15555564078148,0.001713723
80,228,0.149149002313451,0.0034881798
80,229,0.0,0.0018243222
80,230,0.0,0.0015182397
80,231,0.0,0.002196298
80,232,0.0,0.003495411
80,233,0.0,0.002577772
80,234,0.0,0.002094286
80,235,0.0,0.0024279132
80,236,0.0,0.0038878098
80,237,0.0,0.0035329806
80,238,0.0,0.0026195743
80,239,0.0,0.0034911279
80,240,0.0,0.0017917682
80,241,0.0,0.0034095212
80,242,0.0,0.0026596794
80,243,0.0,0.0021594441
80,244,0.0,0.0025473447
80,245,0.0,0.0021768021
80,246,0.0,0.0016936949
80,247,0.0,0.0014795922
80,248,0.0,0.00233177
80,249,0.0,0.0019127708
80,250,0.0,0.0024297778
80,251,0.0,0.0018548011
80,252,0.0,0.0022842688
80,253,0.0,0.0024062796
80,254,0.0,0.0016235653
80,255,0.0,0.0024734722
80,256,0.0,0.0027713631
80,257,0.0,0.0021994603
80,258,0.0,0.0027723731
80,259,0.0,0.002183041
80,260,0.0,0.0023888936
80,261,0.0,0.0016071028
80,262,0.152595616496471,0.0020034136
80,263,0.0,0.002376142
80,264,0.0,0.0025046505
80,265,0.160245492443122,0.0015812945
80,266,0.0,0.0021133511
80,267,0.0,0.002327385
80,268,0.0,0.0021244846
81,1,0.0,0.0025927695
81,2,0.0,0.0018347166
81,3,0.0,0.002739862
81,4,0.0,0.0015026317
81,5,0.0,0.0027194517
81,6,0.0,0.0031202617
81,7,0.15294916655709,0.0023755278
81,8,0.0,0.0025538187
81,9,0.0,0.0023447396
81,10,0.0,0.0024678954
81,11,0.0,0.002265058
81,12,0.0,0.0027711848
81,13,0.0,0.0020630416
81,14,0.0,0.002423489
81,15,0.0,0.0026136031
81,16,0.0,0.0018353034
81,17,0.0,0.0027782652
81,18,0.0,0.00155285
81,19,0.0,0.0024969112
81,20,0.0,0.0024452307
81,21,0.0,0.0026109777
81,22,0.0,0.0023370837
81,23,0.0,0.0024270099
81,24,0.0,0.0026083938
81,25,0.0,0.002595861
81,26,0.158011222367026,0.0023158318
81,27,0.0,0.0017204438
81,28,0.0,0.0032413248
81,29,0.0,0.001468373
81,30,0.0,0.0022183843
81,31,0.0,0.0027808058
81,32,0.0,0.0027714702
81,33,0.0,0.0036015497
81,34,0.0,0.002227806
81,35,0.0,0.0025609108
81,36,0.0,0.0024109753
81,37,0.0,0.0025794604
81,38,0.0,0.0025505712
81,39,0.0,0.0022004424
81,40,0.0,0.0023150984
81,41,0.0,0.00249195
81,42,0.0,0.0035449932
81,43,0.0,0.0035869167
81,44,0.0,0.0018900712
81,45,0.0,0.0035408437
81,46,0.0,0.0027995147
81,47,0.0,0.0027435352
81,48,0.0,0.003600087
81,49,0.0,0.0031093024
81,50,0.0,0.0028324788
81,51,0.0,0.0024417872
81,52,0.0,0.0024956674
81,53,0.0,0.0027757874
81,54,0.0,0.0015485743
81,55,0.0,0.002502996
81,56,0.0,0.00245244
81,57,0.0,0.003165755
81,58,0.0,0.002408072
81,59,0.0,0.0025648782
81,60,0.0,0.0021737437
81,61,0.141346603721664,0.0025488096
81,62,0.0,0.002625409
81,63,0.0,0.0025684275
81,64,0.0,0.0020350204
81,65,0.0,0.0023630308
81,66,0.0,0.0024972148
81,67,0.0,0.0018465542
81,68,0.0,0.0026730685
81,69,0.0,0.0022946098
81,70,0.0,0.0024543381
81,71,0.0,0.0016176617
81,72,0.0,0.0027011107
81,73,0.0,0.0018355134
81,74,0.0,0.0032501393
81,75,0.0,0.002309261
81,76,0.0,0.002033933
81,77,0.0,0.0027198675
81,78,0.0,0.002435361
81,79,0.0,0.0023483485
81,80,0.0,0.0014947797
81,81,0.0,0.030703487
81,82,0.0,0.0029269638
81,83,0.0,0.0015522065
81,84,0.0,0.0027916427
81,85,0.0,0.002374012
81,86,0.0,0.002882922
81,87,-0.159888244660271,0.0031980919
81,88,0.0,0.0024811737
81,89,0.0,0.0018600216
81,90,0.0,0.0033661341
81,91,0.0,0.0023153857
81,92,0.0,0.0023466735
81,93,0.0,0.0022587935
81,94,0.0,0.0035846843
81,95,0.0,0.0018494315
81,96,0.159526560575742,0.0022464478
81,97,0.0,0.0031490843
81,98,0.148529745720284,0.002307719
81,99,0.0,0.0023469473
81,100,0.0,0.002023994
81,101,0.0,0.0028753635
81,102,-0.141929155227258,0.002254583
81,103,0.0,0.0026757312
81,104,0.143145420579508,0.0023916275
81,105,0.0,0.0036090664
81,106,0.0,0.0030721598
81,107,0.0,0.0020113648
81,108,0.0,0.003172217
81,109,0.0,0.0024272674
81,110,0.0,0.0032715723
81,111,0.0,0.002232946
81,112,0.0,0.003624963
81,113,0.0,0.0025061402
81,114,0.0,0.0024233172
81,115,0.0,0.0026428704
81,116,0.0,0.003120019
81,117,0.0,0.002438929
81,118,0.0,0.0026224148
81,119,0.0,0.0027412325
81,120,0.0,0.0023056278
81,121,0.0,0.0026052804
81,122,0.0,0.0025789333
81,123,0.0,0.002530544
81,124,0.0,0.002629044
81,125,0.0,0.0023080208
81,126,-0.145417329851007,0.002726138
81,127,0.0,0.0030072331
81,128,0.0,0.001677366
81,129,0.0,0.0023541106
81,130,0.0,0.0027690032
81,131,0.0,0.0019422146
81,132,0.154908040767478,0.0027594534
81,133,0.0,0.0022000019
81,134,0.0,0.0025799135
81,135,0.0,0.0017397241
81,136,0.0,0.0031443476
81,137,0.0,0.0015818449
81,138,0.0,0.0032440904
81,139,0.0,0.0022302074
81,140,0.0,0.0015951986
81,141,0.0,0.0023283446
81,142,0.0,0.0027891924
81,143,0.0,0.002399893
81,144,0.0,0.0015376601
81,145,0.0,0.0027561425
81,146,0.0,0.002765921
81,147,0.0,0.0023447718
81,148,0.0,0.0023983754
81,149,0.0,0.0034855995
81,150,0.0,0.0033735288
81,151,0.0,0.0028526885
81,152,0.0,0.0020393059
81,153,0.0,0.0024566995
81,154,0.0,0.0015978739
81,155,0.0,0.0024015983
81,156,0.0,0.0026189955
81,157,0.0,0.0025014384
81,158,0.0,0.0021944526
81,159,0.0,0.0022462471
81,160,0.0,0.0021710931
81,161,0.0,0.0019030296
81,162,0.0,0.0024565277
81,163,0.0,0.0027010068
81,164,0.0,0.0023888042
81,165,0.0,0.0021362696
81,166,0.0,0.001581403
81,167,0.150376908486593,0.0021326933
81,168,0.0,0.0032901093
81,169,0.0,0.0023580333
81,170,0.0,0.0025058328
81,171,0.0,0.0023915437
81,172,0.0,0.0032913596
81,173,0.142783801823197,0.0020118784
81,174,0.0,0.0027773534
81,175,0.0,0.002347968
81,176,0.0,0.0017398181
81,177,0.0,0.0031354586
81,178,0.0,0.0036231023
81,179,0.0,0.0025292095
81,180,0.0,0.0035603545
81,181,0.0,0.0032818075
81,182,0.0,0.002806393
81,183,0.0,0.0023188572
81,184,0.0,0.0020532054
81,185,0.0,0.0025828178
81,186,0.0,0.0019175368
81,187,0.0,0.0026201056
81,188,0.0,0.0014922107
81,189,0.0,0.002677327
81,190,0.0,0.0026409337
81,191,0.0,0.002782235
81,192,-0.155797305910127,0.0030422108
81,193,0.0,0.0017261337
81,194,0.0,0.0031669592
81,195,0.0,0.0015613576
81,196,0.0,0.0025260723
81,197,0.0,0.0035040881
81,198,0.0,0.0024135527
81,199,0.0,0.0022807815
81,200,0.0,0.0032041469
81,201,0.0,0.00243513
81,202,0.0,0.002552817
81,203,0.0,0.0024147006
81,204,0.0,0.0027102772
81,205,0.0,0.0024126032
81,206,0.0,0.0025592325
81,207,0.0,0.0020070998
81,208,0.0,0.0018256269
81,209,0.0,0.0035283458
81,210,0.0,0.002528632
81,211,0.143937196553474,0.002346626
81,212,0.0,0.0027249553
81,213,-0.15470138675078,0.0025495198
81,214,0.0,0.0024864897
81,215,0.0,0.0021489155
81,216,0.0,0.0033560945
81,217,0.0,0.002205215
81,218,0.0,0.0034354264
81,219,0.0,0.0017990931
81,220,0.0,0.0019036271
81,221,-0.177839229961546,0.0027988
81,222,0.0,0.002379735
81,223,-0.158753871368154,0.0025293892
81,224,0.0,0.0028529214
81,225,0.0,0.0036250092
81,226,0.0,0.0019983207
81,227,0.0,0.0026062303
81,228,0.0,0.0036029331
81,229,0.16306146005957,0.0024487735
81,230,-0.150030734162602,0.0019930028
81,231,0.0,0.0032407725
81,232,0.0,0.0015877904
81,233,0.0,0.0023617493
81,234,0.0,0.003326686
81,235,0.0,0.0028200676
81,236,0.0,0.0016501467
81,237,0.0,0.0023366185
81,238,0.0,0.0024148487
81,239,0.0,0.0029768762
81,240,0.0,0.0020830762
81,241,0.0,0.003495126
81,242,0.0,0.0025943788
81,243,0.145277812516323,0.0035741632
81,244,0.0,0.0018805647
81,245,0.145962845545021,0.0026540202
81,246,0.0,0.0018814532
81,247,0.0,0.0025261692
81,248,0.0,0.0026071286
81,249,0.0,0.0016854699
81,250,0.0,0.0030193683
81,251,0.0,0.0021107849
81,252,0.0,0.0026136367
81,253,0.0,0.0024282145
81,254,0.0,0.0019048275
81,255,0.0,0.0024995725
81,256,0.0,0.0024430095
81,257,0.133920596640492,0.0025577843
81,258,0.0,0.0020550746
81,259,0.0,0.002627431
81,260,0.0,0.003585101
81,261,0.0,0.0024049096
81,262,0.0,0.002547253
81,263,0.0,0.0027805995
81,264,0.0,0.003509548
81,265,0.0,0.002718418
81,266,0.0,0.0016868194
81,267,0.0,0.0023277118
81,268,0.0,0.0022448385
82,1,0.0,0.0024009524
82,2,0.155200640925029,0.0026517422
82,3,0.0,0.0025956337
82,4,0.0,0.0026843674
82,5,0.0,0.0026137829
82,6,0.0,0.0026596412
82,7,0.0,0.0034323912
82,8,0.0,0.0026052413
82,9,0.0,0.002202792
82,10,0.0,0.0016103555
82,11,0.0,0.0035677222
82,12,0.0,0.0025116773
82,13,0.0,0.0030313525
82,14,0.0,0.003541451
82,15,0.0,0.0014916505
82,16,0.0,0.0018904353
82,17,0.0,0.0025514555
82,18,0.0,0.0018572002
82,19,0.0,0.002772356
82,20,0.0,0.0014801063
82,21,0.0,0.0016031736
82,22,0.0,0.0015933011
82,23,0.0,0.0026870314
82,24,0.0,0.0025443071
82,25,-0.15783145492228,0.0025380026
82,26,0.0,0.0023370115
82,27,0.0,0.001847256
82,28,0.15059514756623,0.0017281044
82,29,0.0,0.003197623
82,30,0.0,0.0031154328
82,31,0.0,0.0025501084
82,32,0.0,0.0027445233
82,33,-0.138574421613291,0.0017349697
82,34,0.0,0.0023782132
82,35,0.0,0.0035060993
82,36,0.0,0.0019840202
82,37,0.0,0.0023198747
82,38,0.0,0.0032127765
82,39,0.0,0.001488654
82,40,0.0,0.0032279366
82,41,0.0,0.0016521225
82,42,0.0,0.0019625295
82,43,0.0,0.0024012486
82,44,0.0,0.0026917257
82,45,0.0,0.0024346798
82,46,0.0,0.0026428984
82,47,0.0,0.0021043136
82,48,0.0,0.0018606125
82,49,0.0,0.00226646
82,50,0.0,0.0024062647
82,51,0.0,0.0022110017
82,52,0.0,0.0015209168
82,53,0.0,0.002957398
82,54,0.0,0.0020821365
82,55,0.0,0.0035454505
82,56,0.0,0.00258489
82,57,0.151220828731778,0.0034886575
82,58,0.0,0.0023386488
82,59,0.0,0.0014931434
82,60,0.0,0.0026032822
82,61,0.0,0.0014871089
82,62,0.0,0.0034423498
82,63,0.0,0.0025403085
82,64,0.0,0.0027721585
82,65,0.0,0.0021491437
82,66,0.0,0.0019333032
82,67,0.0,0.0014934209
82,68,0.149207652481268,0.0019444702
82,69,0.0,0.0025095958
82,70,0.0,0.0029092263
82,71,0.0,0.0015416956
82,72,0.0,0.0024821372
82,73,0.0,0.002712477
82,74,0.0,0.001598509
82,75,0.0,0.0027133673
82,76,0.0,0.002342055
82,77,0.152228390725522,0.0021927492
82,78,0.0,0.002650926
82,79,0.0,0.002310737
82,80,0.0,0.0026252675
82,81,0.0,0.0029269638
82,82,0.0,0.030703487
82,83,0.0,0.0023506284
82,84,0.0,0.002217838
82,85,0.0,0.003513347
82,86,0.0,0.003481302
82,87,0.0,0.0026144036
82,88,0.0,0.0033836244
82,89,0.0,0.002454998
82,90,0.0,0.0021845438
82,91,0.0,0.001493514
82,92,0.0,0.0026258337
82,93,0.0,0.0034257742
82,94,0.0,0.0022022724
82,95,0.0,0.0023875902
82,96,0.0,0.0035992498
82,97,0.154553227384451,0.0021489388
82,98,0.0,0.002780809
82,99,0.0,0.001686208
82,100,0.0,0.0023907633
82,101,-0.158938395591193,0.0016682218
82,102,0.0,0.0016751778
82,103,0.0,0.0026846128
82,104,0.0,0.0023116572
82,105,0.0,0.003001371
82,106,0.0,0.0014792713
82,107,0.0,0.001753463
82,108,0.0,0.0017059199
82,109,0.152942589659111,0.0027069696
82,110,0.0,0.0023560147
82,111,0.0,0.0025454764
82,112,0.0,0.0023805238
82,113,0.0,0.002664995
82,114,0.0,0.0026050792
82,115,0.0,0.0020401287
82,116,0.0,0.0014791144
82,117,0.0,0.0016161553
82,118,0.0,0.0023798393
82,119,0.17002640561479,0.0025865962
82,120,0.14798077812794,0.002966185
82,121,0.0,0.0031075124
82,122,0.0,0.0015508784
82,123,0.145172458598835,0.0023102053
82,124,0.0,0.0019741543
82,125,-0.149960621785508,0.0036134687
82,126,0.0,0.0014619632
82,127,0.0,0.0020346842
82,128,0.0,0.0023120162
82,129,0.0,0.0025836453
82,130,0.0,0.0029786741
82,131,0.0,0.00238455
82,132,0.0,0.00289013
82,133,0.0,0.003410562
82,134,0.0,0.0021551587
82,135,0.175428774908709,0.0020142663
82,136,0.154090760559392,0.0026412932
82,137,0.0,0.0026025707
82,138,0.0,0.0022761668
82,139,0.0,0.0024983576
82,140,0.0,0.0018964834
82,141,0.0,0.0014916062
82,142,0.0,0.0016512889
82,143,0.0,0.0016951445
82,144,0.0,0.0018887292
82,145,0.0,0.0025475412
82,146,0.0,0.0019113347
82,147,0.0,0.0024224697
82,148,0.0,0.0033587217
82,149,0.0,0.002555518
82,150,0.0,0.003456166
82,151,0.0,0.0017393758
82,152,0.0,0.001909994
82,153,0.0,0.0031249868
82,154,0.0,0.002208128
82,155,0.0,0.0018553855
82,156,-0.148943025706064,0.0025070417
82,157,0.0,0.0028290781
82,158,-0.149892223592541,0.0016011242
82,159,0.0,0.003495311
82,160,0.0,0.0019960222
82,161,0.0,0.0023220135
82,162,0.0,0.001986552
82,163,0.0,0.0028360868
82,164,0.0,0.003204693
82,165,0.0,0.003247445
82,166,0.0,0.0021518832
82,167,0.0,0.002406476
82,168,0.0,0.002274843
82,169,0.0,0.0023428123
82,170,0.0,0.0026572165
82,171,0.0,0.0025399192
82,172,0.0,0.0023904555
82,173,0.0,0.0016921111
82,174,0.0,0.0015374417
82,175,0.0,0.002467359
82,176,0.0,0.001984573
82,177,0.0,0.002157799
82,178,0.0,0.0019175038
82,179,0.0,0.0024010506
82,180,0.0,0.002053237
82,181,0.0,0.001974875
82,182,0.0,0.0016783606
82,183,0.0,0.0028205756
82,184,0.0,0.0025872728
82,185,0.0,0.0023763012
82,186,0.0,0.0023958636
82,187,0.0,0.0021573412
82,188,0.0,0.0017441865
82,189,0.0,0.0017733863
82,190,0.0,0.0024329335
82,191,0.0,0.0020077173
82,192,0.0,0.0029485063
82,193,0.0,0.002372567
82,194,0.0,0.0034805634
82,195,0.0,0.0025978698
82,196,0.0,0.0015715174
82,197,0.0,0.0024527973
82,198,0.0,0.0036022607
82,199,0.0,0.0021841628
82,200,0.0,0.0024120072
82,201,0.0,0.0024341764
82,202,0.0,0.002095839
82,203,0.0,0.0030883574
82,204,0.164217134773116,0.0023160903
82,205,0.0,0.0026638312
82,206,0.161165023691666,0.0017991974
82,207,0.0,0.003258491
82,208,0.0,0.002337736
82,209,0.0,0.0030686138
82,210,0.0,0.0024043405
82,211,0.0,0.0024164314
82,212,0.0,0.0025357162
82,213,0.0,0.0023690443
82,214,0.158477291284453,0.0026140646
82,215,0.0,0.0016370025
82,216,0.0,0.002350565
82,217,0.0,0.0025515296
82,218,0.0,0.0016436605
82,219,0.0,0.001717417
82,220,0.0,0.0022612754
82,221,0.181314019189276,0.0014784043
82,222,0.0,0.0014992328
82,223,0.0,0.0027953587
82,224,0.0,0.001692507
82,225,0.0,0.0025510993
82,226,0.144024170258438,0.0029091174
82,227,0.0,0.0030941488
82,228,0.0,0.0027218251
82,229,0.0,0.0018845843
82,230,0.0,0.0021351418
82,231,0.150552985043336,0.0018629436
82,232,0.0,0.0026932927
82,233,0.0,0.0019705645
82,234,0.145301960112019,0.002413401
82,235,0.0,0.0035572378
82,236,0.0,0.0024492769
82,237,0.0,0.0018171645
82,238,0.0,0.0023463243
82,239,0.0,0.0027147862
82,240,0.0,0.002500135
82,241,0.0,0.0031023952
82,242,0.0,0.0025963993
82,243,0.0,0.0024824222
82,244,0.0,0.0024562841
82,245,0.0,0.0021258127
82,246,0.0,0.0016765362
82,247,-0.151513644099744,0.0024405047
82,248,0.0,0.0023000077
82,249,0.0,0.0014897599
82,250,0.0,0.0031490442
82,251,0.0,0.002763908
82,252,0.0,0.0025423774
82,253,0.0,0.0025849002
82,254,0.0,0.0026763342
82,255,0.145914224575968,0.0023946129
82,256,0.0,0.0030577532
82,257,0.0,0.003266987
82,258,0.0,0.0035952157
82,259,0.0,0.0021367772
82,260,0.0,0.0028079012
82,261,0.0,0.0014868183
82,262,0.0,0.0027833823
82,263,0.0,0.0014904002
82,264,0.0,0.0017669569
82,265,0.0,0.0025633718
82,266,0.0,0.0026397198
82,267,0.0,0.0025798995
82,268,0.0,0.0029248064
83,1,0.0,0.0025506201
83,2,0.0,0.0035921717
83,3,0.0,0.0022686794
83,4,0.169825840051177,0.0027423478
83,5,0.0,0.0024510347
83,6,0.0,0.0023107082
83,7,0.0,0.002198237
83,8,0.0,0.0027547204
83,9,0.0,0.0024288655
83,10,0.0,0.0034782593
83,11,0.0,0.0033792187
83,12,0.0,0.0031774538
83,13,0.0,0.0025953483
83,14,0.0,0.002518367
83,15,0.0,0.0023652297
83,16,0.0,0.0026906235
83,17,0.0,0.0029421235
83,18,0.0,0.0023023207
83,19,0.0,0.003594026
83,20,0.0,0.0027966574
83,21,0.0,0.0024386346
83,22,0.0,0.0027898261
83,23,0.0,0.001905215
83,24,0.0,0.0024642246
83,25,0.0,0.0015416513
83,26,0.0,0.0021573077
83,27,0.0,0.002858926
83,28,0.0,0.0026922142
83,29,0.0,0.0024732845
83,30,0.0,0.0031413645
83,31,0.0,0.0030072373
83,32,0.0,0.0020276946
83,33,0.0,0.0030535525
83,34,0.0,0.00241614
83,35,0.0,0.0024639438
83,36,-0.178781209006619,0.0025336281
83,37,0.0,0.0025964002
83,38,0.0,0.0026919134
83,39,0.0,0.0024457113
83,40,0.0,0.0026665996
83,41,0.0,0.0027656793
83,42,0.0,0.0023908773
83,43,0.0,0.0034128763
83,44,0.15232561396177,0.0027542808
83,45,0.0,0.0026140115
83,46,0.0,0.0028369422
83,47,0.0,0.0027506999
83,48,0.0,0.0026445421
83,49,-0.153822431396339,0.0036324756
83,50,0.0,0.0016555279
83,51,0.0,0.003151279
83,52,0.0,0.003439718
83,53,0.0,0.0023769205
83,54,0.0,0.0019026124
83,55,0.0,0.0034241066
83,56,0.0,0.001986255
83,57,0.0,0.002400694
83,58,0.0,0.0014772322
83,59,-0.170306064357251,0.0025301673
83,60,0.0,0.0027786908
83,61,0.0,0.002907535
83,62,0.0,0.0027897297
83,63,0.0,0.00261564
83,64,0.0,0.0024784799
83,65,0.0,0.0021079653
83,66,0.0,0.003467449
83,67,0.0,0.002674384
83,68,0.0,0.0023385677
83,69,0.0,0.003426334
83,70,0.0,0.0028184191
83,71,0.0,0.0018406515
83,72,0.0,0.0016647656
83,73,0.175255083469888,0.0025025466
83,74,0.0,0.0026443563
83,75,0.0,0.0032553566
83,76,0.0,0.0026138448
83,77,0.0,0.0025416687
83,78,-0.155280639902053,0.0028560013
83,79,0.0,0.0020966837
83,80,0.0,0.0035070917
83,81,0.0,0.0015522065
83,82,0.0,0.0023506284
83,83,0.0,0.030703487
83,84,0.169890732662123,0.0024956018
83,85,0.0,0.0026573576
83,86,0.172628485539356,0.0017021587
83,87,0.0,0.002592261
83,88,0.0,0.0024024532
83,89,0.0,0.0035741357
83,90,0.151871074171565,0.0016658618
83,91,0.0,0.003482704
83,92,-0.163407495398827,0.003448097
83,93,0.0,0.0022937264
83,94,0.0,0.0027033342
83,95,0.0,0.0026533734
83,96,0.0,0.002501201
83,97,0.0,0.0014775144
83,98,0.0,0.0026313956
83,99,0.0,0.0027135154
83,100,0.0,0.0035715215
83,101,0.0,0.001501285
83,102,0.0,0.002470585
83,103,0.0,0.0023475164
83,104,0.0,0.0032582865
83,105,0.0,0.0018508355
83,106,0.165869780916954,0.002613484
83,107,0.0,0.0022544907
83,108,0.0,0.0022150986
83,109,0.0,0.0023171445
83,110,0.0,0.0036334
83,111,0.0,0.002794052
83,112,0.0,0.0021193656
83,113,0.153708048821293,0.0032409728
83,114,0.0,0.0025221584
83,115,0.0,0.003590676
83,116,0.0,0.002607624
83,117,0.0,0.0023413356
83,118,0.0,0.002595515
83,119,0.0,0.003269001
83,120,0.0,0.0023079715
83,121,0.0,0.0035122707
83,122,0.0,0.0027855225
83,123,0.0,0.0025905878
83,124,0.163389243575946,0.0024401774
83,125,0.0,0.002698558
83,126,0.0,0.0018809414
83,127,0.0,0.0027863542
83,128,0.0,0.00276457
83,129,0.0,0.0025343457
83,130,0.0,0.0026464066
83,131,0.0,0.0033481815
83,132,0.0,0.0030675586
83,133,0.0,0.0025628884
83,134,0.156533899244909,0.0023561185
83,135,0.0,0.002949723
83,136,0.0,0.002672825
83,137,0.0,0.0031196205
83,138,0.0,0.0023270608
83,139,0.0,0.0023851944
83,140,0.161266706271918,0.002460618
83,141,0.160314248625635,0.0033089449
83,142,0.0,0.0024486887
83,143,0.0,0.0018764772
83,144,0.0,0.0015298994
83,145,0.0,0.002157953
83,146,0.0,0.0034572566
83,147,0.0,0.0024257088
83,148,0.154705069869626,0.002310744
83,149,0.0,0.0015843012
83,150,0.0,0.002398755
83,151,0.0,0.0029033958
83,152,0.0,0.0027192556
83,153,0.0,0.0024939957
83,154,0.0,0.0027329423
83,155,0.0,0.0024526082
83,156,0.0,0.0027702404
83,157,0.165245349424928,0.0033314442
83,158,0.0,0.002748658
83,159,0.0,0.0022427994
83,160,0.0,0.0035034083
83,161,0.0,0.0019064448
83,162,0.0,0.0022914903
83,163,0.0,0.0026191757
83,164,0.0,0.0024339557
83,165,0.0,0.0032693413
83,166,0.0,0.0018123165
83,167,0.0,0.0019107945
83,168,0.0,0.0024229526
83,169,0.0,0.0024381531
83,170,0.0,0.002697457
83,171,0.0,0.002530904
83,172,0.0,0.0024955948
83,173,0.0,0.0024304772
83,174,0.0,0.0024862075
83,175,0.0,0.002482518
83,176,0.0,0.0034125615
83,177,0.0,0.0026423298
83,178,0.0,0.0033519417
83,179,0.0,0.0023551094
83,180,0.0,0.0022125803
83,181,0.0,0.002385736
83,182,0.0,0.0024340888
83,183,0.0,0.0032359925
83,184,0.0,0.003602299
83,185,0.0,0.002714606
83,186,0.0,0.0024848352
83,187,0.0,0.0035589226
83,188,0.0,0.0021033515
83,189,0.0,0.0028170631
83,190,0.0,0.0025907937
83,191,0.0,0.0027883206
83,192,0.0,0.0024223677
83,193,0.0,0.002348713
83,194,0.0,0.0029471926
83,195,0.0,0.0027650814
83,196,0.0,0.002319573
83,197,0.0,0.002683313
83,198,0.0,0.0024909615
83,199,0.0,0.002781719
83,200,0.0,0.0032980898
83,201,0.0,0.0026533734
83,202,0.0,0.0018469142
83,203,0.164135876905279,0.0034229546
83,204,0.0,0.0023395102
83,205,0.0,0.0025398722
83,206,0.0,0.002612173
83,207,0.0,0.0023235646
83,208,0.0,0.0026887143
83,209,0.0,0.0025460212
83,210,-0.167379843251275,0.0026234444
83,211,-0.158912352143436,0.0031089564
83,212,0.158911898148887,0.0021260055
83,213,0.0,0.0024178014
83,214,0.171612073995237,0.0020468319
83,215,0.0,0.0031585204
83,216,0.0,0.002163541
83,217,0.0,0.0022291038
83,218,0.0,0.002746134
83,219,0.0,0.0027821423
83,220,0.0,0.0023080604
83,221,0.0,0.002435124
83,222,0.0,0.0031138533
83,223,0.175270546565198,0.0020521474
83,224,0.0,0.0022906568
83,225,0.0,0.00220992
83,226,0.0,0.0024224846
83,227,0.0,0.0021514287
83,228,0.0,0.0026123663
83,229,0.0,0.0022511818
83,230,-0.165639858427618,0.0027163494
83,231,0.0,0.0025531417
83,232,0.0,0.0025166823
83,233,0.160832927045219,0.00277769
83,234,0.0,0.002737952
83,235,0.0,0.0025098617
83,236,0.0,0.0024094945
83,237,0.0,0.0024059536
83,238,0.0,0.0025187214
83,239,0.0,0.0021896097
83,240,0.0,0.0026296144
83,241,0.0,0.0021846988
83,242,0.0,0.002785902
83,243,0.160392445135926,0.002794242
83,244,0.0,0.0027222
83,245,0.0,0.0017924681
83,246,0.165687843910622,0.0027767317
83,247,0.0,0.002718064
83,248,0.0,0.0025770408
83,249,0.171642970215353,0.0022538588
83,250,-0.16422423670512,0.0035527386
83,251,0.0,0.0027320213
83,252,0.0,0.0026455466
83,253,0.0,0.0024905866
83,254,0.0,0.002290335
83,255,0.158007765667466,0.0029268526
83,256,0.0,0.0023745014
83,257,0.0,0.001936595
83,258,0.0,0.0023828684
83,259,0.0,0.0026879231
83,260,0.0,0.002518556
83,261,0.0,0.0036079139
83,262,0.0,0.0034844824
83,263,0.0,0.0028597466
83,264,0.0,0.003632878
83,265,0.0,0.001979189
83,266,0.0,0.0017296127
83,267,0.0,0.0023563653
83,268,0.0,0.0016246382
84,1,0.0,0.0022028456
84,2,0.0,0.0022501936
84,3,0.0,0.0027650148
84,4,0.0,0.0030087456
84,5,0.0,0.0018649483
84,6,0.0,0.0027890718
84,7,0.0,0.0020282632
84,8,0.0,0.0023229094
84,9,0.0,0.003419132
84,10,0.0,0.002925137
84,11,0.159003564490691,0.0024423008
84,12,0.0,0.0025735772
84,13,0.0,0.0021127625
84,14,0.0,0.0014843857
84,15,0.0,0.0018053586
84,16,0.0,0.003125505
84,17,0.0,0.003544116
84,18,0.0,0.0027709063
84,19,-0.15622368409619,0.002721834
84,20,0.0,0.0022935309
84,21,0.0,0.0028255847
84,22,0.0,0.0015409254
84,23,0.152565767563191,0.0025918772
84,24,0.0,0.0025584707
84,25,0.0,0.0025794879
84,26,0.0,0.0023882226
84,27,0.0,0.0017706403
84,28,0.0,0.0014966349
84,29,0.0,0.0030907965
84,30,0.0,0.0022103814
84,31,0.140875434830582,0.002763912
84,32,0.0,0.0027754703
84,33,0.0,0.002292927
84,34,0.0,0.0029641134
84,35,0.0,0.0026124022
84,36,0.0,0.0028267968
84,37,0.0,0.0025299336
84,38,0.0,0.0033353213
84,39,0.0,0.0014763381
84,40,0.0,0.0027588867
84,41,0.0,0.00307377
84,42,0.0,0.002362682
84,43,0.153168425260237,0.002552031
84,44,0.0,0.0019786796
84,45,0.0,0.0023490288
84,46,0.146895843967027,0.003606889
84,47,0.0,0.0023499876
84,48,0.0,0.0025582626
84,49,0.141832976176807,0.0023156032
84,50,0.0,0.0026662513
84,51,0.0,0.0014859354
84,52,0.0,0.0022477387
84,53,0.0,0.002776384
84,54,-0.145430150073055,0.0025717048
84,55,0.0,0.002454476
84,56,0.0,0.0024917303
84,57,0.0,0.0025446787
84,58,0.0,0.003213155
84,59,0.0,0.0033473033
84,60,0.0,0.0019744248
84,61,0.0,0.002554867
84,62,0.0,0.002259865
84,63,0.0,0.0030042292
84,64,0.0,0.0021076999
84,65,0.0,0.002762264
84,66,0.0,0.0034181965
84,67,0.0,0.0017588069
84,68,0.0,0.0024563647
84,69,0.158691854781138,0.0027754065
84,70,0.0,0.0028006402
84,71,0.0,0.003334893
84,72,0.0,0.002989255
84,73,0.0,0.0019720565
84,74,0.0,0.0031283055
84,75,0.0,0.0021748035
84,76,0.15403923629149,0.0030205762
84,77,0.0,0.0027670576
84,78,0.0,0.0018546898
84,79,-0.170598456509982,0.0028930241
84,80,0.0,0.002268535
84,81,0.0,0.0027916427
84,82,0.0,0.002217838
84,83,0.0,0.0024956018
84,84,0.0,0.030703487
84,85,0.0,0.0018237662
84,86,0.0,0.0019320385
84,87,0.0,0.0024559377
84,88,0.0,0.0023430795
84,89,0.0,0.003572892
84,90,0.0,0.0023438376
84,91,0.0,0.0034698737
84,92,0.0,0.0027013095
84,93,0.160821271043665,0.0021707844
84,94,0.0,0.0024879999
84,95,0.0,0.0016408088
84,96,0.0,0.002981719
84,97,0.0,0.0023254398
84,98,0.0,0.002661062
84,99,0.0,0.0023843888
84,100,-0.151966100800824,0.0034268107
84,101,0.0,0.0022076587
84,102,0.0,0.0023128227
84,103,0.0,0.0018498208
84,104,0.0,0.0029996843
84,105,0.165733946754945,0.0016189832
84,106,0.0,0.0016876687
84,107,0.0,0.0019119806
84,108,0.0,0.0029791836
84,109,0.0,0.0027705315
84,110,0.0,0.003496821
84,111,0.0,0.0025132196
84,112,0.0,0.0023396756
84,113,0.0,0.0025982
84,114,0.0,0.002884129
84,115,0.0,0.0025961185
84,116,0.0,0.001493616
84,117,0.0,0.00227453
84,118,0.0,0.0023467517
84,119,0.0,0.0021405434
84,120,0.0,0.002291744
84,121,0.0,0.0015753652
84,122,0.0,0.0033836197
84,123,0.0,0.0023842058
84,124,0.0,0.002531895
84,125,0.0,0.0024407953
84,126,0.153605805526538,0.002356005
84,127,0.0,0.0021252618
84,128,0.0,0.0026443852
84,129,0.0,0.0019587842
84,130,0.0,0.0023206398
84,131,0.161489684592775,0.0027115238
84,132,0.0,0.0025778455
84,133,0.0,0.0027284273
84,134,0.0,0.002612939
84,135,0.0,0.0026340294
84,136,0.159648281203946,0.0026185075
84,137,0.0,0.0025333893
84,138,0.0,0.0022729877
84,139,0.0,0.0017910227
84,140,0.0,0.0014897343
84,141,0.0,0.0020393548
84,142,0.0,0.0022992203
84,143,0.0,0.0018448737
84,144,0.0,0.0034632627
84,145,0.0,0.0023075421
84,146,0.0,0.0014794241
84,147,0.15867588844736,0.0022872384
84,148,0.0,0.0024914313
84,149,-0.152044476909358,0.0027143825
84,150,0.0,0.0020329263
84,151,0.0,0.0027571856
84,152,0.0,0.0017285729
84,153,0.0,0.0026137442
84,154,0.0,0.0027829786
84,155,0.0,0.003606717
84,156,0.0,0.0022004633
84,157,0.0,0.0024448214
84,158,0.0,0.003126049
84,159,0.0,0.0027720984
84,160,0.0,0.0026483345
84,161,0.0,0.0025647534
84,162,0.0,0.0019423468
84,163,-0.160143460535759,0.0031187031
84,164,0.0,0.0022937558
84,165,0.161133443763405,0.0032103658
84,166,0.0,0.0035308409
84,167,0.0,0.0023446265
84,168,0.0,0.0024848208
84,169,0.0,0.0021326924
84,170,0.0,0.0027542985
84,171,0.0,0.002411062
84,172,0.164782234128566,0.0022989218
84,173,0.0,0.0020343428
84,174,0.0,0.002509967
84,175,0.0,0.0027543446
84,176,0.159272244844405,0.0021539363
84,177,0.0,0.0033369353
84,178,0.0,0.0024312166
84,179,0.0,0.0021590968
84,180,0.0,0.0034620967
84,181,0.0,0.0027304413
84,182,0.0,0.003759616
84,183,0.0,0.0014812583
84,184,0.0,0.00162195
84,185,0.0,0.0016170847
84,186,0.0,0.0016992264
84,187,-0.164068399454506,0.0026509892
84,188,0.0,0.0018528756
84,189,0.0,0.0016861958
84,190,0.0,0.0023185606
84,191,0.0,0.0025602216
84,192,0.0,0.0027007814
84,193,0.0,0.0035467707
84,194,0.0,0.0026636072
84,195,0.0,0.0018559378
84,196,0.158401805153355,0.0025810553
84,197,0.0,0.0034755524
84,198,-0.146405402208791,0.001798132
84,199,0.0,0.0025113951
84,200,0.0,0.0026341034
84,201,0.0,0.0026221564
84,202,0.0,0.0022099954
84,203,0.0,0.0023627933
84,204,0.0,0.0016150698
84,205,0.0,0.0025121677
84,206,0.0,0.0014977106
84,207,-0.151809406895883,0.0022019218
84,208,0.0,0.00238389
84,209,0.0,0.0026573776
84,210,0.0,0.0024396474
84,211,0.0,0.002225378
84,212,0.0,0.0029672943
84,213,0.0,0.0018405197
84,214,0.0,0.0019302368
84,215,0.0,0.00175795
84,216,0.149068006747825,0.0024673035
84,217,0.0,0.0022708029
84,218,0.161916683179782,0.00169791
84,219,0.0,0.0032012737
84,220,0.0,0.0020647882
84,221,0.0,0.003631963
84,222,0.0,0.0024318215
84,223,0.0,0.002138779
84,224,-0.158925958176727,0.0020049815
84,225,0.0,0.0019270368
84,226,0.0,0.0023584906
84,227,0.156554435364518,0.0027618958
84,228,0.0,0.0026143268
84,229,0.0,0.0020814482
84,230,0.0,0.0022989316
84,231,0.0,0.0018129009
84,232,0.0,0.002108892
84,233,0.0,0.0027437746
84,234,0.0,0.0036045373
84,235,-0.147641222300637,0.003552318
84,236,0.0,0.0025083036
84,237,0.0,0.0014925608
84,238,0.0,0.0027473387
84,239,0.0,0.0023262869
84,240,0.0,0.0017442806
84,241,0.0,0.002533291
84,242,0.0,0.0016354066
84,243,0.0,0.0027406137
84,244,0.0,0.0033443444
84,245,-0.154182039306186,0.0027616802
84,246,0.0,0.002404783
84,247,0.0,0.0035014134
84,248,-0.160095299539502,0.002702735
84,249,0.0,0.0030987025
84,250,0.0,0.0024729436
84,251,0.0,0.003137303
84,252,0.0,0.0025948687
84,253,0.0,0.002557518
84,254,0.155474966251151,0.0024725413
84,255,0.0,0.0021688668
84,256,0.0,0.0014879839
84,257,0.0,0.0027462044
84,258,0.0,0.002273107
84,259,0.0,0.0015572505
84,260,0.0,0.0035279235
84,261,0.0,0.0021134214
84,262,0.0,0.0029747277
84,263,0.0,0.0015470665
84,264,0.0,0.0024595587
84,265,0.0,0.00267189
84,266,0.0,0.0015912065
84,267,0.0,0.0020328593
84,268,0.0,0.0022684382
85,1,0.0,0.0025933739
85,2,0.0,0.002610281
85,3,0.0,0.002368533
85,4,-0.158591472235976,0.0023695137
85,5,0.0,0.0016375729
85,6,-0.152464676791208,0.0024984535
85,7,0.0,0.00156717
85,8,0.0,0.002092279
85,9,0.149619413340821,0.0023072846
85,10,0.0,0.0026290845
85,11,0.0,0.0023728833
85,12,0.0,0.0023201467
85,13,0.0,0.0015580696
85,14,-0.145502144527337,0.0016943668
85,15,0.0,0.002772186
85,16,0.0,0.0017855894
85,17,0.0,0.0036324053
85,18,0.0,0.0027773757
85,19,0.158221460889724,0.0030647442
85,20,0.0,0.0022984166
85,21,0.154921832717415,0.0015518488
85,22,0.0,0.0030555422
85,23,0.0,0.00243239
85,24,0.0,0.0023630061
85,25,0.0,0.003109112
85,26,0.0,0.0030597597
85,27,0.0,0.0019121291
85,28,0.0,0.002237942
85,29,0.0,0.002022148
85,30,0.0,0.0023356718
85,31,0.0,0.003405739
85,32,0.0,0.0020673503
85,33,0.0,0.0028591296
85,34,0.0,0.00276598
85,35,0.0,0.002683065
85,36,0.166954423048597,0.0021713153
85,37,0.0,0.0032385676
85,38,-0.15086809761033,0.00314673
85,39,0.0,0.002511994
85,40,0.0,0.0025255815
85,41,0.0,0.0020908173
85,42,0.0,0.0023327502
85,43,0.0,0.0035243742
85,44,0.0,0.0026143058
85,45,0.0,0.0028438605
85,46,0.0,0.002739295
85,47,0.0,0.0014972058
85,48,0.0,0.0021631308
85,49,0.0,0.002849841
85,50,0.0,0.0027793567
85,51,0.0,0.0023497948
85,52,0.0,0.0027875104
85,53,0.0,0.0023365472
85,54,0.0,0.0019420376
85,55,0.0,0.0035687368
85,56,0.0,0.0020407601
85,57,0.0,0.0024696677
85,58,0.0,0.0025066952
85,59,0.0,0.003611865
85,60,0.0,0.0025305492
85,61,0.0,0.0019509671
85,62,0.0,0.0025706524
85,63,0.154765052008303,0.0027418826
85,64,0.0,0.0020094868
85,65,0.0,0.002582746
85,66,0.0,0.0022868034
85,67,0.0,0.002353717
85,68,0.0,0.0021215016
85,69,0.0,0.0019700248
85,70,0.0,0.0023736153
85,71,-0.174836519093412,0.0023580496
85,72,0.0,0.0025521992
85,73,0.0,0.0025515067
85,74,0.0,0.002834463
85,75,0.0,0.0026804358
85,76,0.0,0.0020216163
85,77,0.0,0.0014921557
85,78,0.0,0.0014971639
85,79,0.0,0.0018656496
85,80,0.0,0.001572343
85,81,0.0,0.002374012
85,82,0.0,0.003513347
85,83,0.0,0.0026573576
85,84,0.0,0.0018237662
85,85,0.928348411107436,0.030703487
85,86,0.162854750435731,0.0029913946
85,87,0.0,0.0024938392
85,88,0.0,0.0019437801
85,89,0.0,0.0016287863
85,90,0.0,0.002800248
85,91,0.0,0.0027169618
85,92,0.0,0.0027594254
85,93,0.158571309615676,0.0024172221
85,94,0.0,0.0017347089
85,95,0.0,0.0035890657
85,96,0.166152005940677,0.0036117486
85,97,0.0,0.0023533623
85,98,0.0,0.002244459
85,99,0.0,0.0017389031
85,100,0.0,0.0023490675
85,101,0.0,0.002355197
85,102,0.0,0.001991848
85,103,0.0,0.0026952475
85,104,0.0,0.002775333
85,105,0.0,0.0026772236
85,106,0.0,0.0021577887
85,107,0.0,0.0027715452
85,108,0.0,0.0025073178
85,109,0.0,0.0026260032
85,110,0.0,0.0022047716
85,111,0.0,0.001720597
85,112,0.0,0.002122426
85,113,0.0,0.0032718214
85,114,0.0,0.0024592523
85,115,0.0,0.0024619927
85,116,0.0,0.0018458022
85,117,0.0,0.0027217567
85,118,0.0,0.0023729214
85,119,-0.173694131356768,0.0014966093
85,120,0.0,0.0014783209
85,121,0.0,0.0024623708
85,122,0.0,0.0018907543
85,123,0.0,0.0021618442
85,124,0.0,0.0025524236
85,125,0.0,0.0026773526
85,126,0.0,0.0035681222
85,127,-0.153624755624777,0.00282158
85,128,0.0,0.0027621603
85,129,0.0,0.0022992035
85,130,0.0,0.0017769202
85,131,0.0,0.0027283872
85,132,0.0,0.0015724087
85,133,0.0,0.002240304
85,134,0.0,0.0026022159
85,135,0.0,0.0026050722
85,136,0.0,0.0035614134
85,137,0.0,0.0016690977
85,138,0.0,0.0023150337
85,139,0.0,0.0018592612
85,140,0.0,0.0014919424
85,141,-0.151237710680533,0.002077974
85,142,0.0,0.0026145107
85,143,0.0,0.0035400689
85,144,0.0,0.0019723396
85,145,0.0,0.0027330434
85,146,0.0,0.0014780965
85,147,-0.156455941880333,0.00298248
85,148,0.0,0.001985881
85,149,0.0,0.0021862383
85,150,0.0,0.0016021086
85,151,0.0,0.0023912666
85,152,0.0,0.002351902
85,153,0.15601172002949,0.0019962895
85,154,0.0,0.0029344559
85,155,0.0,0.0025532944
85,156,0.0,0.0028027543
85,157,0.0,0.0034235227
85,158,0.0,0.002389987
85,159,0.0,0.0024314383
85,160,0.0,0.002515227
85,161,0.0,0.0027792715
85,162,0.0,0.0028971448
85,163,0.0,0.0021840069
85,164,0.0,0.0028102826
85,165,0.0,0.0032853344
85,166,0.0,0.00241241
85,167,0.0,0.0024284953
85,168,0.0,0.0015888931
85,169,0.0,0.0022310764
85,170,0.0,0.0022963192
85,171,0.0,0.002708111
85,172,0.0,0.0024395012
85,173,0.0,0.0029388247
85,174,0.0,0.0026788935
85,175,0.0,0.0019795736
85,176,0.0,0.0025194418
85,177,0.0,0.0020493446
85,178,0.0,0.0033873497
85,179,0.0,0.0025035948
85,180,0.0,0.002547312
85,181,0.0,0.0031571118
85,182,-0.162152562324941,0.0014932575
85,183,0.0,0.0031156233
85,184,0.0,0.0014603301
85,185,0.0,0.0026914706
85,186,0.0,0.0017052884
85,187,0.0,0.0025196192
85,188,0.0,0.0029909112
85,189,0.0,0.0014952715
85,190,0.0,0.0014911415
85,191,-0.150939980060394,0.002635751
85,192,-0.162267868144944,0.0016928101
85,193,0.0,0.0025759973
85,194,0.148309038209545,0.0032947408
85,195,0.0,0.0034533287
85,196,0.0,0.0036164164
85,197,0.0,0.0030432302
85,198,0.0,0.001777479
85,199,0.0,0.0022812556
85,200,0.0,0.002366851
85,201,-0.144573669585621,0.0022878451
85,202,0.0,0.0020681708
85,203,0.0,0.0021828702
85,204,0.167759545790412,0.0020748507
85,205,0.0,0.0025601815
85,206,0.0,0.0025245207
85,207,0.0,0.0023187073
85,208,0.0,0.0014934372
85,209,0.0,0.002995958
85,210,0.0,0.0023565008
85,211,0.0,0.0016240003
85,212,0.0,0.0020713797
85,213,0.0,0.0024346123
85,214,0.0,0.0020043147
85,215,0.0,0.0023332508
85,216,0.0,0.0025355294
85,217,0.148633317515904,0.002765594
85,218,0.0,0.0023711137
85,219,0.0,0.0015601944
85,220,0.161673408280799,0.0023946003
85,221,0.0,0.0032790694
85,222,0.0,0.002447132
85,223,0.0,0.0017252332
85,224,0.0,0.0026347484
85,225,0.0,0.0023611481
85,226,0.0,0.0033905595
85,227,0.0,0.0026736213
85,228,0.0,0.0029386757
85,229,0.0,0.0034562899
85,230,0.0,0.0025763037
85,231,0.0,0.0016862717
85,232,-0.146425298494998,0.0016273106
85,233,0.0,0.0027787439
85,234,-0.148436342313041,0.0031032213
85,235,0.0,0.0027116686
85,236,0.0,0.0027946332
85,237,0.0,0.0025035879
85,238,0.0,0.0027880147
85,239,0.0,0.002386605
85,240,0.0,0.0024104537
85,241,0.0,0.0027894652
85,242,0.0,0.003777341
85,243,0.0,0.0031968872
85,244,0.0,0.0020884047
85,245,0.0,0.0024717594
85,246,0.0,0.0027697263
85,247,0.0,0.002380548
85,248,0.157855494777181,0.0027534724
85,249,-0.161925032193462,0.0018606242
85,250,0.0,0.0016498319
85,251,0.0,0.0017693159
85,252,0.0,0.0026585418
85,253,0.0,0.0018227459
85,254,0.0,0.0026343493
85,255,0.0,0.002435903
85,256,0.0,0.0016696709
85,257,0.0,0.0036204155
85,258,0.0,0.0032794252
85,259,0.0,0.0027730549
85,260,0.0,0.0027053463
85,261,0.0,0.0035669762
85,262,-0.151426816770746,0.0025401954
85,263,0.0,0.0018591955
85,264,0.144338575480634,0.0025357986
85,265,0.0,0.0036090715
85,266,0.0,0.002786147
85,267,0.0,0.002422674
85,268,0.0,0.002201696
86,1,0.0,0.0025276411
86,2,0.0,0.003605816
86,3,0.0,0.001483581
86,4,0.0,0.0024399487
86,5,0.0,0.002486493
86,6,0.0,0.0018329788
86,7,0.0,0.0014573094
86,8,0.141575844040053,0.0020533032
86,9,0.0,0.0023089745
86,10,0.0,0.0034747534
86,11,0.0,0.0026600347
86,12,0.0,0.0028352034
86,13,0.0,0.002492528
86,14,0.0,0.0027297884
86,15,0.0,0.0016158842
86,16,0.0,0.0019081915
86,17,0.0,0.001619753
86,18,0.0,0.0023888024
86,19,0.0,0.0029562796
86,20,0.0,0.0035935948
86,21,0.0,0.0022839452
86,22,0.0,0.0025828816
86,23,0.0,0.0022499627
86,24,0.0,0.0014844406
86,25,0.0,0.0036189454
86,26,-0.150178208558569,0.0023256182
86,27,0.144095367466258,0.002774497
86,28,0.0,0.0032095825
86,29,0.0,0.0017877822
86,30,0.0,0.0016500377
86,31,0.134441928387644,0.0025427188
86,32,0.0,0.0022050552
86,33,0.135131336200593,0.0024358584
86,34,0.0,0.0019195192
86,35,0.0,0.0017283531
86,36,0.0,0.0034858282
86,37,0.0,0.0014958675
86,38,0.0,0.0016728058
86,39,0.0,0.0020921216
86,40,0.0,0.0020360234
86,41,0.15096247755602,0.003034072
86,42,0.0,0.0016076998
86,43,-0.146173521912102,0.0029740138
86,44,0.0,0.0015449654
86,45,0.0,0.0015003933
86,46,0.0,0.0015464323
86,47,0.0,0.0014951741
86,48,0.0,0.0026347707
86,49,0.0,0.002612113
86,50,0.0,0.0026474516
86,51,0.0,0.0018338738
86,52,0.0,0.0023470935
86,53,0.139565668411905,0.003486243
86,54,0.0,0.0033300794
86,55,0.0,0.0022009443
86,56,0.0,0.003456837
86,57,0.0,0.002057488
86,58,0.0,0.0027122898
86,59,0.0,0.001692119
86,60,0.0,0.0021620141
86,61,0.0,0.0015484067
86,62,0.0,0.0029049586
86,63,0.0,0.0031055813
86,64,0.0,0.0032406305
86,65,0.0,0.0025701611
86,66,0.0,0.0018185601
86,67,0.0,0.0048921937
86,68,0.0,0.002307414
86,69,0.0,0.002315281
86,70,0.0,0.0017051315
86,71,0.0,0.002764985
86,72,0.0,0.0019789995
86,73,0.0,0.002859801
86,74,0.0,0.0029693684
86,75,0.0,0.001796992
86,76,0.0,0.0020132484
86,77,0.0,0.002495036
86,78,0.0,0.0028883293
86,79,0.0,0.0017375955
86,80,0.0,0.0014804145
86,81,0.0,0.002882922
86,82,0.0,0.003481302
86,83,0.0,0.0017021587
86,84,0.148252083182762,0.0019320385
86,85,0.0,0.0029913946
86,86,0.0,0.030703487
86,87,0.0,0.0018945588
86,88,0.0,0.0028050067
86,89,0.0,0.0024344795
86,90,0.0,0.0014759572
86,91,0.0,0.001900515
86,92,0.15886257319313,0.0036321264
86,93,0.0,0.0026297471
86,94,0.0,0.0015240288
86,95,0.0,0.001470889
86,96,0.0,0.002442915
86,97,0.0,0.0015588976
86,98,0.0,0.0020715608
86,99,0.0,0.0036318032
86,100,0.0,0.0023186794
86,101,-0.167324387690912,0.0014773328
86,102,0.0,0.0024217134
86,103,0.0,0.0023192689
86,104,0.0,0.0031568506
86,105,0.0,0.0024672886
86,106,-0.161256374116345,0.002574517
86,107,0.0,0.0014587222
86,108,0.0,0.0014788294
86,109,0.16101222785963,0.0014930516
86,110,0.0,0.0024810634
86,111,0.0,0.0015181471
86,112,0.0,0.002049727
86,113,0.0,0.0016290224
86,114,0.0,0.0031012162
86,115,0.0,0.0021552444
86,116,0.0,0.0029664217
86,117,0.0,0.0017963015
86,118,0.165872602385117,0.0035257004
86,119,0.0,0.002429511
86,120,0.155788618591381,0.0014761244
86,121,0.0,0.0017001689
86,122,0.0,0.0028383322
86,123,0.0,0.0025188844
86,124,0.0,0.0016311873
86,125,0.0,0.002384751
86,126,0.0,0.002567728
86,127,0.0,0.0015477696
86,128,0.0,0.0027897484
86,129,0.0,0.0014630407
86,130,0.0,0.002645427
86,131,0.0,0.0018683337
86,132,0.0,0.0031146035
86,133,0.0,0.0016481266
86,134,0.0,0.0016075661
86,135,0.184684841166178,0.002057474
86,136,0.0,0.0021648393
86,137,0.0,0.0022630459
86,138,-0.175393625313647,0.001957858
86,139,0.0,0.0030722595
86,140,0.0,0.0016621207
86,141,0.155855360208738,0.0027213604
86,142,0.0,0.0022155559
86,143,0.0,0.0028596735
86,144,0.0,0.0024747667
86,145,0.0,0.0026635523
86,146,0.0,0.0020232755
86,147,0.0,0.0027878047
86,148,0.0,0.0031470107
86,149,0.154494641186147,0.0026127263
86,150,0.0,0.0024078814
86,151,0.0,0.0023668334
86,152,0.0,0.0031189765
86,153,0.0,0.0021969383
86,154,0.0,0.0022446504
86,155,0.0,0.0015635546
86,156,0.0,0.0021973327
86,157,0.0,0.0024532122
86,158,0.0,0.0016992241
86,159,0.0,0.0015990874
86,160,0.0,0.0027374555
86,161,0.0,0.0015947153
86,162,0.0,0.002223339
86,163,0.0,0.002671829
86,164,0.0,0.0027721156
86,165,0.0,0.0025841193
86,166,0.0,0.0020069839
86,167,0.0,0.0014915788
86,168,0.0,0.001687964
86,169,0.0,0.0014796229
86,170,0.0,0.0027108681
86,171,0.0,0.0030341265
86,172,0.0,0.0026214686
86,173,-0.153254479346829,0.0015692404
86,174,0.0,0.0014625955
86,175,0.0,0.0019321954
86,176,0.0,0.0016441359
86,177,0.0,0.0014815847
86,178,0.0,0.0017510373
86,179,0.0,0.0014962545
86,180,0.0,0.0014648973
86,181,0.0,0.0026444667
86,182,-0.16710346841541,0.0017455141
86,183,0.0,0.0033529443
86,184,0.156818124986204,0.0020776456
86,185,0.0,0.0024647615
86,186,0.0,0.0027562184
86,187,0.0,0.002341176
86,188,0.0,0.002130129
86,189,0.0,0.003171275
86,190,0.0,0.0024385988
86,191,0.0,0.0016754656
86,192,0.0,0.0014622398
86,193,0.0,0.0014984785
86,194,0.0,0.0021921117
86,195,0.0,0.0033560442
86,196,0.0,0.0033273618
86,197,0.0,0.0023677927
86,198,0.0,0.0016269013
86,199,0.0,0.0026955996
86,200,0.0,0.0022472343
86,201,0.0,0.0023165615
86,202,0.0,0.0014855769
86,203,0.0,0.002589956
86,204,0.0,0.0015696324
86,205,0.0,0.0014936002
86,206,0.0,0.0020617153
86,207,0.0,0.002579336
86,208,0.0,0.0017565731
86,209,0.0,0.00240567
86,210,0.0,0.0028950698
86,211,0.0,0.0026035723
86,212,0.0,0.0034780907
86,213,0.0,0.002332232
86,214,0.0,0.0014887732
86,215,0.0,0.0029179314
86,216,0.0,0.0018109032
86,217,0.0,0.0030772379
86,218,0.0,0.0014891033
86,219,0.0,0.0018870384
86,220,0.0,0.002222396
86,221,0.190880605833328,0.002479774
86,222,0.0,0.0025008437
86,223,0.170395672269228,0.003253715
86,224,0.0,0.0023869453
86,225,0.0,0.0024532238
86,226,0.0,0.0014825063
86,227,0.0,0.0025889352
86,228,0.0,0.002004495
86,229,0.0,0.001983949
86,230,0.0,0.002552452
86,231,0.0,0.001742864
86,232,0.0,0.0014894181
86,233,0.0,0.0023264391
86,234,0.0,0.0029393048
86,235,0.0,0.0025840565
86,236,0.0,0.001573382
86,237,0.0,0.0030409708
86,238,0.0,0.0020662053
86,239,0.0,0.0035053375
86,240,0.0,0.0022671884
86,241,0.0,0.0017457791
86,242,0.0,0.0025721649
86,243,0.0,0.0021765172
86,244,0.0,0.0027614124
86,245,0.0,0.0023270566
86,246,0.0,0.0017485991
86,247,0.0,0.0014769398
86,248,0.0,0.0018648938
86,249,0.0,0.0042805457
86,250,0.0,0.00227464
86,251,0.0,0.0030876603
86,252,0.162730248536774,0.0032649217
86,253,0.0,0.0026134015
86,254,0.0,0.003262946
86,255,0.0,0.0025519505
86,256,0.156770027701769,0.0016406765
86,257,0.0,0.0036278157
86,258,0.0,0.0018132012
86,259,0.163862101441341,0.0018200697
86,260,0.0,0.0030086623
86,261,0.0,0.0027645607
86,262,-0.156050240160802,0.0016285572
86,263,0.0,0.0016889181
86,264,0.0,0.0026783715
86,265,0.0,0.001484618
86,266,0.0,0.0020471811
86,267,0.0,0.00261578
86,268,0.0,0.0025173286
87,1,0.162470857768976,0.002237508
87,2,0.0,0.002719866
87,3,0.0,0.0027708588
87,4,0.0,0.0034598643
87,5,0.0,0.002826604
87,6,0.0,0.00271163
87,7,0.0,0.0017412319
87,8,0.0,0.003229767
87,9,0.0,0.003231863
87,10,0.0,0.0024362965
87,11,0.0,0.002450598
87,12,0.0,0.0026654284
87,13,0.0,0.0022838777
87,14,0.0,0.0035164012
87,15,-0.157222327541478,0.0016863775
87,16,0.148531550138773,0.0016951421
87,17,0.0,0.0023829201
87,18,0.0,0.0023584561
87,19,0.0,0.0034190891
87,20,0.0,0.0014872588
87,21,0.0,0.0016788314
87,22,0.0,0.0023812181
87,23,0.0,0.003536909
87,24,0.0,0.0017179139
87,25,0.0,0.0024112794
87,26,0.0,0.0025154394
87,27,0.0,0.0033351206
87,28,0.0,0.0027814694
87,29,0.0,0.002257363
87,30,0.0,0.001622634
87,31,0.0,0.003182061
87,32,0.0,0.002375905
87,33,0.0,0.0033059297
87,34,0.0,0.0023864815
87,35,0.0,0.0021936866
87,36,0.173060563367367,0.0030568382
87,37,0.0,0.0023632576
87,38,0.0,0.0022344664
87,39,-0.164423759479496,0.0027607456
87,40,0.0,0.0016794549
87,41,0.0,0.0023317854
87,42,0.0,0.0023236303
87,43,0.0,0.0027323277
87,44,0.0,0.0026672017
87,45,0.0,0.0026865704
87,46,0.0,0.0016116374
87,47,0.0,0.002244222
87,48,0.0,0.0025893464
87,49,0.0,0.0016673799
87,50,0.0,0.002492879
87,51,0.0,0.0014740843
87,52,0.0,0.001479872
87,53,0.0,0.001494206
87,54,0.0,0.0030025044
87,55,0.0,0.0027780868
87,56,-0.156756665665231,0.0031361184
87,57,0.0,0.003490036
87,58,0.0,0.0025139768
87,59,0.0,0.002228972
87,60,0.0,0.0025514457
87,61,0.0,0.0026000426
87,62,0.0,0.0016025202
87,63,0.0,0.0020569242
87,64,0.0,0.0022132327
87,65,0.0,0.002873782
87,66,0.0,0.0016128309
87,67,0.0,0.0021867156
87,68,0.0,0.002618346
87,69,0.0,0.0023497585
87,70,0.16370350518802,0.0019497103
87,71,0.0,0.002469576
87,72,0.0,0.0024432177
87,73,0.0,0.003603294
87,74,0.0,0.0015382003
87,75,0.0,0.0014888751
87,76,0.0,0.00215232
87,77,0.0,0.0030912966
87,78,0.0,0.0025460832
87,79,0.179099262095972,0.0036330074
87,80,0.0,0.0020349566
87,81,0.0,0.0031980919
87,82,0.0,0.0026144036
87,83,0.0,0.002592261
87,84,0.0,0.0024559377
87,85,0.0,0.0024938392
87,86,0.155639384115235,0.0018945588
87,87,0.0,0.030703487
87,88,0.0,0.003408201
87,89,0.0,0.0030917446
87,90,0.0,0.0018492918
87,91,0.0,0.002405907
87,92,0.0,0.0027980423
87,93,0.0,0.002416052
87,94,0.0,0.0021249792
87,95,-0.158906353493698,0.0019998197
87,96,0.0,0.0022183997
87,97,0.0,0.0025350158
87,98,0.163018301306569,0.0023463601
87,99,-0.161808878047094,0.002416622
87,100,0.0,0.0021457057
87,101,0.0,0.0019234945
87,102,0.0,0.0024593975
87,103,0.0,0.0015280684
87,104,0.0,0.0025880868
87,105,0.172203880681059,0.0017614975
87,106,0.0,0.0026222025
87,107,0.0,0.0020590299
87,108,0.154956869847245,0.0016635284
87,109,0.0,0.0026179748
87,110,0.0,0.0022026743
87,111,0.0,0.002766179
87,112,0.0,0.0019328268
87,113,-0.152804069037188,0.002786289
87,114,-0.165127415371612,0.001491677
87,115,0.0,0.0035990803
87,116,0.0,0.0031083324
87,117,0.0,0.0036097406
87,118,0.0,0.0023919805
87,119,0.0,0.0025272602
87,120,0.0,0.0024215304
87,121,0.0,0.0014971262
87,122,0.0,0.0035843374
87,123,0.0,0.0028072358
87,124,0.0,0.002091024
87,125,0.0,0.0033150716
87,126,0.0,0.0027565951
87,127,0.0,0.002828482
87,128,0.165120463129565,0.0023010415
87,129,-0.160838799592155,0.0020572394
87,130,0.0,0.0023246375
87,131,0.0,0.0023416323
87,132,0.0,0.0017812755
87,133,0.0,0.0030190996
87,134,0.0,0.0022487924
87,135,0.0,0.0028007086
87,136,0.0,0.0024372395
87,137,0.0,0.0023615118
87,138,0.179350460112315,0.003109408
87,139,0.165562596718237,0.0024014264
87,140,0.0,0.0023199208
87,141,0.0,0.0015571788
87,142,0.0,0.0025195028
87,143,0.0,0.0014915331
87,144,-0.17460218777613,0.0020947154
87,145,0.0,0.0036014076
87,146,0.0,0.003410051
87,147,0.0,0.0025173724
87,148,0.0,0.0023751152
87,149,0.157980000311143,0.002412899
87,150,0.0,0.0024119336
87,151,0.0,0.0035669315
87,152,0.0,0.0030198097
87,153,0.0,0.0027069845
87,154,0.0,0.0014933171
87,155,0.0,0.002576224
87,156,0.0,0.0022392808
87,157,0.0,0.0036038766
87,158,0.0,0.0025141123
87,159,0.0,0.0027115117
87,160,0.0,0.0031431848
87,161,0.0,0.0018254593
87,162,-0.156813963489658,0.0017715888
87,163,0.0,0.0020747846
87,164,0.0,0.0017300257
87,165,0.0,0.0017132433
87,166,0.0,0.0022677872
87,167,-0.165045648320059,0.0036065117
87,168,0.0,0.0026656059
87,169,0.0,0.0016249274
87,170,0.0,0.0035750577
87,171,0.173218838257094,0.0023906883
87,172,0.0,0.0025988128
87,173,0.0,0.0026736776
87,174,0.0,0.002185326
87,175,0.167947980398193,0.0023490475
87,176,0.0,0.0022295555
87,177,0.0,0.0016854131
87,178,0.0,0.0022347015
87,179,0.0,0.002552798
87,180,0.0,0.0025179433
87,181,0.0,0.0025575864
87,182,0.0,0.0022377116
87,183,0.0,0.0035783388
87,184,0.0,0.002397819
87,185,0.0,0.0023633568
87,186,0.0,0.0023867576
87,187,0.0,0.0014935397
87,188,0.0,0.0016203262
87,189,0.0,0.002114324
87,190,0.0,0.0024412237
87,191,0.0,0.0032167565
87,192,0.0,0.0035876269
87,193,0.0,0.0017749467
87,194,0.0,0.0025845594
87,195,0.0,0.0024791658
87,196,0.0,0.001488585
87,197,0.0,0.0023676292
87,198,0.0,0.001994112
87,199,0.0,0.0023258142
87,200,0.157019857252955,0.002137411
87,201,0.0,0.0022433242
87,202,0.0,0.0019555772
87,203,0.0,0.0022191638
87,204,0.0,0.0017606402
87,205,0.150845733520456,0.0016666823
87,206,0.0,0.0014839564
87,207,0.0,0.0027822582
87,208,0.0,0.0034867502
87,209,0.0,0.002774037
87,210,0.0,0.0026236498
87,211,0.0,0.002327803
87,212,0.0,0.001490233
87,213,0.0,0.0036118962
87,214,0.170602797989266,0.0022820067
87,215,0.0,0.0017121346
87,216,0.0,0.00226491
87,217,0.0,0.0018432336
87,218,0.0,0.0023241276
87,219,0.0,0.0033988715
87,220,0.0,0.002602878
87,221,0.0,0.002165447
87,222,0.169283763735741,0.0018801326
87,223,0.0,0.0023670555
87,224,0.0,0.0023477827
87,225,0.0,0.0017005648
87,226,0.0,0.0032794308
87,227,0.0,0.0024061357
87,228,0.0,0.0034331004
87,229,0.0,0.0025329618
87,230,0.0,0.0025094063
87,231,0.0,0.0032114564
87,232,0.0,0.0032965303
87,233,0.0,0.0021829903
87,234,0.0,0.0014873873
87,235,0.0,0.002361597
87,236,0.0,0.0014939043
87,237,0.0,0.002471297
87,238,0.0,0.0025112913
87,239,0.0,0.0024414775
87,240,0.0,0.0024755606
87,241,0.0,0.0024342132
87,242,0.0,0.003511258
87,243,-0.159449153427796,0.0025366936
87,244,0.0,0.0027736844
87,245,0.0,0.0015120688
87,246,0.0,0.0026334594
87,247,0.0,0.0021179067
87,248,0.0,0.0024506943
87,249,0.170633512504138,0.0022717202
87,250,-0.163258409663662,0.002241346
87,251,0.0,0.0025454527
87,252,0.0,0.002541388
87,253,0.0,0.0019651083
87,254,0.0,0.0015293313
87,255,0.0,0.003296584
87,256,0.0,0.0017594504
87,257,0.0,0.002391262
87,258,0.0,0.0017175982
87,259,0.0,0.0017775972
87,260,0.0,0.002765228
87,261,0.0,0.0024164426
87,262,0.0,0.0014917115
87,263,0.0,0.0031295787
87,264,0.0,0.0024232306
87,265,0.0,0.0025067227
87,266,-0.177279543961628,0.0024396316
87,267,0.0,0.0027241693
87,268,0.169111840193604,0.001825809
88,1,0.0,0.0032842075
88,2,0.0,0.0027432386
88,3,0.0,0.0029113581
88,4,0.0,0.0030369526
88,5,0.0,0.0031315903
88,6,0.0,0.0026247255
88,7,0.0,0.002612621
88,8,0.0,0.002430548
88,9,0.0,0.0022551953
88,10,0.0,0.003272816
88,11,0.0,0.0015794518
88,12,0.14669906868336,0.001845425
88,13,0.0,0.003461617
88,14,0.144064375421066,0.0016708439
88,15,0.0,0.0027719648
88,16,0.0,0.0020388179
88,17,0.0,0.0029929187
88,18,0.0,0.0031211236
88,19,0.0,0.0022350876
88,20,0.0,0.003014287
88,21,0.0,0.0024360851
88,22,0.0,0.0029964233
88,23,0.0,0.0036214348
88,24,0.0,0.003604006
88,25,0.0,0.00301668
88,26,0.157802244851054,0.0026146206
88,27,0.0,0.0014971974
88,28,0.0,0.0016080961
88,29,0.0,0.002615849
88,30,0.0,0.0023087296
88,31,0.0,0.0027040136
88,32,0.0,0.0018548095
88,33,0.0,0.003446443
88,34,0.0,0.003306489
88,35,0.0,0.00268509
88,36,-0.165304674775853,0.002392761
88,37,0.0,0.0025713095
88,38,0.0,0.0015677307
88,39,0.0,0.0027811727
88,40,0.153370035203042,0.0017409474
88,41,0.0,0.0016538729
88,42,0.145946456608006,0.0025399379
88,43,-0.153594253899483,0.0026422474
88,44,0.0,0.0028416459
88,45,0.0,0.002378907
88,46,0.0,0.002550567
88,47,0.0,0.002672871
88,48,0.0,0.0024186228
88,49,-0.14222729075661,0.0022002347
88,50,0.0,0.0025395863
88,51,0.0,0.0031278231
88,52,0.0,0.002770924
88,53,0.0,0.0025333655
88,54,0.0,0.0022846456
88,55,0.0,0.0027851965
88,56,0.0,0.0023787864
88,57,0.0,0.0018685968
88,58,0.0,0.00299301
88,59,0.0,0.0035446025
88,60,0.0,0.0026862146
88,61,0.0,0.0026202481
88,62,0.0,0.0019729096
88,63,0.0,0.0034915903
88,64,0.0,0.002786559
88,65,0.0,0.0033374121
88,66,0.0,0.002549116
88,67,0.0,0.0030566817
88,68,0.0,0.0020429995
88,69,0.0,0.0015191068
88,70,0.156366962861023,0.0026555546
88,71,0.0,0.0015101866
88,72,0.0,0.003426449
88,73,0.0,0.002815219
88,74,-0.151283075447641,0.0020215274
88,75,0.143393004570662,0.0027066865
88,76,0.0,0.0029031094
88,77,-0.155982152979071,0.0024823612
88,78,0.0,0.0025361972
88,79,0.171072742959487,0.0024196915
88,80,0.0,0.001887748
88,81,-0.156418291977329,0.0024811737
88,82,0.0,0.0033836244
88,83,-0.168946624036554,0.0024024532
88,84,0.0,0.0023430795
88,85,0.0,0.0019437801
88,86,0.0,0.0028050067
88,87,0.0,0.003408201
88,88,0.0,0.030703487
88,89,0.0,0.0024099941
88,90,0.0,0.002195829
88,91,0.0,0.0029193517
88,92,0.0,0.0031507844
88,93,0.0,0.0023118346
88,94,0.0,0.0033997125
88,95,0.0,0.002269139
88,96,0.0,0.0024507525
88,97,0.0,0.0024581994
88,98,0.0,0.0024397392
88,99,0.0,0.0027968287
88,100,0.0,0.0025580837
88,101,0.0,0.0025837729
88,102,0.0,0.0028653513
88,103,0.0,0.0021904623
88,104,0.0,0.002468362
88,105,0.0,0.0024106237
88,106,0.0,0.00199926
88,107,0.0,0.0026727845
88,108,0.0,0.003514445
88,109,0.0,0.003238344
88,110,0.0,0.0034580724
88,111,-0.152956865681248,0.0024324567
88,112,0.0,0.0026754122
88,113,0.0,0.0024270616
88,114,0.0,0.0019342899
88,115,0.0,0.0026283427
88,116,0.0,0.003566503
88,117,0.0,0.00270207
88,118,0.160119156357259,0.0016201693
88,119,0.0,0.0017676558
88,120,0.0,0.0023668427
88,121,0.0,0.002271838
88,122,0.155377398957936,0.002997336
88,123,0.0,0.0016664998
88,124,0.0,0.002442636
88,125,0.0,0.0016821125
88,126,0.150667310601352,0.0034942357
88,127,0.152823973849749,0.0028015203
88,128,0.0,0.0020128526
88,129,0.0,0.0021284586
88,130,0.0,0.0019026664
88,131,-0.158400370246751,0.0023662574
88,132,0.0,0.0023439997
88,133,0.0,0.0027619568
88,134,0.0,0.0030295933
88,135,0.0,0.0031081843
88,136,0.0,0.00233394
88,137,0.0,0.0022523734
88,138,0.0,0.0026319516
88,139,0.0,0.0023853094
88,140,0.0,0.0028805002
88,141,0.0,0.0021439837
88,142,0.0,0.0034600296
88,143,0.0,0.0018107351
88,144,0.0,0.0023184
88,145,0.0,0.0036303676
88,146,0.0,0.0024759504
88,147,0.0,0.0032750196
88,148,0.0,0.0020544645
88,149,0.149135850361884,0.0026052608
88,150,0.0,0.0014928258
88,151,0.0,0.0028481623
88,152,0.0,0.0021785032
88,153,0.0,0.002798195
88,154,0.0,0.002430914
88,155,0.0,0.0021286206
88,156,0.151362825667739,0.0026710033
88,157,0.0,0.0018498837
88,158,0.0,0.0034428388
88,159,0.0,0.002388489
88,160,0.0,0.0023250747
88,161,0.0,0.0023811394
88,162,0.0,0.0018055602
88,163,0.0,0.0016452596
88,164,0.0,0.0025587063
88,165,0.158050944341242,0.0023515476
88,166,0.0,0.0015638801
88,167,0.0,0.0025820574
88,168,0.0,0.0014876695
88,169,0.0,0.0021345764
88,170,0.0,0.003334586
88,171,0.163521576726743,0.0024369508
88,172,0.0,0.0017015133
88,173,0.0,0.0027773567
88,174,0.0,0.0023883567
88,175,0.0,0.0016407846
88,176,0.0,0.002674168
88,177,0.148984920888075,0.0024047429
88,178,0.0,0.0022530942
88,179,0.0,0.0030546654
88,180,0.0,0.0025369874
88,181,0.0,0.0024642725
88,182,0.0,0.0018132152
88,183,0.0,0.0014898661
88,184,0.0,0.00172893
88,185,0.0,0.0025875522
88,186,0.0,0.0032425933
88,187,0.0,0.0025936882
88,188,0.0,0.0016405005
88,189,0.0,0.0023078881
88,190,0.0,0.0034688236
88,191,0.0,0.0034803925
88,192,0.0,0.0027733934
88,193,0.0,0.002885498
88,194,0.0,0.002746798
88,195,0.0,0.0028526094
88,196,0.0,0.0024629985
88,197,0.0,0.002739083
88,198,0.0,0.0021869703
88,199,0.0,0.0025533265
88,200,0.0,0.0028149565
88,201,0.0,0.0028193789
88,202,-0.156686360416307,0.0014669094
88,203,0.0,0.0023123715
88,204,0.0,0.002030213
88,205,0.0,0.0026058014
88,206,-0.163783388105198,0.0024032854
88,207,0.0,0.0022661122
88,208,0.0,0.0026296284
88,209,0.0,0.0023029703
88,210,0.0,0.002705072
88,211,0.0,0.0028435881
88,212,0.149133314208075,0.0017937399
88,213,0.0,0.0019696103
88,214,0.0,0.00202769
88,215,0.0,0.0022630692
88,216,0.0,0.002787896
88,217,0.0,0.0031022448
88,218,0.0,0.0022467412
88,219,0.0,0.0026674615
88,220,0.0,0.0019458211
88,221,0.0,0.0027766726
88,222,0.0,0.0016553057
88,223,0.0,0.002809133
88,224,0.0,0.003179091
88,225,0.0,0.0017406046
88,226,0.0,0.0027679047
88,227,0.0,0.0023901346
88,228,0.0,0.0034464393
88,229,0.0,0.003316482
88,230,0.0,0.0014942479
88,231,0.0,0.0019342066
88,232,0.0,0.003553092
88,233,0.0,0.0022099367
88,234,0.0,0.002665793
88,235,0.0,0.0030630245
88,236,0.0,0.003452924
88,237,-0.148740148128122,0.0024104621
88,238,0.0,0.0030428842
88,239,0.0,0.001697184
88,240,-0.15185012578976,0.0031918064
88,241,0.0,0.0032835659
88,242,-0.160702374713325,0.0014855089
88,243,0.0,0.0019047209
88,244,0.0,0.0031041699
88,245,0.0,0.0017407895
88,246,0.0,0.0026254728
88,247,0.0,0.003526566
88,248,-0.157032659923569,0.0023745499
88,249,0.0,0.002394971
88,250,0.0,0.0023882375
88,251,0.0,0.0017600157
88,252,0.0,0.0030740323
88,253,0.0,0.0025854604
88,254,0.0,0.0023816195
88,255,0.0,0.0024273684
88,256,0.0,0.0021394715
88,257,0.0,0.0024921307
88,258,0.0,0.0026684357
88,259,0.0,0.002474384
88,260,0.0,0.0029967148
88,261,0.0,0.0026064268
88,262,0.0,0.0026124762
88,263,0.0,0.0022901534
88,264,0.0,0.0018819114
88,265,0.0,0.0024594716
88,266,0.0,0.0024330346
88,267,0.156478027611668,0.0024301847
88,268,0.0,0.0025458373
89,1,0.0,0.003203529
89,2,0.0,0.002787517
89,3,0.0,0.0031888462
89,4,0.0,0.0023145168
89,5,0.0,0.0031216824
89,6,0.0,0.0027312231
89,7,0.0,0.002222687
89,8,0.0,0.0017423793
89,9,0.0,0.0032717478
89,10,0.0,0.0033115363
89,11,0.0,0.0024561216
89,12,0.0,0.0022061518
89,13,0.0,0.0017166361
89,14,0.0,0.0017614486
89,15,0.0,0.0026094886
89,16,0.0,0.0035358071
89,17,0.0,0.0017143758
89,18,0.0,0.0034254836
89,19,0.15029179824655,0.00276956
89,20,0.0,0.00257594
89,21,0.0,0.0020582867
89,22,0.0,0.0024086852
89,23,0.0,0.0024009864
89,24,-0.136713250136127,0.0024333345
89,25,0.0,0.0024973904
89,26,0.0,0.0025537
89,27,0.0,0.0027429648
89,28,0.0,0.0020742305
89,29,0.138616452241129,0.0025660065
89,30,0.0,0.0026928564
89,31,0.0,0.0024445378
89,32,0.0,0.0027738223
89,33,0.0,0.0026134243
89,34,0.0,0.0025229794
89,35,0.0,0.0026139338
89,36,0.0,0.0021596658
89,37,0.0,0.0032849791
89,38,0.0,0.002419639
89,39,0.0,0.003607877
89,40,0.0,0.0034957766
89,41,0.0,0.002770586
89,42,0.0,0.0027743308
89,43,0.147352549007739,0.0026875604
89,44,0.0,0.0025923373
89,45,0.0,0.0030857506
89,46,0.0,0.0015702564
89,47,0.0,0.0033732648
89,48,0.0,0.0023737722
89,49,0.0,0.0030840044
89,50,0.0,0.0018812041
89,51,0.0,0.0024136752
89,52,0.0,0.0026766267
89,53,0.0,0.0015491461
89,54,0.0,0.0021204385
89,55,0.0,0.0021991115
89,56,0.0,0.0017087176
89,57,0.0,0.0034600091
89,58,0.0,0.0022179526
89,59,0.0,0.003464486
89,60,0.0,0.0022906926
89,61,0.0,0.0028055902
89,62,0.0,0.0016947417
89,63,0.0,0.0023957817
89,64,0.0,0.0022838055
89,65,0.180302973488362,0.0024860566
89,66,0.0,0.0025497964
89,67,0.0,0.0016712891
89,68,0.0,0.0021902448
89,69,0.0,0.001545731
89,70,0.0,0.002661826
89,71,0.0,0.003320274
89,72,0.0,0.0024840753
89,73,0.0,0.0025783805
89,74,0.0,0.0025437153
89,75,0.0,0.00149839
89,76,0.148190294939651,0.003373553
89,77,0.0,0.0027817865
89,78,0.0,0.0033282656
89,79,0.164120753874836,0.0019854535
89,80,0.0,0.0020150896
89,81,0.0,0.0018600216
89,82,0.0,0.002454998
89,83,0.0,0.0035741357
89,84,0.0,0.003572892
89,85,0.0,0.0016287863
89,86,0.0,0.0024344795
89,87,0.0,0.0030917446
89,88,0.0,0.0024099941
89,89,0.957314848899841,0.030703487
89,90,0.0,0.0024340497
89,91,0.0,0.0018320959
89,92,0.0,0.0026680073
89,93,-0.159039949902616,0.002397846
89,94,0.0,0.0019979626
89,95,0.0,0.0025222092
89,96,0.0,0.002929747
89,97,0.0,0.0032414976
89,98,0.0,0.0033119973
89,99,0.0,0.0024046926
89,100,0.0,0.0024356004
89,101,0.0,0.0027220063
89,102,0.0,0.0022502728
89,103,0.0,0.0026984313
89,104,0.0,0.0024200012
89,105,0.0,0.0025652493
89,106,0.0,0.002207938
89,107,0.0,0.0019566077
89,108,0.0,0.0025458494
89,109,0.0,0.0023734276
89,110,0.0,0.0028302558
89,111,0.0,0.001887654
89,112,0.0,0.0015968401
89,113,0.0,0.0035670768
89,114,0.0,0.0016865474
89,115,0.16067651131202,0.0027944976
89,116,0.0,0.0019153347
89,117,0.0,0.0026144409
89,118,0.0,0.0029751677
89,119,-0.174207465501236,0.0017395886
89,120,0.0,0.001897003
89,121,0.0,0.002654157
89,122,0.0,0.0024980558
89,123,0.0,0.0027672495
89,124,0.0,0.0025759083
89,125,0.0,0.0014936551
89,126,0.0,0.003574796
89,127,0.0,0.0024139811
89,128,0.0,0.0022530556
89,129,0.0,0.0029237187
89,130,0.0,0.0023214086
89,131,0.0,0.002785136
89,132,0.0,0.0015377654
89,133,0.160084162771419,0.0023387386
89,134,0.0,0.0025845063
89,135,0.0,0.0036128354
89,136,0.0,0.0025311345
89,137,0.0,0.0024975836
89,138,0.170700099263038,0.0025498895
89,139,0.0,0.0025546183
89,140,0.0,0.0017144191
89,141,0.0,0.0019822847
89,142,0.0,0.0027680937
89,143,-0.151823289903039,0.0025983006
89,144,0.0,0.0025849906
89,145,-0.153297649452054,0.0023616888
89,146,0.0,0.0015207855
89,147,0.0,0.0025007306
89,148,0.0,0.0024279994
89,149,0.0,0.0018777698
89,150,0.0,0.0024548783
89,151,0.0,0.0018094773
89,152,0.0,0.001715696
89,153,0.0,0.0027390048
89,154,-0.167596331489651,0.0023633847
89,155,0.0,0.0023433208
89,156,0.0,0.0018850351
89,157,0.0,0.0027782973
89,158,0.0,0.0020924406
89,159,-0.148657788615205,0.0031234543
89,160,-0.157591067627547,0.0016690581
89,161,0.0,0.002955018
89,162,0.0,0.0021936772
89,163,0.0,0.0026494246
89,164,0.0,0.001656529
89,165,0.0,0.0029699039
89,166,0.0,0.0026069395
89,167,0.0,0.002551861
89,168,-0.156062344837901,0.0014828923
89,169,0.0,0.0025509493
89,170,0.0,0.0020290497
89,171,-0.164864215381423,0.0026259208
89,172,0.0,0.0026365537
89,173,0.0,0.0014683758
89,174,0.0,0.0022417237
89,175,0.0,0.0025515389
89,176,0.0,0.0015299628
89,177,0.0,0.0026586438
89,178,0.0,0.0025393767
89,179,0.0,0.0030683689
89,180,0.0,0.0027692434
89,181,0.0,0.00355998
89,182,0.0,0.0020279777
89,183,0.0,0.0016164486
89,184,0.0,0.0027140928
89,185,0.0,0.0022890242
89,186,0.0,0.0014891406
89,187,0.162251111811959,0.0024252487
89,188,0.0,0.0035934877
89,189,-0.157442018272781,0.0024320865
89,190,0.0,0.0016183681
89,191,0.0,0.0020919177
89,192,0.0,0.0025718557
89,193,0.0,0.0019891802
89,194,0.0,0.0021732054
89,195,0.0,0.0029769107
89,196,0.0,0.0030725715
89,197,0.0,0.0035794885
89,198,0.0,0.0021647336
89,199,0.0,0.0027718581
89,200,0.0,0.002841861
89,201,0.0,0.0027745767
89,202,0.0,0.0014772704
89,203,0.0,0.0028096354
89,204,0.0,0.0017124824
89,205,-0.143570201432562,0.002154517
89,206,0.0,0.0034098946
89,207,0.0,0.0033947048
89,208,0.0,0.0023119147
89,209,0.0,0.002801463
89,210,0.0,0.002189355
89,211,0.0,0.0020991387
89,212,0.0,0.0034219525
89,213,0.0,0.0021762569
89,214,0.0,0.001546734
89,215,0.0,0.002613469
89,216,0.0,0.0030114502
89,217,0.0,0.0023780693
89,218,0.0,0.0019685319
89,219,0.0,0.0026034499
89,220,0.0,0.0034629973
89,221,0.0,0.002423962
89,222,0.0,0.0026680897
89,223,0.0,0.003074633
89,224,0.0,0.0033081612
89,225,0.0,0.0025999816
89,226,0.0,0.0017752596
89,227,0.0,0.0020062928
89,228,0.0,0.0025517046
89,229,0.0,0.0026037362
89,230,0.0,0.001581206
89,231,0.0,0.0018998487
89,232,0.0,0.003435737
89,233,0.0,0.0025207875
89,234,0.0,0.0021024868
89,235,0.0,0.0025878232
89,236,0.0,0.0018731048
89,237,0.149961419818238,0.002421121
89,238,0.0,0.0021844585
89,239,0.0,0.0023777895
89,240,0.0,0.0017220434
89,241,0.0,0.0027701603
89,242,0.0,0.002114443
89,243,0.0,0.0015217578
89,244,0.0,0.0024843346
89,245,0.0,0.0025956007
89,246,0.0,0.0022202414
89,247,0.0,0.0027694157
89,248,0.0,0.0026151505
89,249,0.0,0.0023810803
89,250,0.0,0.002626215
89,251,0.0,0.0017896187
89,252,0.0,0.0029415907
89,253,0.0,0.0014807554
89,254,0.0,0.0018567299
89,255,0.0,0.0015968531
89,256,0.0,0.0023875874
89,257,0.0,0.003570572
89,258,0.0,0.0019032047
89,259,0.0,0.0016947957
89,260,0.0,0.002121199
89,261,-0.155491320295098,0.0025160112
89,262,0.0,0.0021722629
89,263,0.0,0.002331146
89,264,0.0,0.0021548243
89,265,0.0,0.0026899665
89,266,0.0,0.0027968842
89,267,0.0,0.0023277388
89,268,0.0,0.0023153136
90,1,0.0,0.0034789094
90,2,0.0,0.002499614
90,3,0.16276143365752,0.001530257
90,4,0.0,0.0025905129
90,5,0.0,0.0022586002
90,6,-0.153472632978464,0.002794642
90,7,0.0,0.0018709023
90,8,0.0,0.0023971656
90,9,0.0,0.0021177665
90,10,0.0,0.002329851
90,11,0.0,0.0026074662
90,12,0.0,0.0027098106
90,13,0.0,0.0017184522
90,14,0.0,0.0014778948
90,15,0.0,0.0014920263
90,16,0.0,0.0014601732
90,17,0.0,0.0022866493
90,18,0.0,0.0020399103
90,19,0.0,0.0016906932
90,20,0.0,0.0021122834
90,21,0.0,0.0034427065
90,22,0.0,0.0027241684
90,23,0.0,0.0034303758
90,24,0.0,0.0014974824
90,25,0.0,0.002721346
90,26,0.0,0.0026243129
90,27,0.0,0.0017084214
90,28,0.0,0.002429761
90,29,0.0,0.0027206363
90,30,0.0,0.0023431866
90,31,0.0,0.002301524
90,32,0.0,0.0014915518
90,33,0.0,0.0014577364
90,34,0.0,0.0024194634
90,35,0.0,0.0035844129
90,36,0.168058172108663,0.001494295
90,37,0.147605225384289,0.0014806921
90,38,0.0,0.0014759405
90,39,0.0,0.0014867489
90,40,0.0,0.0030615
90,41,0.0,0.0024331873
90,42,0.0,0.0014847917
90,43,0.0,0.0016539334
90,44,0.0,0.0028226618
90,45,-0.158248235904828,0.002364383
90,46,0.0,0.0018317779
90,47,0.0,0.0018373444
90,48,0.146211615937752,0.0023252605
90,49,0.0,0.0016530235
90,50,0.0,0.0023948927
90,51,0.0,0.0016337037
90,52,0.0,0.0020030881
90,53,0.0,0.0022984836
90,54,0.148263645283628,0.0014694543
90,55,0.0,0.0027432633
90,56,0.0,0.00260049
90,57,0.157530759955681,0.0025335941
90,58,0.0,0.0032401108
90,59,0.0,0.0034283432
90,60,0.0,0.0034082863
90,61,0.0,0.0027709925
90,62,0.0,0.003437907
90,63,0.0,0.0022708783
90,64,0.0,0.0032609645
90,65,0.0,0.0026392872
90,66,0.0,0.0015996369
90,67,0.0,0.0016146405
90,68,0.0,0.0034856573
90,69,0.0,0.002053489
90,70,0.0,0.0016664173
90,71,0.0,0.0014981129
90,72,0.0,0.0028686738
90,73,0.0,0.0022924962
90,74,0.0,0.0025969488
90,75,0.0,0.0034827492
90,76,0.157040467040775,0.0026283273
90,77,0.158580364086991,0.0018957555
90,78,0.14596713295991,0.002470056
90,79,0.0,0.0016671577
90,80,0.0,0.0027058418
90,81,0.0,0.0033661341
90,82,0.0,0.0021845438
90,83,0.0,0.0016658618
90,84,0.0,0.0023438376
90,85,0.0,0.002800248
90,86,0.0,0.0014759572
90,87,0.0,0.0018492918
90,88,0.0,0.002195829
90,89,0.0,0.0024340497
90,90,0.911337735364214,0.030703487
90,91,0.0,0.0032015932
90,92,0.0,0.0017237677
90,93,0.0,0.001478082
90,94,-0.133682189839962,0.0025006551
90,95,0.0,0.0014925105
90,96,0.0,0.003595774
90,97,0.143143325442225,0.0023988243
90,98,0.0,0.0023243153
90,99,0.0,0.0017017294
90,100,0.0,0.0021570409
90,101,0.0,0.0025683772
90,102,0.0,0.002771724
90,103,-0.141377847398009,0.002321729
90,104,0.0,0.0025503943
90,105,0.0,0.0021656188
90,106,0.0,0.0028681476
90,107,0.0,0.0014610179
90,108,0.0,0.0024529826
90,109,0.0,0.0029211468
90,110,0.0,0.0025247885
90,111,0.0,0.0017326223
90,112,0.0,0.0014979239
90,113,0.0,0.0024204832
90,114,0.0,0.0016237637
90,115,0.0,0.0025530276
90,116,0.0,0.0014855461
90,117,0.0,0.0023766127
90,118,0.0,0.0024383874
90,119,0.0,0.0033502984
90,120,0.0,0.0036332682
90,121,0.0,0.0016530948
90,122,0.0,0.0025910633
90,123,0.0,0.0021464406
90,124,0.0,0.0016255579
90,125,0.0,0.002385057
90,126,0.0,0.0028015883
90,127,0.0,0.0016478333
90,128,0.0,0.0025937865
90,129,0.0,0.0022328272
90,130,0.0,0.0016138447
90,131,0.0,0.0046581132
90,132,-0.146275233765299,0.0016812715
90,133,0.0,0.0018477761
90,134,0.0,0.0038203308
90,135,0.16247773432918,0.0016764635
90,136,0.0,0.0016465234
90,137,0.0,0.0014918549
90,138,0.0,0.001492233
90,139,0.0,0.001668374
90,140,-0.137929429366439,0.0021631997
90,141,0.0,0.0034462619
90,142,0.0,0.0015914077
90,143,0.0,0.0022920095
90,144,0.0,0.0017292509
90,145,0.0,0.0017282707
90,146,0.139572621263728,0.0032214276
90,147,0.0,0.0014717067
90,148,0.0,0.0014919839
90,149,0.0,0.002550566
90,150,0.0,0.0053275935
90,151,0.0,0.0019793701
90,152,0.0,0.002487117
90,153,0.0,0.0022018985
90,154,0.0,0.001503434
90,155,0.0,0.0025100694
90,156,0.0,0.0015990571
90,157,0.0,0.00190912
90,158,0.0,0.0026347507
90,159,0.0,0.0014833021
90,160,0.0,0.0023542223
90,161,0.0,0.0027725343
90,162,0.0,0.003456307
90,163,0.0,0.0022129896
90,164,0.0,0.0017942386
90,165,0.0,0.0020560431
90,166,0.0,0.0016455683
90,167,0.0,0.002805592
90,168,0.0,0.0031554573
90,169,0.0,0.0018797969
90,170,0.0,0.0019761273
90,171,0.0,0.0026142844
90,172,0.0,0.0024027545
90,173,0.0,0.0027298578
90,174,0.147171325509344,0.0017750016
90,175,0.0,0.0018184045
90,176,0.0,0.0024879202
90,177,0.0,0.0023081955
90,178,0.0,0.0034339698
90,179,0.0,0.001747488
90,180,0.0,0.0036167647
90,181,0.0,0.002653169
90,182,-0.147010403102081,0.0016333014
90,183,0.0,0.0031497981
90,184,0.0,0.0023778155
90,185,0.0,0.002359374
90,186,0.0,0.0015546959
90,187,0.0,0.0025933562
90,188,0.0,0.0020248704
90,189,0.0,0.0025749984
90,190,0.0,0.0014870223
90,191,0.0,0.0024762466
90,192,0.0,0.0014617709
90,193,0.0,0.0017223731
90,194,0.0,0.0022377013
90,195,0.0,0.0023862761
90,196,0.0,0.0016001067
90,197,0.0,0.0014666999
90,198,0.0,0.0016954336
90,199,0.0,0.0014790329
90,200,0.0,0.0016103862
90,201,0.0,0.0023790705
90,202,0.0,0.002731929
90,203,0.0,0.0017432948
90,204,-0.152093794246982,0.0018790523
90,205,0.0,0.0021408675
90,206,0.0,0.0026366152
90,207,0.0,0.0019348352
90,208,0.0,0.0014754068
90,209,0.0,0.0023636115
90,210,0.0,0.003276832
90,211,0.0,0.0026210807
90,212,0.0,0.0037074648
90,213,0.0,0.0027654748
90,214,0.0,0.002508793
90,215,0.0,0.0016840943
90,216,0.0,0.0023157327
90,217,0.0,0.0014775218
90,218,0.0,0.0014599496
90,219,0.0,0.0024972116
90,220,0.0,0.0027627554
90,221,0.0,0.0022655968
90,222,0.0,0.001824135
90,223,0.0,0.002962072
90,224,0.0,0.0015472793
90,225,0.0,0.0014724233
90,226,0.0,0.001492029
90,227,0.0,0.002464389
90,228,0.0,0.0016777087
90,229,0.0,0.0024289857
90,230,0.0,0.0014989045
90,231,0.0,0.0017283461
90,232,0.0,0.0030497857
90,233,0.0,0.0024614586
90,234,0.0,0.0035721683
90,235,0.0,0.001731439
90,236,0.0,0.0031409855
90,237,0.0,0.0023533003
90,238,0.134700819254345,0.0015498362
90,239,0.0,0.0034185424
90,240,0.0,0.001967715
90,241,0.0,0.0039929454
90,242,0.0,0.0026119365
90,243,0.0,0.0017872546
90,244,0.0,0.002633614
90,245,0.0,0.0020110528
90,246,0.0,0.0021510902
90,247,0.0,0.001976056
90,248,0.0,0.0018898519
90,249,0.0,0.0016888194
90,250,0.0,0.0015976191
90,251,0.0,0.0025432566
90,252,0.0,0.0024048076
90,253,0.0,0.0017532595
90,254,0.0,0.0016178763
90,255,0.0,0.002333071
90,256,0.0,0.0018858272
90,257,0.0,0.0022145277
90,258,0.0,0.0033764075
90,259,0.0,0.0023834547
90,260,0.0,0.0032840543
90,261,0.0,0.0019504749
90,262,0.0,0.0015734457
90,263,0.0,0.0035770969
90,264,0.130859925124504,0.0019953148
90,265,0.0,0.0014680196
90,266,0.0,0.0025515906
90,267,0.0,0.0026022773
90,268,0.0,0.0014807791
91,1,0.0,0.0023563416
91,2,0.0,0.0027660918
91,3,0.0,0.0022704145
91,4,0.0,0.0023801406
91,5,0.0,0.0023977295
91,6,0.0,0.0015188991
91,7,0.0,0.0016918979
91,8,0.0,0.0033615245
91,9,0.0,0.0014819237
91,10,0.0,0.0025927853
91,11,0.0,0.0023329123
91,12,0.0,0.001715424
91,13,0.0,0.0025260993
91,14,0.0,0.0024623554
91,15,0.0,0.0023925495
91,16,0.0,0.0030327355
91,17,0.0,0.0022680983
91,18,0.0,0.002519609
91,19,0.0,0.001746573
91,20,0.0,0.0019044112
91,21,0.150708030199981,0.003512755
91,22,0.0,0.0022984291
91,23,0.0,0.0030260584
91,24,0.0,0.00181035
91,25,0.0,0.0024919738
91,26,0.0,0.0036046244
91,27,0.0,0.0014863703
91,28,0.0,0.0024610036
91,29,-0.141960871253281,0.0015430884
91,30,0.0,0.0026757359
91,31,0.0,0.002541042
91,32,0.0,0.0025105183
91,33,0.0,0.0019959416
91,34,-0.146298238448382,0.0025927788
91,35,0.0,0.002640517
91,36,0.0,0.0027732328
91,37,0.0,0.00254968
91,38,0.0,0.0019863956
91,39,0.0,0.0035228482
91,40,0.0,0.002623131
91,41,0.0,0.0025900537
91,42,0.0,0.002615407
91,43,0.0,0.002576116
91,44,0.0,0.0025241114
91,45,0.0,0.0031478214
91,46,0.0,0.0031635389
91,47,0.0,0.002384481
91,48,0.0,0.002480256
91,49,0.0,0.0021596001
91,50,0.0,0.0028525093
91,51,0.0,0.001906909
91,52,0.0,0.0022520348
91,53,0.0,0.0035038372
91,54,0.0,0.0019027721
91,55,0.0,0.0032587275
91,56,0.0,0.0028753732
91,57,0.152239528107348,0.0024223286
91,58,0.0,0.0025418233
91,59,0.0,0.002716368
91,60,0.0,0.0023104353
91,61,0.0,0.0018416024
91,62,0.0,0.002327843
91,63,0.0,0.0026053376
91,64,0.0,0.003512099
91,65,0.0,0.0026940424
91,66,0.0,0.002706937
91,67,0.0,0.0015629553
91,68,0.0,0.003040601
91,69,0.0,0.0021075234
91,70,0.0,0.0027870461
91,71,0.0,0.0027320469
91,72,0.0,0.0021075327
91,73,0.0,0.0025520744
91,74,0.148636991324743,0.0024302877
91,75,0.0,0.0021878849
91,76,0.0,0.0019859266
91,77,0.0,0.0020281426
91,78,0.0,0.002695335
91,79,0.168080518828227,0.002420735
91,80,0.0,0.0027480307
91,81,0.0,0.0023153857
91,82,0.0,0.001493514
91,83,0.0,0.003482704
91,84,0.0,0.0034698737
91,85,0.0,0.0027169618
91,86,0.0,0.001900515
91,87,0.0,0.002405907
91,88,0.0,0.0029193517
91,89,0.0,0.0018320959
91,90,0.1560356537215,0.0032015932
91,91,0.0,0.030703487
91,92,0.0,0.0023370902
91,93,0.0,0.0035994928
91,94,0.0,0.001684702
91,95,0.0,0.0026624426
91,96,0.0,0.0032246895
91,97,0.0,0.0035905498
91,98,0.0,0.0018554162
91,99,0.0,0.0024139439
91,100,0.0,0.0024177711
91,101,0.0,0.0020929677
91,102,0.0,0.0016269358
91,103,0.0,0.0018688403
91,104,0.133852536964338,0.002309224
91,105,0.0,0.0029671025
91,106,0.0,0.0025404715
91,107,0.0,0.0020980267
91,108,0.0,0.002659901
91,109,0.0,0.003104894
91,110,0.0,0.003505602
91,111,0.0,0.002391295
91,112,0.0,0.002551449
91,113,0.0,0.0024782554
91,114,0.0,0.0024144575
91,115,0.0,0.0017389981
91,116,0.139606475097677,0.0014871699
91,117,-0.139772281319619,0.002321029
91,118,0.0,0.0023988853
91,119,0.0,0.002903901
91,120,0.0,0.0030706218
91,121,0.0,0.002436887
91,122,0.0,0.0027773357
91,123,0.0,0.0031367922
91,124,0.0,0.0025042747
91,125,0.137537955650686,0.0036123176
91,126,0.0,0.0014814804
91,127,0.0,0.0015867464
91,128,0.0,0.002827899
91,129,0.0,0.0019470155
91,130,0.0,0.0023795501
91,131,0.0,0.0016207821
91,132,0.0,0.001904835
91,133,0.0,0.003487629
91,134,0.0,0.0028432994
91,135,0.0,0.001982519
91,136,0.0,0.0022320016
91,137,0.0,0.002036177
91,138,0.0,0.0017407117
91,139,0.141054989065364,0.0014939741
91,140,0.0,0.002420552
91,141,0.0,0.0015937835
91,142,0.0,0.0025325706
91,143,0.0,0.0033367747
91,144,0.0,0.0026195562
91,145,0.0,0.0023127035
91,146,0.0,0.0015742444
91,147,0.140465161372852,0.0016622017
91,148,0.0,0.0026342766
91,149,0.0,0.0024594446
91,150,0.0,0.0022414494
91,151,0.0,0.0027033081
91,152,0.0,0.002893088
91,153,0.0,0.002338165
91,154,0.0,0.002228057
91,155,0.0,0.0017835591
91,156,0.0,0.0015863506
91,157,0.0,0.0022910312
91,158,0.0,0.002749933
91,159,0.0,0.0023220032
91,160,0.0,0.0023476817
91,161,0.0,0.003617411
91,162,0.0,0.002262217
91,163,0.0,0.002523703
91,164,0.0,0.0014978643
91,165,0.0,0.0016077491
91,166,0.0,0.0023610848
91,167,0.0,0.0023784451
91,168,0.0,0.0022220337
91,169,0.0,0.0020692525
91,170,0.0,0.0031784233
91,171,0.0,0.0027898727
91,172,0.0,0.0024367436
91,173,0.0,0.002367599
91,174,0.0,0.0018916791
91,175,0.0,0.0014977101
91,176,0.140993075842822,0.002336456
91,177,-0.134458602289421,0.0023859753
91,178,0.0,0.0024486026
91,179,0.0,0.0028894832
91,180,0.0,0.002988969
91,181,0.0,0.002710558
91,182,0.0,0.0024316325
91,183,0.0,0.0024275999
91,184,0.0,0.0022370648
91,185,0.139891161748456,0.0015927325
91,186,0.0,0.002312655
91,187,0.0,0.001744885
91,188,0.0,0.0027041114
91,189,0.0,0.0022190777
91,190,0.0,0.0015453715
91,191,0.0,0.0021879394
91,192,0.0,0.0019433047
91,193,0.0,0.0033638626
91,194,0.0,0.0032831915
91,195,0.0,0.0019137999
91,196,0.0,0.003492522
91,197,0.0,0.0015211655
91,198,0.0,0.0022104657
91,199,0.0,0.0025643934
91,200,0.0,0.0019088597
91,201,0.0,0.0015606862
91,202,0.141409136534162,0.002527948
91,203,0.0,0.0023268624
91,204,0.0,0.0020752833
91,205,0.0,0.00240594
91,206,0.0,0.0028264178
91,207,0.0,0.0022512288
91,208,0.0,0.0025506066
91,209,0.0,0.002350926
91,210,0.0,0.0021227314
91,211,0.0,0.003366949
91,212,0.0,0.0015185936
91,213,0.0,0.0024725576
91,214,0.0,0.0022663097
91,215,0.0,0.0027726633
91,216,0.0,0.0026139845
91,217,0.0,0.0030589919
91,218,0.0,0.0015824973
91,219,0.0,0.0016781688
91,220,0.0,0.0023458847
91,221,0.0,0.002582063
91,222,0.0,0.0014914153
91,223,0.0,0.002457825
91,224,0.0,0.0027805073
91,225,0.0,0.0024997643
91,226,0.0,0.00262297
91,227,0.0,0.003631616
91,228,0.0,0.0025524632
91,229,0.0,0.0016647638
91,230,0.0,0.00276971
91,231,0.0,0.0027834442
91,232,0.0,0.0024287314
91,233,0.0,0.0026537566
91,234,0.0,0.0024340823
91,235,0.0,0.002086963
91,236,0.0,0.0015653777
91,237,0.0,0.0016483222
91,238,0.0,0.0021176087
91,239,0.0,0.002461771
91,240,0.0,0.0026134253
91,241,0.0,0.002404729
91,242,0.145033581652047,0.0035190322
91,243,0.0,0.0027054232
91,244,0.0,0.0027814591
91,245,0.0,0.0016924767
91,246,0.0,0.0026296633
91,247,0.0,0.0016510189
91,248,0.0,0.0027007144
91,249,0.0,0.0016662204
91,250,0.0,0.00215489
91,251,0.0,0.0024169926
91,252,0.0,0.003485491
91,253,0.133325431485164,0.002991978
91,254,0.0,0.0021823067
91,255,0.0,0.0032533277
91,256,0.0,0.0032619121
91,257,0.0,0.0026391344
91,258,0.0,0.0021017725
91,259,0.0,0.003185717
91,260,0.0,0.003497573
91,261,0.0,0.0025334181
91,262,0.0,0.003530723
91,263,0.0,0.001980714
91,264,0.0,0.0016822619
91,265,0.0,0.0017421609
91,266,0.0,0.002681734
91,267,0.0,0.0033466057
91,268,0.0,0.0026592058
92,1,0.0,0.0033000861
92,2,0.0,0.0031009926
92,3,0.0,0.0036228383
92,4,0.0,0.0024235174
92,5,0.0,0.0016655568
92,6,0.0,0.0029137963
92,7,0.0,0.00275855
92,8,0.0,0.00274615
92,9,0.0,0.0035601426
92,10,0.0,0.0035311906
92,11,0.0,0.002357101
92,12,0.0,0.0025088033
92,13,0.0,0.0024236022
92,14,0.0,0.0026835375
92,15,0.0,0.0027295547
92,16,0.0,0.002553753
92,17,0.0,0.0021659401
92,18,0.0,0.0029638568
92,19,0.0,0.0035906532
92,20,0.0,0.002290505
92,21,0.0,0.0015402418
92,22,-0.153075821404748,0.0016108267
92,23,0.0,0.003399531
92,24,0.0,0.0027595554
92,25,0.0,0.002928053
92,26,0.0,0.0031228852
92,27,0.138161873535785,0.0024142312
92,28,0.140806327012391,0.0026639402
92,29,0.0,0.002284747
92,30,0.0,0.0033566528
92,31,0.0,0.0024225726
92,32,0.0,0.0025743544
92,33,0.0,0.0026137736
92,34,0.0,0.0025922237
92,35,0.0,0.0024943734
92,36,0.0,0.0015760115
92,37,0.0,0.0027116179
92,38,0.0,0.0019351314
92,39,0.0,0.0022764057
92,40,0.0,0.002323063
92,41,0.0,0.0023171646
92,42,0.0,0.002175067
92,43,0.0,0.003520233
92,44,0.0,0.0034162994
92,45,0.0,0.0023974548
92,46,0.0,0.002591414
92,47,0.0,0.0022101044
92,48,0.0,0.0021874467
92,49,0.0,0.00248721
92,50,0.0,0.002134256
92,51,0.0,0.0026228377
92,52,0.0,0.0027835798
92,53,0.0,0.0022886065
92,54,0.0,0.0017058612
92,55,0.0,0.0022501303
92,56,0.0,0.0015729461
92,57,0.0,0.0023003384
92,58,0.0,0.0027844594
92,59,0.0,0.0023081475
92,60,0.0,0.0033226265
92,61,0.0,0.0024998998
92,62,0.0,0.002620852
92,63,0.139827322525996,0.0025776355
92,64,0.0,0.0023691203
92,65,0.0,0.00251819
92,66,0.0,0.001953669
92,67,0.135754577789578,0.0017307298
92,68,0.0,0.002745037
92,69,0.0,0.0021409984
92,70,0.0,0.0022510756
92,71,0.0,0.001751279
92,72,0.132106295164543,0.002313199
92,73,0.0,0.002386813
92,74,0.0,0.0023355307
92,75,0.130845834722663,0.002356545
92,76,0.0,0.0024432521
92,77,0.0,0.0017424473
92,78,0.0,0.0025359984
92,79,0.0,0.0025819088
92,80,0.0,0.0022826777
92,81,0.0,0.0023466735
92,82,0.0,0.0026258337
92,83,0.0,0.003448097
92,84,-0.142147425890772,0.0027013095
92,85,0.0,0.0027594254
92,86,0.0,0.0036321264
92,87,0.0,0.0027980423
92,88,0.0,0.0031507844
92,89,0.0,0.0026680073
92,90,0.0,0.0017237677
92,91,0.0,0.0023370902
92,92,0.329169939504936,0.030703487
92,93,0.0,0.0016642888
92,94,0.0,0.0022114068
92,95,0.0,0.0018475088
92,96,0.0,0.0026028655
92,97,0.0,0.002528343
92,98,-0.150906235733942,0.001985657
92,99,0.0,0.0022127028
92,100,0.146166889319234,0.0025722962
92,101,0.0,0.0031214543
92,102,0.0,0.0017227558
92,103,0.0,0.0025515328
92,104,0.0,0.0025482993
92,105,0.0,0.0035229078
92,106,0.0,0.0025304272
92,107,0.0,0.0025671846
92,108,0.0,0.0031801797
92,109,0.0,0.002670684
92,110,0.0,0.0031322357
92,111,0.0,0.002015696
92,112,0.0,0.0032293233
92,113,0.0,0.002954281
92,114,0.0,0.0016107825
92,115,0.0,0.0029822476
92,116,0.0,0.0035682353
92,117,0.0,0.002071035
92,118,0.157012479292463,0.0029973807
92,119,0.169436240466139,0.0032232567
92,120,0.0,0.0036301478
92,121,0.0,0.0015786598
92,122,0.0,0.0014785323
92,123,0.0,0.003240169
92,124,0.0,0.0023476318
92,125,0.0,0.0018987404
92,126,0.0,0.0024840888
92,127,0.0,0.002376378
92,128,0.152852209437933,0.0035784151
92,129,0.0,0.003032092
92,130,0.0,0.0029083565
92,131,0.0,0.003044324
92,132,0.0,0.0023140097
92,133,0.0,0.003547016
92,134,0.0,0.0021666987
92,135,0.0,0.0025678887
92,136,0.0,0.003551037
92,137,0.156809581643435,0.0020059366
92,138,0.0,0.0027424283
92,139,0.0,0.0035451087
92,140,0.0,0.0014833515
92,141,0.0,0.0015755305
92,142,0.0,0.0032905648
92,143,0.0,0.0020026611
92,144,0.0,0.0022842693
92,145,0.0,0.003329942
92,146,0.15017482816504,0.003087846
92,147,0.0,0.002827419
92,148,0.0,0.0033841063
92,149,0.0,0.0020846273
92,150,0.0,0.0018217238
92,151,0.0,0.0014872518
92,152,0.0,0.0023801732
92,153,0.0,0.003427594
92,154,0.0,0.0026637116
92,155,0.0,0.003092023
92,156,0.0,0.0014966326
92,157,0.0,0.0024605426
92,158,0.0,0.0023575663
92,159,0.0,0.0024694563
92,160,0.0,0.0026677772
92,161,0.0,0.0026863725
92,162,0.0,0.0024313391
92,163,0.0,0.0023831455
92,164,0.0,0.0028925878
92,165,0.0,0.002482195
92,166,0.155791510186215,0.0034934566
92,167,0.0,0.0027929014
92,168,0.0,0.0020647254
92,169,0.0,0.0030534002
92,170,0.0,0.001962387
92,171,0.0,0.0036048838
92,172,0.0,0.0018546507
92,173,0.0,0.0020436202
92,174,0.0,0.0015356578
92,175,0.0,0.0016510747
92,176,0.0,0.0021889494
92,177,0.0,0.0025727013
92,178,0.0,0.0018576891
92,179,0.0,0.0018841471
92,180,0.0,0.0034149657
92,181,0.0,0.0035899333
92,182,0.0,0.0019473596
92,183,0.0,0.0029644673
92,184,0.0,0.002539651
92,185,0.0,0.0025871838
92,186,0.0,0.0023771743
92,187,0.0,0.0032686736
92,188,0.0,0.0021353
92,189,0.0,0.0026747994
92,190,0.0,0.0026889564
92,191,0.0,0.0022351015
92,192,0.0,0.0027426146
92,193,0.0,0.0023091072
92,194,0.0,0.0031033023
92,195,0.0,0.0023294953
92,196,0.0,0.002579202
92,197,0.0,0.0025875517
92,198,0.0,0.002361529
92,199,0.0,0.0024773204
92,200,0.0,0.0025701649
92,201,0.0,0.0024511656
92,202,0.153646287427254,0.0021911622
92,203,0.0,0.0023837988
92,204,0.0,0.001785968
92,205,0.0,0.0027702819
92,206,0.0,0.002187878
92,207,0.0,0.0019454286
92,208,0.0,0.0029879021
92,209,0.147167442401491,0.0023895986
92,210,0.0,0.0025051264
92,211,0.0,0.0028421902
92,212,0.0,0.001497936
92,213,0.0,0.002358364
92,214,0.0,0.0022958037
92,215,0.0,0.0016648695
92,216,0.0,0.0026691384
92,217,0.0,0.0022761086
92,218,0.0,0.002699593
92,219,0.0,0.0018671108
92,220,0.0,0.0023775878
92,221,0.0,0.0023885085
92,222,0.0,0.002502034
92,223,0.0,0.0025085737
92,224,0.0,0.0018418981
92,225,0.0,0.003354994
92,226,0.0,0.0033577918
92,227,0.0,0.002515471
92,228,0.0,0.0024487711
92,229,0.16567045888041,0.0035307645
92,230,0.152431240133645,0.0020800144
92,231,0.0,0.0017707199
92,232,0.0,0.001514466
92,233,0.0,0.002681728
92,234,0.1447976140219,0.0017748196
92,235,0.0,0.0024570348
92,236,0.0,0.0024767527
92,237,0.0,0.0015824083
92,238,0.0,0.0023424802
92,239,0.0,0.002256147
92,240,0.0,0.0017436082
92,241,0.0,0.0030407668
92,242,0.0,0.0030877888
92,243,0.0,0.002493877
92,244,0.0,0.0027533611
92,245,0.0,0.0027798414
92,246,0.0,0.0015357332
92,247,0.0,0.00303311
92,248,0.0,0.0025115144
92,249,0.0,0.002472362
92,250,0.0,0.0014932062
92,251,0.0,0.0031892308
92,252,0.0,0.0026635397
92,253,0.0,0.001915847
92,254,0.0,0.0026127133
92,255,0.0,0.0022084513
92,256,0.0,0.002267744
92,257,0.0,0.002772376
92,258,0.0,0.0025652759
92,259,0.0,0.0014942191
92,260,0.0,0.003332342
92,261,0.0,0.0021187002
92,262,0.0,0.0027648536
92,263,0.0,0.0034820926
92,264,0.0,0.0032655434
92,265,0.0,0.0026491648
92,266,0.0,0.0021024062
92,267,0.0,0.0019281087
92,268,0.0,0.0014801929
93,1,0.0,0.0014935872
93,2,0.0,0.002383097
93,3,0.0,0.003609464
93,4,0.0,0.0025626188
93,5,-0.13376210181058,0.0032608355
93,6,0.0,0.003598304
93,7,0.0,0.0023468584
93,8,0.0,0.0023655607
93,9,0.0,0.0017899754
93,10,0.0,0.002615186
93,11,0.0,0.002720939
93,12,0.0,0.0022633984
93,13,0.0,0.0025564167
93,14,0.0,0.0025591864
93,15,0.0,0.0014973106
93,16,0.0,0.0022228775
93,17,0.0,0.0023890864
93,18,0.0,0.002538416
93,19,0.0,0.0035333727
93,20,0.0,0.0016240142
93,21,0.0,0.0014927452
93,22,0.0,0.0017666412
93,23,0.0,0.0029420597
93,24,0.0,0.0032747863
93,25,0.0,0.0032293336
93,26,0.153360342400647,0.0024394924
93,27,0.0,0.0025271252
93,28,0.0,0.0020432281
93,29,-0.140420976033214,0.0018083164
93,30,0.154736667843469,0.0019112066
93,31,0.0,0.0027572708
93,32,0.0,0.0021699304
93,33,0.0,0.0023542424
93,34,-0.144711294411606,0.0026658634
93,35,0.0,0.003314021
93,36,0.0,0.0027031042
93,37,0.0,0.0017890157
93,38,0.0,0.0028073154
93,39,0.0,0.0015091682
93,40,-0.149052892973345,0.0026094415
93,41,0.0,0.0025968337
93,42,0.0,0.002453933
93,43,0.0,0.0014984729
93,44,0.0,0.0028008302
93,45,0.151273992671308,0.0018040678
93,46,0.0,0.001486598
93,47,0.0,0.0023229164
93,48,0.0,0.002473535
93,49,0.0,0.0025868844
93,50,0.0,0.001694825
93,51,0.0,0.0026990417
93,52,0.0,0.001824446
93,53,0.0,0.0014812835
93,54,0.0,0.002282787
93,55,0.0,0.0023585558
93,56,0.0,0.0024143383
93,57,0.0,0.0035699415
93,58,0.0,0.002683715
93,59,0.0,0.0014837203
93,60,0.0,0.002508047
93,61,0.0,0.0014978582
93,62,0.0,0.0026367046
93,63,0.0,0.0036060903
93,64,0.0,0.002782112
93,65,0.0,0.002239908
93,66,0.0,0.0014933338
93,67,-0.144584733391396,0.0029292363
93,68,0.0,0.0024558767
93,69,0.0,0.0035339328
93,70,0.0,0.0017516431
93,71,0.0,0.0015768753
93,72,0.0,0.0017059268
93,73,0.0,0.0034232489
93,74,0.0,0.0022884132
93,75,0.0,0.0018977453
93,76,0.0,0.0020189784
93,77,0.0,0.0025237552
93,78,0.0,0.0014983048
93,79,0.0,0.0022728038
93,80,0.0,0.0025924155
93,81,0.0,0.0022587935
93,82,0.0,0.0034257742
93,83,0.0,0.0022937264
93,84,0.0,0.0021707844
93,85,0.0,0.0024172221
93,86,0.0,0.0026297471
93,87,0.0,0.002416052
93,88,0.0,0.0023118346
93,89,-0.145644926374028,0.002397846
93,90,0.0,0.001478082
93,91,0.0,0.0035994928
93,92,0.0,0.0016642888
93,93,0.0,0.030703487
93,94,0.0,0.0014885808
93,95,0.0,0.0019275434
93,96,0.0,0.0023804884
93,97,-0.158428269976889,0.0021597291
93,98,0.0,0.002558461
93,99,0.0,0.0026773121
93,100,0.0,0.0020982
93,101,0.0,0.002562379
93,102,0.0,0.003312292
93,103,0.0,0.0022651204
93,104,0.0,0.0019236775
93,105,0.0,0.0023562056
93,106,0.0,0.0025721858
93,107,0.154116494387954,0.0032817693
93,108,0.0,0.002497476
93,109,-0.156777249466328,0.0018909327
93,110,0.0,0.0030186274
93,111,0.0,0.0014939448
93,112,0.0,0.0026405146
93,113,0.0,0.0024496429
93,114,0.0,0.0021594581
93,115,0.0,0.002310676
93,116,0.0,0.0016160212
93,117,0.0,0.0023762984
93,118,0.0,0.0026971446
93,119,0.0,0.0023192642
93,120,0.0,0.0020388123
93,121,0.151704014343894,0.0022872617
93,122,0.0,0.0024259905
93,123,0.0,0.0025878018
93,124,0.0,0.0030983407
93,125,-0.153720516072036,0.0020419634
93,126,0.0,0.00238404
93,127,0.0,0.002860324
93,128,0.0,0.0024253442
93,129,0.0,0.0026566857
93,130,0.0,0.0025959685
93,131,0.0,0.002528029
93,132,0.0,0.0023573725
93,133,0.0,0.0026435861
93,134,0.0,0.0025805715
93,135,-0.179827220584771,0.0021998966
93,136,0.0,0.0029967776
93,137,0.0,0.0022494905
93,138,0.0,0.0033124504
93,139,0.0,0.0027487027
93,140,0.0,0.0014782678
93,141,0.0,0.0025026933
93,142,0.0,0.002527473
93,143,0.0,0.0018497142
93,144,0.0,0.002535812
93,145,0.0,0.0026600743
93,146,0.0,0.0027903463
93,147,0.0,0.0021373434
93,148,0.0,0.0028035985
93,149,0.0,0.0018772692
93,150,0.0,0.0023303828
93,151,0.0,0.002047272
93,152,0.0,0.0022973348
93,153,0.0,0.0014923541
93,154,0.0,0.0021903561
93,155,0.0,0.0025520115
93,156,0.152677406270126,0.0025378
93,157,0.0,0.002666588
93,158,0.0,0.002264259
93,159,0.148727706534762,0.00214969
93,160,0.0,0.0021660472
93,161,0.0,0.002689165
93,162,-0.149320770804493,0.0028027617
93,163,0.0,0.0018618423
93,164,0.0,0.0033045174
93,165,0.0,0.002204461
93,166,0.0,0.0015781447
93,167,0.0,0.002578169
93,168,0.0,0.0016263267
93,169,0.0,0.0024806717
93,170,0.0,0.002414852
93,171,0.0,0.002630997
93,172,0.0,0.0020501409
93,173,0.0,0.0015746122
93,174,0.0,0.0026418553
93,175,0.0,0.0014904323
93,176,0.0,0.0026873644
93,177,0.0,0.0027257665
93,178,0.0,0.002429836
93,179,0.0,0.002191103
93,180,0.0,0.0022832816
93,181,0.0,0.003570938
93,182,0.0,0.0029830863
93,183,0.0,0.0022976836
93,184,0.0,0.002936008
93,185,0.0,0.002401629
93,186,0.0,0.0023687351
93,187,0.0,0.0020364216
93,188,0.0,0.0014912509
93,189,-0.157516067661454,0.0028172098
93,190,0.0,0.0024505518
93,191,0.0,0.0021515512
93,192,0.0,0.0026918421
93,193,0.0,0.0028123884
93,194,0.0,0.003572381
93,195,0.0,0.0020697247
93,196,0.0,0.0032263314
93,197,0.0,0.002454755
93,198,0.0,0.0031306506
93,199,0.0,0.0025376547
93,200,0.0,0.002701058
93,201,0.0,0.00274553
93,202,0.0,0.00277455
93,203,0.0,0.0024288893
93,204,0.0,0.0032328893
93,205,0.0,0.0024484675
93,206,0.0,0.002341284
93,207,0.0,0.0017358977
93,208,0.0,0.0025082827
93,209,0.0,0.0030261315
93,210,0.0,0.0025905203
93,211,0.0,0.0024426272
93,212,0.0,0.0026815557
93,213,0.0,0.002441708
93,214,0.162450720141644,0.0018488578
93,215,0.0,0.0025539906
93,216,0.0,0.0023059798
93,217,0.0,0.0018438087
93,218,0.0,0.0035488699
93,219,0.0,0.0022753258
93,220,0.0,0.0018637488
93,221,0.185860022911456,0.0027556987
93,222,0.0,0.0024744347
93,223,0.0,0.0029177084
93,224,0.0,0.0032515968
93,225,0.0,0.0022464567
93,226,0.0,0.001510493
93,227,0.0,0.0015250794
93,228,0.0,0.0028230296
93,229,0.0,0.0025513954
93,230,0.0,0.0025118631
93,231,0.0,0.00238878
93,232,0.0,0.001725872
93,233,0.0,0.0016825804
93,234,0.0,0.0019242433
93,235,0.0,0.0036127707
93,236,0.0,0.0027083275
93,237,0.0,0.0032237926
93,238,0.0,0.0015413794
93,239,0.0,0.0033796267
93,240,0.0,0.0026158113
93,241,0.0,0.0023262217
93,242,0.162098068957427,0.0035330579
93,243,0.0,0.0025428631
93,244,0.0,0.0017400961
93,245,0.152545969880126,0.0019492484
93,246,0.0,0.0023675412
93,247,0.0,0.0020374581
93,248,0.0,0.001895206
93,249,0.0,0.002533311
93,250,0.0,0.0031489003
93,251,0.0,0.0019692397
93,252,0.0,0.0015007216
93,253,0.0,0.0016410253
93,254,0.0,0.0026324983
93,255,0.0,0.002475921
93,256,0.0,0.0035217064
93,257,0.0,0.0023832177
93,258,0.0,0.0030868202
93,259,-0.159552165057565,0.0024163215
93,260,0.0,0.002414044
93,261,0.0,0.002332162
93,262,0.0,0.002698753
93,263,0.0,0.0018727994
93,264,0.0,0.002205192
93,265,0.0,0.0020975666
93,266,0.168808424729123,0.0021092603
93,267,-0.157837033555767,0.001992966
93,268,0.0,0.0030705524
94,1,0.0,0.0014690356
94,2,0.0,0.003109564
94,3,0.156597104354557,0.0016758279
94,4,0.0,0.00271481
94,5,0.0,0.0023827585
94,6,0.0,0.0027920445
94,7,0.0,0.002326888
94,8,0.0,0.0030877762
94,9,0.0,0.0024013957
94,10,0.0,0.0022919835
94,11,0.0,0.0022835438
94,12,0.0,0.0021129618
94,13,0.0,0.0034069633
94,14,0.0,0.0025460944
94,15,0.0,0.0014729034
94,16,0.0,0.003470852
94,17,0.0,0.0023098984
94,18,0.0,0.0023380783
94,19,0.0,0.002352666
94,20,-0.142066714584711,0.0025385683
94,21,0.150039826455604,0.0016394947
94,22,0.0,0.0019722367
94,23,0.0,0.0033831028
94,24,0.0,0.001718598
94,25,0.0,0.0024229237
94,26,0.0,0.0025466122
94,27,0.0,0.0017342335
94,28,0.0,0.0016285148
94,29,0.0,0.002036821
94,30,0.0,0.0028718882
94,31,0.0,0.002410159
94,32,0.0,0.0034443988
94,33,0.0,0.0019569066
94,34,0.0,0.0015312014
94,35,0.0,0.0026142458
94,36,0.0,0.0025005955
94,37,0.0,0.0026738895
94,38,0.0,0.003176114
94,39,0.0,0.0015641106
94,40,0.0,0.0027796635
94,41,0.0,0.0023314646
94,42,0.0,0.0022415929
94,43,0.0,0.0032185689
94,44,0.0,0.00279793
94,45,0.0,0.0025056335
94,46,0.0,0.0023754407
94,47,0.0,0.0017639827
94,48,0.0,0.0017410158
94,49,0.0,0.0025697737
94,50,0.0,0.0032496592
94,51,0.0,0.003047096
94,52,0.154090990204135,0.0014759586
94,53,0.0,0.0016306611
94,54,0.0,0.0020673177
94,55,0.0,0.0034202826
94,56,0.0,0.002654438
94,57,0.0,0.0022666352
94,58,0.0,0.0028385557
94,59,-0.154028149996311,0.0023341775
94,60,-0.143473888877337,0.002787847
94,61,0.0,0.0026662294
94,62,0.0,0.0018047979
94,63,0.0,0.0032229093
94,64,0.0,0.0017170943
94,65,0.183834460715622,0.0026193173
94,66,0.0,0.0014917515
94,67,0.0,0.0023905146
94,68,0.0,0.0020465474
94,69,0.0,0.002624332
94,70,0.0,0.0015471047
94,71,0.0,0.0026986282
94,72,0.0,0.002520963
94,73,0.0,0.0024794098
94,74,0.0,0.0017630225
94,75,0.0,0.0027021393
94,76,0.0,0.0035567791
94,77,0.0,0.0025151647
94,78,0.0,0.0021468443
94,79,0.0,0.0025022542
94,80,0.0,0.0023155552
94,81,0.0,0.0035846843
94,82,0.0,0.0022022724
94,83,0.0,0.0027033342
94,84,0.0,0.0024879999
94,85,0.0,0.0017347089
94,86,0.0,0.0015240288
94,87,0.0,0.0021249792
94,88,0.0,0.0033997125
94,89,0.0,0.0019979626
94,90,0.0,0.0025006551
94,91,0.0,0.001684702
94,92,0.0,0.0022114068
94,93,0.0,0.0014885808
94,94,0.197410882916302,0.030703487
94,95,0.0,0.0019941968
94,96,0.0,0.0023711477
94,97,0.147318526126538,0.0017800536
94,98,0.0,0.0015094178
94,99,0.0,0.0027303328
94,100,0.0,0.0017724102
94,101,0.0,0.0028892877
94,102,0.0,0.0026807357
94,103,0.0,0.0019882377
94,104,0.0,0.0023839301
94,105,0.0,0.0026829452
94,106,-0.146004337311818,0.0024208017
94,107,0.0,0.0036009056
94,108,0.0,0.0031159436
94,109,0.0,0.0024835933
94,110,0.0,0.002507227
94,111,0.0,0.0023831404
94,112,0.0,0.002177009
94,113,0.0,0.0021880064
94,114,0.0,0.0023793457
94,115,-0.14947938137263,0.0019570934
94,116,0.145090680063258,0.0014975187
94,117,0.0,0.0026226155
94,118,0.0,0.001658937
94,119,0.0,0.0024198368
94,120,0.0,0.0018378552
94,121,0.0,0.0024740198
94,122,0.0,0.0014883298
94,123,0.138376875053842,0.003035312
94,124,0.0,0.0023107817
94,125,0.0,0.0019459557
94,126,0.0,0.0019483101
94,127,0.0,0.0020611854
94,128,0.0,0.0016431664
94,129,0.0,0.0018511494
94,130,0.0,0.002773974
94,131,0.0,0.0024861596
94,132,0.0,0.002229907
94,133,-0.148928312067708,0.0023775818
94,134,0.0,0.0025654114
94,135,0.0,0.0027784063
94,136,0.0,0.0024891593
94,137,0.0,0.0016052974
94,138,0.0,0.0022058468
94,139,0.0,0.0014824192
94,140,0.141952551269599,0.0030293656
94,141,0.0,0.0035843016
94,142,0.0,0.002043135
94,143,0.0,0.0023870007
94,144,0.0,0.0034267795
94,145,0.0,0.0014962461
94,146,0.0,0.0015633758
94,147,0.0,0.0025315052
94,148,0.0,0.0024842857
94,149,0.0,0.0026955479
94,150,0.0,0.0016653971
94,151,0.0,0.0029141493
94,152,0.0,0.0020995755
94,153,0.0,0.0023314725
94,154,0.0,0.0018681334
94,155,0.146355596552019,0.0035037543
94,156,0.0,0.0017938619
94,157,0.0,0.0020803544
94,158,0.0,0.0031480254
94,159,0.0,0.0025560544
94,160,0.0,0.0023957356
94,161,-0.135403543657423,0.0025505573
94,162,0.0,0.0025223931
94,163,0.0,0.0027547535
94,164,0.0,0.0023914105
94,165,0.0,0.0024563465
94,166,0.0,0.0014955681
94,167,0.0,0.0026136185
94,168,0.0,0.0025124927
94,169,0.0,0.0016309246
94,170,0.0,0.0017381683
94,171,0.0,0.0025389632
94,172,0.0,0.002456775
94,173,0.0,0.0017866939
94,174,0.0,0.002801503
94,175,0.0,0.0014865831
94,176,0.146531751080549,0.0025063464
94,177,0.139740581752227,0.0015043188
94,178,0.0,0.0024339235
94,179,0.0,0.002779941
94,180,0.0,0.0018371549
94,181,0.0,0.0031609675
94,182,0.0,0.0026907744
94,183,0.0,0.0024209763
94,184,0.0,0.0022751167
94,185,0.0,0.0020563519
94,186,0.0,0.0017809374
94,187,0.0,0.0020709992
94,188,0.0,0.0015902626
94,189,0.0,0.0025821044
94,190,0.0,0.0016278387
94,191,0.0,0.0022346135
94,192,0.0,0.0036303098
94,193,0.0,0.001486362
94,194,0.0,0.0023376336
94,195,0.0,0.002645024
94,196,0.0,0.0024226583
94,197,0.137433866160269,0.0032470492
94,198,0.0,0.0022448194
94,199,0.0,0.001616816
94,200,0.0,0.0021393062
94,201,0.0,0.0025960212
94,202,0.0,0.0014873245
94,203,0.0,0.0029281592
94,204,0.0,0.0021175663
94,205,0.0,0.0014856211
94,206,0.0,0.0023404257
94,207,0.0,0.001887749
94,208,0.0,0.0016616047
94,209,0.0,0.0025199484
94,210,0.0,0.0019358248
94,211,0.0,0.0024680095
94,212,0.0,0.0016861628
94,213,0.150340956623645,0.0027192798
94,214,0.0,0.0020387713
94,215,0.0,0.0021407977
94,216,0.0,0.0016404581
94,217,0.0,0.0029058186
94,218,0.0,0.0017421972
94,219,0.0,0.0014795838
94,220,0.0,0.0020743106
94,221,0.0,0.0023586396
94,222,0.0,0.002002026
94,223,0.0,0.003109855
94,224,0.0,0.0017406694
94,225,0.146233634545813,0.0035298
94,226,0.0,0.002514062
94,227,0.0,0.0018167868
94,228,0.0,0.0027117496
94,229,0.0,0.0027765506
94,230,0.0,0.0022628154
94,231,0.0,0.0017175046
94,232,0.0,0.0030268985
94,233,0.0,0.0023201536
94,234,0.0,0.002165745
94,235,0.0,0.0021554725
94,236,0.0,0.003170719
94,237,0.0,0.0016881838
94,238,0.0,0.002114485
94,239,0.0,0.0014786674
94,240,0.0,0.002563946
94,241,0.0,0.0016404847
94,242,0.0,0.0015953844
94,243,0.141182996278374,0.0023784228
94,244,0.0,0.003594859
94,245,0.0,0.0020565684
94,246,0.0,0.0025261114
94,247,0.0,0.0015397258
94,248,0.0,0.0014977898
94,249,0.0,0.0028432333
94,250,0.0,0.0024942057
94,251,0.0,0.002292131
94,252,0.0,0.0027718847
94,253,0.0,0.0024304613
94,254,0.0,0.003620007
94,255,0.0,0.0021223035
94,256,0.0,0.0014685034
94,257,0.0,0.0026742038
94,258,-0.140747898723335,0.00243065
94,259,0.0,0.0015244638
94,260,0.135954580644199,0.0022396399
94,261,0.0,0.0024395166
94,262,0.0,0.0025168913
94,263,0.13544726493733,0.003550686
94,264,0.0,0.0014775521
94,265,0.0,0.002420602
94,266,0.0,0.0019238619
94,267,0.0,0.0024046851
94,268,0.0,0.003299519
95,1,0.0,0.0022152453
95,2,0.0,0.0023204684
95,3,0.0,0.0029909858
95,4,0.0,0.0021115746
95,5,0.0,0.002706734
95,6,0.0,0.002157404
95,7,0.0,0.0020991145
95,8,0.0,0.0027668676
95,9,0.0,0.0023777368
95,10,-0.144017648424974,0.0027533458
95,11,0.150362307532453,0.0023900024
95,12,0.0,0.0026146318
95,13,0.0,0.0019883253
95,14,0.0,0.0031470219
95,15,-0.141620995895655,0.0014768108
95,16,0.0,0.0014926088
95,17,0.0,0.0027744295
95,18,0.0,0.0020855982
95,19,0.0,0.0031129331
95,20,0.0,0.0025421064
95,21,0.0,0.0024705236
95,22,0.0,0.00242585
95,23,0.0,0.0031270753
95,24,0.0,0.0024600504
95,25,0.0,0.0024959752
95,26,0.0,0.0023899842
95,27,0.0,0.0035170075
95,28,-0.145517971796784,0.0020816005
95,29,0.0,0.0015890761
95,30,0.0,0.0032646898
95,31,0.0,0.0029871296
95,32,0.0,0.0014703008
95,33,0.0,0.001971268
95,34,0.0,0.0014982326
95,35,0.0,0.0023301975
95,36,-0.155887587454039,0.0030480633
95,37,0.0,0.0014921031
95,38,0.0,0.002503797
95,39,0.0,0.0021279487
95,40,0.0,0.002169529
95,41,0.0,0.002643771
95,42,0.0,0.0017008153
95,43,0.0,0.0034103156
95,44,0.0,0.0023389803
95,45,0.0,0.0022857762
95,46,0.0,0.0015713293
95,47,0.0,0.0028680363
95,48,0.0,0.0035747145
95,49,0.0,0.0036329562
95,50,0.0,0.0035665669
95,51,0.0,0.0026030578
95,52,0.0,0.0018010046
95,53,0.0,0.0018421202
95,54,0.0,0.0016698865
95,55,0.0,0.00345382
95,56,0.0,0.0024730847
95,57,0.0,0.0025517368
95,58,0.0,0.0025331662
95,59,0.0,0.002006684
95,60,0.0,0.0026445799
95,61,0.0,0.002533954
95,62,0.0,0.0024715033
95,63,0.0,0.0018184185
95,64,0.0,0.002788579
95,65,0.0,0.0035123974
95,66,0.0,0.0024330053
95,67,0.0,0.0017386265
95,68,0.0,0.0027764612
95,69,0.15006753809531,0.0017019156
95,70,0.0,0.0019412227
95,71,0.0,0.0026364047
95,72,0.0,0.0019405573
95,73,0.0,0.0025769817
95,74,0.0,0.0015524854
95,75,0.0,0.00201783
95,76,0.0,0.0016515991
95,77,0.0,0.0023398297
95,78,0.0,0.0016035405
95,79,0.0,0.002407414
95,80,0.0,0.0016128151
95,81,0.0,0.0018494315
95,82,0.0,0.0023875902
95,83,0.0,0.0026533734
95,84,0.0,0.0016408088
95,85,0.0,0.0035890657
95,86,0.140195129557352,0.001470889
95,87,0.0,0.0019998197
95,88,0.0,0.002269139
95,89,0.0,0.0025222092
95,90,0.0,0.0014925105
95,91,0.0,0.0026624426
95,92,0.0,0.0018475088
95,93,0.0,0.0019275434
95,94,0.0,0.0019941968
95,95,0.183204339584336,0.030703487
95,96,-0.158546890550621,0.0015700399
95,97,0.0,0.0023682187
95,98,0.0,0.0019497941
95,99,0.0,0.0028423853
95,100,0.0,0.0020384337
95,101,0.0,0.0019415007
95,102,0.0,0.0022636233
95,103,0.0,0.0029614936
95,104,0.0,0.0031735245
95,105,0.0,0.0024698777
95,106,0.0,0.0016771834
95,107,0.0,0.0023592794
95,108,0.0,0.0015273495
95,109,0.0,0.0016622203
95,110,0.0,0.0025517968
95,111,-0.146720511540043,0.00167049
95,112,0.0,0.0023475564
95,113,0.0,0.0029816786
95,114,0.0,0.0023094672
95,115,0.0,0.0026311483
95,116,0.0,0.0036231102
95,117,-0.148558201398567,0.0021295948
95,118,0.0,0.002395059
95,119,0.0,0.003343517
95,120,0.0,0.002406523
95,121,0.0,0.0017240751
95,122,0.0,0.0027808687
95,123,0.0,0.002261111
95,124,0.0,0.0025037094
95,125,0.0,0.0020307107
95,126,0.0,0.0035550068
95,127,0.0,0.0014636908
95,128,0.0,0.0019204551
95,129,0.0,0.0014676261
95,130,0.153573835029948,0.0027506864
95,131,0.0,0.0024374248
95,132,0.0,0.0015517576
95,133,0.0,0.0021502296
95,134,0.0,0.0017300979
95,135,0.0,0.0026130904
95,136,0.0,0.002485992
95,137,0.153392305452181,0.0026031327
95,138,0.0,0.002968418
95,139,0.0,0.0028851484
95,140,0.0,0.0026065684
95,141,0.0,0.0022508954
95,142,0.0,0.0027185343
95,143,0.0,0.001493047
95,144,0.0,0.0023117042
95,145,0.0,0.0026590046
95,146,0.0,0.0016140477
95,147,0.0,0.0033907979
95,148,0.0,0.0035997317
95,149,0.0,0.0030398807
95,150,0.0,0.003044743
95,151,0.0,0.0024071625
95,152,-0.153320950060338,0.0018955078
95,153,0.0,0.002518952
95,154,0.0,0.0015089237
95,155,0.0,0.0036302372
95,156,0.0,0.0018797298
95,157,0.0,0.0016893405
95,158,0.0,0.0024577244
95,159,0.0,0.0023559327
95,160,0.0,0.0027872701
95,161,0.0,0.002649705
95,162,0.0,0.0025410117
95,163,0.0,0.002280871
95,164,0.0,0.0025256402
95,165,0.0,0.0017724624
95,166,0.0,0.0026098005
95,167,0.0,0.0017614849
95,168,0.0,0.0025055665
95,169,0.0,0.0024339152
95,170,0.0,0.0036177319
95,171,0.0,0.002613566
95,172,0.0,0.0015263082
95,173,0.0,0.0024239346
95,174,0.0,0.0014936579
95,175,0.0,0.002484296
95,176,-0.149855733619777,0.0018811091
95,177,0.0,0.0014641923
95,178,0.0,0.0027185543
95,179,0.0,0.0024973918
95,180,0.0,0.0015068664
95,181,0.0,0.002861064
95,182,-0.154730509607053,0.0019248086
95,183,0.0,0.0035287836
95,184,0.0,0.0017575892
95,185,0.0,0.0021444615
95,186,0.0,0.0026779254
95,187,0.0,0.0024647834
95,188,0.0,0.0014936216
95,189,0.0,0.002447412
95,190,0.0,0.0033588866
95,191,0.0,0.0026355055
95,192,-0.154840537645055,0.0017635468
95,193,0.0,0.0014589322
95,194,0.0,0.0016088793
95,195,0.0,0.002261927
95,196,0.0,0.0023474693
95,197,0.0,0.002166761
95,198,0.0,0.002594904
95,199,0.0,0.0027138526
95,200,0.0,0.0034203436
95,201,-0.137956238557102,0.0027248212
95,202,0.0,0.0017113392
95,203,0.0,0.0016412018
95,204,0.0,0.002582408
95,205,0.0,0.0014670407
95,206,0.0,0.002579247
95,207,0.0,0.0018251175
95,208,0.0,0.0031306837
95,209,0.0,0.003121025
95,210,0.0,0.002661618
95,211,0.0,0.0027770214
95,212,0.0,0.001562533
95,213,0.0,0.0035853768
95,214,0.0,0.0022499952
95,215,0.0,0.0025808346
95,216,0.0,0.0019490453
95,217,0.0,0.0017198869
95,218,0.0,0.002515274
95,219,0.0,0.003197032
95,220,0.0,0.0023616375
95,221,0.0,0.0026854533
95,222,0.0,0.0026127584
95,223,0.157778946511816,0.0027372735
95,224,0.0,0.0014758073
95,225,0.0,0.002725124
95,226,0.0,0.0015262095
95,227,0.0,0.0027908874
95,228,0.0,0.0018847864
95,229,0.0,0.0026911125
95,230,-0.149109379044209,0.0016393014
95,231,0.146760871535497,0.0026787468
95,232,0.139723114643691,0.0016672658
95,233,0.0,0.0019651782
95,234,0.0,0.0028425907
95,235,0.0,0.002327534
95,236,0.0,0.0034218235
95,237,0.0,0.0027066083
95,238,0.0,0.0020697126
95,239,0.0,0.0028307033
95,240,0.0,0.0027139704
95,241,0.0,0.0023888508
95,242,0.0,0.003498239
95,243,0.0,0.0019707289
95,244,-0.146843205857626,0.0016309158
95,245,0.0,0.0016116085
95,246,0.0,0.0018586284
95,247,0.0,0.0014874665
95,248,0.0,0.0030799606
95,249,0.0,0.001559156
95,250,0.0,0.0024001375
95,251,0.0,0.0014772844
95,252,0.0,0.0019393805
95,253,0.0,0.0025863955
95,254,0.0,0.0017080219
95,255,0.0,0.0026215632
95,256,0.0,0.0014963141
95,257,0.0,0.0035484675
95,258,0.0,0.002548125
95,259,0.151729145431449,0.0035512513
95,260,0.0,0.0033294926
95,261,0.0,0.0014837915
95,262,0.0,0.0027572275
95,263,0.0,0.0017069443
95,264,0.0,0.002342212
95,265,0.0,0.0021961252
95,266,0.0,0.002624807
95,267,0.0,0.0021536825
95,268,0.0,0.0016729706
96,1,0.0,0.0029542511
96,2,0.0,0.0026024194
96,3,0.0,0.0027704504
96,4,0.0,0.0026226644
96,5,0.0,0.002573329
96,6,0.0,0.0034659458
96,7,0.0,0.002459833
96,8,0.0,0.0026020673
96,9,0.0,0.0026878105
96,10,0.0,0.0030953726
96,11,0.0,0.0024231132
96,12,0.0,0.0036065988
96,13,0.0,0.0023770789
96,14,0.0,0.0035675354
96,15,0.0,0.0017259349
96,16,0.0,0.0016756416
96,17,0.0,0.0028606812
96,18,0.0,0.002802277
96,19,0.0,0.002341623
96,20,0.0,0.001961412
96,21,0.0,0.0023869495
96,22,0.0,0.001742708
96,23,0.0,0.0027455692
96,24,0.0,0.0025479407
96,25,0.0,0.002355951
96,26,0.0,0.0027709533
96,27,0.0,0.0035659508
96,28,0.0,0.002625661
96,29,0.0,0.002646532
96,30,0.161300167594232,0.0024372041
96,31,0.0,0.003610462
96,32,0.0,0.0024429676
96,33,0.0,0.0015967735
96,34,0.0,0.0017393595
96,35,0.0,0.0034075403
96,36,0.0,0.0023073875
96,37,0.0,0.0027330955
96,38,0.0,0.0023858068
96,39,0.0,0.0015748437
96,40,0.0,0.0017410452
96,41,0.0,0.0025735907
96,42,0.0,0.0024304222
96,43,0.155602453066972,0.002776442
96,44,0.0,0.0025537098
96,45,0.0,0.0028319932
96,46,0.0,0.0029064864
96,47,0.0,0.0025712056
96,48,0.0,0.0023366883
96,49,0.0,0.0019989507
96,50,0.0,0.0021427092
96,51,0.0,0.0023089545
96,52,0.0,0.0021190858
96,53,0.0,0.0016514342
96,54,0.0,0.0034773527
96,55,0.0,0.001966598
96,56,0.0,0.002248887
96,57,0.0,0.0031809853
96,58,0.0,0.0023913565
96,59,0.0,0.0021689143
96,60,0.0,0.0021944246
96,61,0.0,0.0026911148
96,62,0.0,0.001508255
96,63,0.0,0.002417339
96,64,0.0,0.0024232846
96,65,0.0,0.002744691
96,66,0.0,0.002392495
96,67,0.0,0.002200934
96,68,0.0,0.002633282
96,69,0.0,0.0024184831
96,70,0.0,0.0023820936
96,71,0.175372231603763,0.0034776805
96,72,0.0,0.0030932366
96,73,0.0,0.0015930333
96,74,0.0,0.0021152236
96,75,0.0,0.0027221902
96,76,0.0,0.0025403132
96,77,0.0,0.00249876
96,78,0.0,0.0018923702
96,79,0.0,0.003102974
96,80,0.0,0.0016985089
96,81,0.0,0.0022464478
96,82,0.0,0.0035992498
96,83,0.0,0.002501201
96,84,0.0,0.002981719
96,85,0.0,0.0036117486
96,86,0.0,0.002442915
96,87,0.0,0.0022183997
96,88,-0.158253839040224,0.0024507525
96,89,0.0,0.002929747
96,90,0.0,0.003595774
96,91,0.0,0.0032246895
96,92,0.0,0.0026028655
96,93,-0.153799224873722,0.0023804884
96,94,0.15479644229019,0.0023711477
96,95,0.0,0.0015700399
96,96,0.0,0.030703487
96,97,0.0,0.0027710241
96,98,0.0,0.0026693516
96,99,0.0,0.0019253022
96,100,0.0,0.0022346778
96,101,0.0,0.0017933212
96,102,0.155421469487423,0.0022735693
96,103,0.0,0.0027561337
96,104,0.0,0.0018069297
96,105,0.0,0.0024065538
96,106,0.0,0.003629868
96,107,0.0,0.0023599747
96,108,0.0,0.002166911
96,109,0.0,0.002767309
96,110,0.0,0.002607856
96,111,0.0,0.0027543278
96,112,0.0,0.0022577657
96,113,0.0,0.0027485844
96,114,0.0,0.0023724567
96,115,0.0,0.0015575816
96,116,0.0,0.0027779904
96,117,0.0,0.0025851936
96,118,0.0,0.0027881037
96,119,0.0,0.0024922797
96,120,0.0,0.0034015416
96,121,0.0,0.0017155539
96,122,0.0,0.0026584049
96,123,0.0,0.0033003218
96,124,0.0,0.0022188108
96,125,0.0,0.0025151037
96,126,0.0,0.0024885586
96,127,0.0,0.0017915969
96,128,0.0,0.002336061
96,129,0.0,0.0020542126
96,130,0.0,0.0022738473
96,131,0.0,0.0028378195
96,132,0.0,0.0021023485
96,133,0.0,0.0025947513
96,134,0.0,0.0017839111
96,135,-0.188424081855111,0.002298771
96,136,0.0,0.0024496517
96,137,0.0,0.002303367
96,138,0.0,0.0027157865
96,139,0.0,0.0022518532
96,140,0.159955616050852,0.0014783521
96,141,-0.159010901837389,0.0022599543
96,142,0.0,0.002550757
96,143,0.0,0.0023141103
96,144,0.0,0.001973983
96,145,-0.16070177898563,0.002459955
96,146,0.0,0.0027015908
96,147,0.0,0.002706932
96,148,0.0,0.0019471399
96,149,0.0,0.0014877133
96,150,0.0,0.002201608
96,151,0.0,0.0026022815
96,152,0.0,0.0023352546
96,153,0.0,0.003506653
96,154,0.0,0.0027906206
96,155,0.16491707545648,0.0026172516
96,156,0.0,0.0024547642
96,157,0.0,0.0023909835
96,158,0.0,0.0023999014
96,159,0.0,0.003345197
96,160,0.0,0.0016427762
96,161,0.0,0.002232357
96,162,0.0,0.0034319418
96,163,0.0,0.0027878177
96,164,0.0,0.0023801439
96,165,0.0,0.0030372282
96,166,0.0,0.0017956272
96,167,0.164672297644123,0.003620699
96,168,0.0,0.0023562596
96,169,0.0,0.0023294957
96,170,0.0,0.0031299032
96,171,0.0,0.0026091593
96,172,0.0,0.0035595289
96,173,0.0,0.002384568
96,174,0.0,0.0021090116
96,175,0.0,0.0021848548
96,176,0.0,0.0014856318
96,177,0.0,0.0017375271
96,178,0.0,0.002770959
96,179,0.0,0.001983766
96,180,-0.165286300526589,0.0023496356
96,181,0.0,0.0034147045
96,182,0.0,0.00243751
96,183,0.0,0.0027409839
96,184,0.0,0.0025270008
96,185,0.0,0.0019053407
96,186,0.0,0.0026023006
96,187,0.0,0.0015794849
96,188,0.0,0.001496851
96,189,0.0,0.003048087
96,190,0.0,0.0022413689
96,191,0.0,0.0023179874
96,192,0.0,0.0017678542
96,193,0.0,0.001804004
96,194,-0.155931703873452,0.0024699713
96,195,0.0,0.0036304137
96,196,0.0,0.0025771125
96,197,0.0,0.0027766712
96,198,0.0,0.0025754008
96,199,0.0,0.0031196126
96,200,0.0,0.0024917605
96,201,0.0,0.0016381834
96,202,0.0,0.0032016379
96,203,0.0,0.0024266215
96,204,0.0,0.001548415
96,205,0.0,0.0016576811
96,206,0.0,0.002196087
96,207,0.0,0.001928879
96,208,0.0,0.0024657608
96,209,0.0,0.0035860282
96,210,0.0,0.0034150402
96,211,0.0,0.0030519934
96,212,0.0,0.0017153258
96,213,0.0,0.0023701428
96,214,0.0,0.0021331292
96,215,0.0,0.0025911625
96,216,0.0,0.0023796638
96,217,0.156272650220227,0.0018067476
96,218,0.0,0.0020616623
96,219,0.0,0.0023563374
96,220,0.0,0.0027114465
96,221,0.0,0.0021172594
96,222,0.0,0.0026312661
96,223,0.173845605826004,0.0031908606
96,224,-0.164756579584323,0.0019247606
96,225,0.0,0.0025491947
96,226,0.0,0.0026140483
96,227,0.0,0.0022785324
96,228,0.0,0.0026773028
96,229,0.0,0.0022172793
96,230,0.0,0.0024393098
96,231,0.0,0.0025400906
96,232,0.0,0.0016725566
96,233,0.0,0.0024687606
96,234,0.0,0.001505909
96,235,0.0,0.0023142057
96,236,0.0,0.002490567
96,237,0.0,0.0028611058
96,238,0.0,0.0036124815
96,239,0.0,0.0023719007
96,240,0.0,0.002307883
96,241,0.0,0.0014929902
96,242,0.0,0.0025384226
96,243,0.0,0.002421189
96,244,0.0,0.0023102849
96,245,0.0,0.0019189073
96,246,0.164340810062641,0.002428614
96,247,0.0,0.001941103
96,248,0.0,0.0015881839
96,249,0.0,0.0025635115
96,250,0.0,0.0020346367
96,251,-0.164613212909262,0.0028843302
96,252,0.0,0.002766693
96,253,0.0,0.003633218
96,254,0.0,0.0015939567
96,255,0.0,0.0032085353
96,256,-0.159944088240176,0.002610752
96,257,0.0,0.0016484447
96,258,0.0,0.0022805305
96,259,0.0,0.0021302942
96,260,0.0,0.0025225203
96,261,0.0,0.0021378878
96,262,0.0,0.003153976
96,263,0.0,0.0024279798
96,264,0.0,0.0024914774
96,265,0.0,0.002979246
96,266,0.0,0.0023146844
96,267,0.165382626911369,0.0023171194
96,268,0.0,0.0023741927
97,1,-0.155491025555065,0.0024841568
97,2,-0.159336618781539,0.00164604
97,3,0.0,0.0024469378
97,4,0.0,0.0031778798
97,5,0.0,0.0024813078
97,6,0.0,0.0023746178
97,7,0.0,0.003414357
97,8,0.0,0.002572264
97,9,0.0,0.0020706323
97,10,0.153014344886084,0.00355539
97,11,0.159755351057714,0.0022213547
97,12,0.0,0.0023675556
97,13,0.0,0.0029067616
97,14,0.0,0.0025910898
97,15,0.0,0.0023264848
97,16,0.0,0.0032290234
97,17,0.0,0.0014965963
97,18,0.0,0.0031008557
97,19,0.0,0.0022808993
97,20,0.0,0.0025758739
97,21,0.0,0.0019407789
97,22,0.0,0.0032988028
97,23,0.0,0.0019445443
97,24,0.142781110707708,0.0024871235
97,25,0.0,0.002768245
97,26,0.0,0.003597891
97,27,0.0,0.0036305538
97,28,0.0,0.0029099183
97,29,0.0,0.002466267
97,30,0.0,0.0022458322
97,31,-0.141541509580971,0.0023180852
97,32,-0.148795548015541,0.002230145
97,33,0.0,0.0015498246
97,34,0.0,0.0024621682
97,35,0.0,0.0026939819
97,36,0.0,0.0022377106
97,37,0.0,0.0026294296
97,38,0.0,0.0020091026
97,39,0.0,0.003509249
97,40,0.0,0.0025772313
97,41,0.0,0.0027506207
97,42,0.0,0.0020639957
97,43,0.0,0.002420147
97,44,0.0,0.0026431247
97,45,0.0,0.0017145588
97,46,-0.147590383882529,0.0016266238
97,47,-0.14146730295619,0.0023192996
97,48,0.0,0.0036308444
97,49,0.0,0.0021354072
97,50,0.0,0.0023059067
97,51,0.156955508216079,0.0033123614
97,52,0.0,0.0016489704
97,53,0.0,0.0027724905
97,54,0.0,0.0022477354
97,55,0.0,0.0025273473
97,56,0.0,0.0016595726
97,57,0.0,0.0026869015
97,58,0.0,0.0024507418
97,59,0.0,0.0030829925
97,60,0.0,0.0027685585
97,61,0.0,0.002353916
97,62,0.0,0.0024374789
97,63,0.0,0.0016349806
97,64,0.0,0.0018123626
97,65,0.0,0.002464551
97,66,0.0,0.0031439532
97,67,0.0,0.0022545927
97,68,0.0,0.001970484
97,69,0.0,0.0023308964
97,70,0.0,0.0016964055
97,71,0.0,0.0026619337
97,72,0.0,0.002341446
97,73,0.0,0.0035921526
97,74,0.0,0.0024273386
97,75,0.0,0.0027216072
97,76,0.0,0.0021810196
97,77,0.0,0.0024121301
97,78,0.0,0.0022256877
97,79,0.0,0.002163556
97,80,0.0,0.002764651
97,81,0.0,0.0031490843
97,82,0.0,0.0021489388
97,83,0.0,0.0014775144
97,84,0.0,0.0023254398
97,85,0.0,0.0023533623
97,86,0.0,0.0015588976
97,87,0.0,0.0025350158
97,88,0.0,0.0024581994
97,89,0.0,0.0032414976
97,90,0.0,0.0023988243
97,91,0.0,0.0035905498
97,92,0.0,0.002528343
97,93,-0.152109209136056,0.0021597291
97,94,0.0,0.0017800536
97,95,0.0,0.0023682187
97,96,0.0,0.0027710241
97,97,0.0182748190127313,0.030703487
97,98,0.0,0.0021804897
97,99,0.0,0.0034859572
97,100,0.149704863596502,0.0027799886
97,101,0.0,0.0017121984
97,102,0.0,0.0025596302
97,103,0.0,0.0019682418
97,104,0.0,0.001734186
97,105,0.0,0.0026086806
97,106,0.0,0.0016990234
97,107,0.0,0.001920403
97,108,0.0,0.0022152876
97,109,0.0,0.0019258917
97,110,0.0,0.0027201641
97,111,0.0,0.0025515524
97,112,0.0,0.0024361825
97,113,0.0,0.0028686756
97,114,-0.156558593579657,0.0025488106
97,115,0.0,0.002561572
97,116,0.0,0.0025199852
97,117,0.0,0.0025500194
97,118,0.0,0.0021553254
97,119,0.173537450139535,0.0024658428
97,120,0.0,0.0023269872
97,121,0.0,0.0030462183
97,122,0.0,0.0019377079
97,123,0.0,0.0016996167
97,124,0.0,0.002575606
97,125,0.0,0.002744921
97,126,0.0,0.0035313494
97,127,0.0,0.0024682553
97,128,0.0,0.0015950091
97,129,0.0,0.0018263562
97,130,0.0,0.0024188356
97,131,0.0,0.0024316711
97,132,0.0,0.0026245206
97,133,0.0,0.0036225272
97,134,0.147538186613747,0.0024006316
97,135,0.0,0.0016431147
97,136,0.157272734084149,0.003296398
97,137,0.0,0.002272734
97,138,0.0,0.00239794
97,139,0.0,0.003047648
97,140,-0.151999008005957,0.003495031
97,141,0.0,0.002596517
97,142,0.0,0.00309361
97,143,0.0,0.0019473112
97,144,0.0,0.0024951538
97,145,0.0,0.0027777338
97,146,0.0,0.0026074583
97,147,0.0,0.0024268245
97,148,0.0,0.0023400998
97,149,0.0,0.002068202
97,150,0.0,0.0019915532
97,151,0.0,0.0035926574
97,152,0.160530451946541,0.003334809
97,153,0.0,0.0028050896
97,154,0.166951743059759,0.001818202
97,155,-0.156713671526601,0.0023455126
97,156,0.0,0.0036311336
97,157,0.0,0.0024016383
97,158,0.0,0.0018828623
97,159,0.0,0.0026132083
97,160,0.0,0.0020976649
97,161,0.0,0.002640618
97,162,-0.14867654485079,0.002583881
97,163,0.0,0.0035221158
97,164,0.0,0.0016996409
97,165,0.0,0.0017495248
97,166,0.0,0.0023375018
97,167,0.0,0.0023177029
97,168,0.0,0.0022292282
97,169,0.0,0.0026894594
97,170,0.0,0.0024889465
97,171,0.0,0.0024776976
97,172,0.0,0.0025511608
97,173,-0.148579740437112,0.0024208743
97,174,0.0,0.0023719822
97,175,0.0,0.0025897846
97,176,0.0,0.0025965325
97,177,0.0,0.0018335632
97,178,0.0,0.0036319876
97,179,0.0,0.0034898925
97,180,0.157064530382158,0.0030368692
97,181,0.0,0.0025052447
97,182,0.0,0.0016964506
97,183,0.0,0.003064983
97,184,0.0,0.0021387208
97,185,0.0,0.0027680374
97,186,0.0,0.0024372418
97,187,0.0,0.0019153417
97,188,0.0,0.0022860141
97,189,0.0,0.0023956206
97,190,0.0,0.0027855327
97,191,0.0,0.001519328
97,192,0.0,0.0016593235
97,193,0.0,0.0020389203
97,194,0.0,0.0015960885
97,195,0.0,0.0025297343
97,196,0.0,0.0024235053
97,197,0.0,0.0032341098
97,198,0.0,0.0027744304
97,199,0.0,0.0021901568
97,200,0.0,0.0024387804
97,201,0.0,0.0023328555
97,202,0.0,0.0034735184
97,203,0.0,0.0034994148
97,204,0.0,0.0024417401
97,205,0.0,0.0021388424
97,206,0.0,0.0025925413
97,207,0.0,0.001894474
97,208,0.0,0.0034339419
97,209,0.0,0.003104359
97,210,0.0,0.002717765
97,211,0.0,0.0024069333
97,212,0.0,0.0022647935
97,213,0.0,0.0030349623
97,214,0.0,0.002647847
97,215,0.0,0.0027753706
97,216,0.0,0.002679953
97,217,0.0,0.0032462226
97,218,0.0,0.0026888307
97,219,0.0,0.0024285503
97,220,-0.161527570386301,0.003139216
97,221,0.0,0.0021426454
97,222,0.0,0.0035526184
97,223,0.0,0.0021082372
97,224,0.0,0.0015324964
97,225,0.0,0.0030307756
97,226,0.0,0.0035462272
97,227,0.0,0.0023100935
97,228,0.0,0.002202869
97,229,0.0,0.0023023998
97,230,0.0,0.0014840136
97,231,0.0,0.0024998155
97,232,0.0,0.0024145758
97,233,0.0,0.002490304
97,234,0.0,0.003612501
97,235,0.0,0.0026136944
97,236,0.0,0.0026915604
97,237,0.0,0.0025497559
97,238,0.148441061478297,0.0016620518
97,239,0.0,0.0017251661
97,240,0.0,0.0023621046
97,241,0.0,0.0034076883
97,242,0.0,0.002297462
97,243,0.0,0.0031947237
97,244,0.0,0.0027921335
97,245,0.0,0.0016612522
97,246,0.0,0.0029751835
97,247,0.0,0.0020389548
97,248,0.157713100840924,0.0016175099
97,249,0.0,0.0019117384
97,250,0.0,0.002373207
97,251,0.0,0.0025927904
97,252,0.0,0.0014952673
97,253,0.0,0.0021486832
97,254,0.0,0.002739997
97,255,0.0,0.002094525
97,256,0.151988053618543,0.002373485
97,257,0.0,0.002362282
97,258,0.0,0.002429855
97,259,0.0,0.0021875147
97,260,0.0,0.0020410293
97,261,0.0,0.003074285
97,262,0.0,0.0024983468
97,263,0.0,0.002622739
97,264,0.0,0.0024469304
97,265,0.0,0.0025249226
97,266,0.0,0.0025439109
97,267,0.0,0.0025902186
97,268,0.0,0.0016635121
98,1,0.0,0.002426013
98,2,0.0,0.0024825307
98,3,0.0,0.0024225763
98,4,0.0,0.0034050979
98,5,0.0,0.0026656128
98,6,0.0,0.0028479276
98,7,0.0,0.0014996966
98,8,0.0,0.0025991462
98,9,0.0,0.002050865
98,10,0.0,0.0025788206
98,11,0.0,0.0036248607
98,12,0.0,0.0024128277
98,13,0.0,0.0017505186
98,14,0.0,0.0017400202
98,15,0.0,0.0017232886
98,16,0.0,0.0022459012
98,17,0.0,0.003625187
98,18,0.0,0.0034255437
98,19,0.0,0.00274652
98,20,0.0,0.002624846
98,21,0.0,0.0024205432
98,22,0.0,0.0025891522
98,23,0.0,0.0024731215
98,24,0.0,0.0021434268
98,25,0.0,0.0025838655
98,26,0.0,0.0034099254
98,27,0.0,0.0017239833
98,28,0.0,0.0027334765
98,29,0.0,0.002621063
98,30,0.0,0.0022582244
98,31,0.0,0.0029468532
98,32,0.0,0.0018516723
98,33,0.0,0.0020763893
98,34,0.0,0.002483178
98,35,0.0,0.0023638336
98,36,0.145206617238785,0.002146094
98,37,0.0,0.0021422096
98,38,0.0,0.0020745164
98,39,0.0,0.0024233279
98,40,0.0,0.0035179844
98,41,0.0,0.0027418188
98,42,0.0,0.0027192235
98,43,0.0,0.0032858844
98,44,0.0,0.0027522543
98,45,0.0,0.0027280794
98,46,0.0,0.0025923573
98,47,0.0,0.001948189
98,48,0.0,0.0023850114
98,49,0.0,0.0026604445
98,50,0.0,0.0032938295
98,51,0.0,0.0020700884
98,52,0.0,0.0030779927
98,53,0.0,0.0019941758
98,54,0.0,0.0014799302
98,55,0.0,0.0030624708
98,56,0.0,0.0023257183
98,57,0.0,0.002747864
98,58,0.0,0.0024124025
98,59,0.0,0.0023436449
98,60,0.0,0.0034681028
98,61,0.0,0.002660627
98,62,0.0,0.003374081
98,63,0.0,0.001491487
98,64,-0.142400219895257,0.0025406713
98,65,0.0,0.0026946203
98,66,0.0,0.0018545585
98,67,0.0,0.0026280163
98,68,0.0,0.0027823364
98,69,0.0,0.0023206528
98,70,0.0,0.0021850094
98,71,0.0,0.002524173
98,72,0.0,0.0024262718
98,73,0.0,0.0023540393
98,74,0.0,0.0020345044
98,75,0.0,0.0022863988
98,76,0.0,0.0014941008
98,77,0.0,0.0034551034
98,78,0.0,0.0020812382
98,79,0.0,0.00181475
98,80,0.0,0.0024563032
98,81,0.0,0.002307719
98,82,0.0,0.002780809
98,83,0.0,0.0026313956
98,84,0.136838509464209,0.002661062
98,85,0.0,0.002244459
98,86,0.0,0.0020715608
98,87,0.0,0.0023463601
98,88,0.137218938760799,0.0024397392
98,89,0.0,0.0033119973
98,90,0.0,0.0023243153
98,91,0.0,0.0018554162
98,92,0.0,0.001985657
98,93,0.0,0.002558461
98,94,0.0,0.0015094178
98,95,0.0,0.0019497941
98,96,0.0,0.0026693516
98,97,0.137485497181725,0.0021804897
98,98,0.0,0.030703487
98,99,0.0,0.001488205
98,100,0.0,0.002612261
98,101,0.0,0.0024074186
98,102,0.0,0.0022985535
98,103,0.0,0.0026216498
98,104,0.0,0.002582966
98,105,0.0,0.0017371429
98,106,0.0,0.0026083179
98,107,0.0,0.0014980417
98,108,0.0,0.002120431
98,109,0.0,0.0024163122
98,110,0.0,0.002637145
98,111,0.0,0.002517709
98,112,0.0,0.0022803047
98,113,0.0,0.0026474907
98,114,0.0,0.0027521774
98,115,-0.156825982842579,0.0027776794
98,116,0.0,0.0025641527
98,117,0.0,0.0036133286
98,118,0.0,0.0027603582
98,119,0.0,0.00253673
98,120,0.0,0.0027001179
98,121,0.0,0.002282085
98,122,0.0,0.0023423652
98,123,0.0,0.0031607868
98,124,0.0,0.0018078866
98,125,0.0,0.0025784015
98,126,0.0,0.0017403355
98,127,0.0,0.0027981238
98,128,0.0,0.0019415729
98,129,0.0,0.001884276
98,130,0.0,0.0028598388
98,131,0.155873809945132,0.0034584426
98,132,0.0,0.002375462
98,133,0.0,0.0022830232
98,134,0.0,0.0035100398
98,135,0.0,0.0025542444
98,136,0.0,0.0027236352
98,137,0.0,0.0035102079
98,138,0.0,0.002552534
98,139,-0.153800990458057,0.0022264775
98,140,0.0,0.002579006
98,141,0.0,0.0017401753
98,142,0.0,0.0023133545
98,143,0.0,0.0024442477
98,144,0.0,0.0023400472
98,145,0.149623951543794,0.0023410758
98,146,0.0,0.0027594306
98,147,0.0,0.0015601763
98,148,0.0,0.002379652
98,149,0.0,0.0020245058
98,150,0.0,0.0029877257
98,151,0.0,0.0035514543
98,152,0.0,0.0035083704
98,153,0.0,0.002788215
98,154,0.0,0.001666259
98,155,0.0,0.0023582499
98,156,0.0,0.003171808
98,157,0.0,0.002516775
98,158,0.0,0.0019791517
98,159,0.0,0.0028375112
98,160,0.0,0.0014919271
98,161,0.0,0.0019657752
98,162,0.0,0.0025849664
98,163,0.0,0.0015208544
98,164,0.0,0.00164726
98,165,-0.155529957546932,0.0033538248
98,166,0.0,0.0027828082
98,167,0.0,0.00344847
98,168,0.0,0.001931088
98,169,0.0,0.0025500404
98,170,0.0,0.00251392
98,171,0.0,0.0025839973
98,172,0.0,0.0033089481
98,173,0.0,0.0015092264
98,174,0.0,0.0015943632
98,175,0.156016915913877,0.0023258738
98,176,0.0,0.0017445963
98,177,0.0,0.0024969676
98,178,0.0,0.0026920955
98,179,0.154843776818546,0.0022417083
98,180,0.0,0.0019986257
98,181,0.0,0.003259827
98,182,0.0,0.0014943527
98,183,0.0,0.0024071643
98,184,0.0,0.0019802665
98,185,0.0,0.0027896347
98,186,0.0,0.0033810963
98,187,0.15836284886594,0.002377151
98,188,0.0,0.002209053
98,189,0.0,0.001493589
98,190,0.0,0.0020771269
98,191,0.0,0.0024383003
98,192,0.0,0.0014925189
98,193,0.0,0.0015451801
98,194,0.0,0.0023923703
98,195,0.0,0.0023335824
98,196,0.152893312868261,0.0026450017
98,197,0.0,0.003417096
98,198,0.0,0.0017617764
98,199,0.0,0.0036305226
98,200,0.0,0.0017196811
98,201,0.0,0.0019503031
98,202,0.0,0.0027491208
98,203,0.151578893441893,0.0019778712
98,204,-0.164223189758845,0.0020795679
98,205,0.0,0.0022020112
98,206,0.161170966140485,0.0018630233
98,207,0.0,0.0035688025
98,208,0.0,0.0030609006
98,209,0.0,0.002383973
98,210,0.0,0.0026364992
98,211,0.0,0.0017630858
98,212,0.0,0.0015341626
98,213,0.0,0.002630948
98,214,0.0,0.001808465
98,215,0.0,0.0031119143
98,216,0.0,0.0026300326
98,217,0.0,0.0025692764
98,218,0.0,0.0014934423
98,219,0.0,0.002754821
98,220,0.0,0.0018846467
98,221,0.0,0.0025569377
98,222,0.0,0.002445554
98,223,-0.161861720924306,0.0016216482
98,224,0.0,0.0035625082
98,225,0.0,0.0029679602
98,226,0.0,0.0027212314
98,227,0.0,0.0021554162
98,228,0.14488663602362,0.0022960743
98,229,0.0,0.0014980054
98,230,0.0,0.0035260771
98,231,0.0,0.0026068445
98,232,0.0,0.002481407
98,233,0.0,0.0032975455
98,234,0.0,0.003338641
98,235,0.0,0.0018922747
98,236,0.0,0.0028015245
98,237,0.146367672906429,0.0020207623
98,238,0.0,0.0028095269
98,239,0.152406736759415,0.001918368
98,240,0.0,0.0030115214
98,241,0.0,0.0027374225
98,242,0.0,0.0027507497
98,243,0.0,0.0024007945
98,244,0.0,0.0025891075
98,245,0.0,0.001737617
98,246,0.0,0.003073027
98,247,0.0,0.0020067915
98,248,0.0,0.002594334
98,249,0.0,0.0015346361
98,250,0.0,0.0026232903
98,251,0.0,0.0024222843
98,252,0.154580205728377,0.0030051563
98,253,0.0,0.0027701245
98,254,0.0,0.0024234094
98,255,0.0,0.0017398619
98,256,0.0,0.0027507767
98,257,0.0,0.0027636872
98,258,0.0,0.0027883537
98,259,0.0,0.0028227116
98,260,0.0,0.003316875
98,261,0.151765052213608,0.0024573267
98,262,0.0,0.002345169
98,263,0.0,0.0018326109
98,264,0.0,0.0019540163
98,265,0.0,0.0032077045
98,266,0.0,0.0026345658
98,267,0.0,0.002125591
98,268,0.0,0.0015445952
99,1,0.0,0.0017455625
99,2,0.15759454308838,0.0018791882
99,3,0.0,0.0029807235
99,4,0.0,0.0036202162
99,5,0.0,0.002837224
99,6,0.0,0.0027279798
99,7,0.0,0.0027805753
99,8,0.0,0.0019744276
99,9,0.0,0.0035304343
99,10,0.0,0.0033741794
99,11,0.0,0.0027027559
99,12,0.0,0.00245512
99,13,0.0,0.003215115
99,14,0.0,0.002902994
99,15,0.0,0.0024637599
99,16,0.0,0.0027774181
99,17,0.0,0.0027626213
99,18,0.0,0.0025507705
99,19,0.0,0.002413745
99,20,0.0,0.0016079815
99,21,0.0,0.0035698628
99,22,0.0,0.002390311
99,23,0.0,0.0023072474
99,24,0.0,0.0021318854
99,25,0.160265936243564,0.0026172572
99,26,0.0,0.0021014637
99,27,0.0,0.0025660791
99,28,0.0,0.002687981
99,29,0.0,0.001910706
99,30,0.0,0.003275033
99,31,0.0,0.00295898
99,32,0.0,0.002481501
99,33,-0.140711871598729,0.0018241871
99,34,0.0,0.0015936038
99,35,0.0,0.0027741236
99,36,0.0,0.002432885
99,37,0.143878414350563,0.0014858646
99,38,0.14803112212617,0.0030174097
99,39,0.0,0.0021008416
99,40,0.0,0.0030818838
99,41,0.0,0.0023437552
99,42,0.0,0.002617471
99,43,0.0,0.0023872298
99,44,0.0,0.0026615215
99,45,0.0,0.0015987041
99,46,0.0,0.0022964333
99,47,0.0,0.002694026
99,48,0.0,0.0018173233
99,49,0.0,0.0030701165
99,50,0.0,0.0032369862
99,51,-0.155239465928615,0.0019168658
99,52,0.0,0.0027311048
99,53,0.0,0.003531945
99,54,0.0,0.0033004698
99,55,0.0,0.0024336483
99,56,0.0,0.0024833689
99,57,-0.153553344028667,0.001553847
99,58,0.0,0.0027400893
99,59,0.0,0.0015275823
99,60,0.0,0.0031757178
99,61,0.0,0.0016136155
99,62,0.148434104155888,0.002596748
99,63,0.0,0.0024288287
99,64,0.0,0.0021967338
99,65,0.186246712431664,0.0025423132
99,66,0.0,0.0023839222
99,67,0.0,0.0026458306
99,68,0.0,0.0034604762
99,69,0.0,0.0025706287
99,70,0.0,0.0030529685
99,71,0.0,0.0024149087
99,72,0.0,0.0023154337
99,73,0.0,0.0024032053
99,74,0.0,0.0022564493
99,75,0.0,0.0026965933
99,76,0.0,0.0019822996
99,77,0.0,0.0023255348
99,78,0.0,0.0018952261
99,79,0.0,0.0031830356
99,80,0.0,0.002126764
99,81,0.0,0.0023469473
99,82,0.0,0.001686208
99,83,0.0,0.0027135154
99,84,0.0,0.0023843888
99,85,0.0,0.0017389031
99,86,0.0,0.0036318032
99,87,0.0,0.002416622
99,88,0.0,0.0027968287
99,89,0.0,0.0024046926
99,90,0.0,0.0017017294
99,91,0.0,0.0024139439
99,92,0.0,0.0022127028
99,93,0.0,0.0026773121
99,94,0.0,0.0027303328
99,95,0.0,0.0028423853
99,96,0.0,0.0019253022
99,97,0.0,0.0034859572
99,98,0.0,0.001488205
99,99,0.0,0.030703487
99,100,0.0,0.0024230243
99,101,0.0,0.0015199371
99,102,0.0,0.0020007873
99,103,0.0,0.0018024631
99,104,0.0,0.0023534833
99,105,0.0,0.0022722036
99,106,0.0,0.0030683558
99,107,0.149237002209507,0.0023062802
99,108,0.0,0.0032433835
99,109,0.0,0.002768742
99,110,0.0,0.002374197
99,111,0.0,0.002458753
99,112,0.0,0.0014969097
99,113,0.0,0.003483321
99,114,0.0,0.002653854
99,115,0.0,0.0026770174
99,116,0.0,0.0019234763
99,117,0.0,0.0015622075
99,118,0.156396213734503,0.0024905535
99,119,0.0,0.0017346237
99,120,0.0,0.0016077519
99,121,0.0,0.0015937649
99,122,0.0,0.0018766383
99,123,0.0,0.002551897
99,124,0.0,0.0026594312
99,125,0.0,0.0027968315
99,126,0.0,0.0027579195
99,127,0.0,0.0014846618
99,128,0.0,0.0025391704
99,129,0.0,0.002728343
99,130,0.0,0.0017467695
99,131,0.0,0.0030169552
99,132,0.0,0.0024706204
99,133,0.0,0.0023084679
99,134,0.0,0.0021821084
99,135,-0.174133699461025,0.0033147852
99,136,0.0,0.0024303803
99,137,-0.156194112447862,0.003235674
99,138,0.0,0.0027889377
99,139,0.0,0.00356243
99,140,0.0,0.0033066375
99,141,0.0,0.0033501703
99,142,0.0,0.0020284061
99,143,0.0,0.0023847995
99,144,0.0,0.0034674653
99,145,0.0,0.003579502
99,146,0.0,0.0023623202
99,147,0.0,0.003515862
99,148,0.0,0.0029426492
99,149,0.0,0.0021355697
99,150,0.0,0.002762748
99,151,0.0,0.0026456183
99,152,0.0,0.0030178064
99,153,0.0,0.002450447
99,154,0.162366382882502,0.0023966534
99,155,0.0,0.0024921908
99,156,0.147843477152549,0.0026407135
99,157,0.0,0.0018595965
99,158,0.0,0.0026731337
99,159,0.0,0.0024653776
99,160,0.0,0.0015646075
99,161,-0.141004424325234,0.002176268
99,162,0.0,0.0017606514
99,163,0.0,0.0016001035
99,164,0.0,0.0023728982
99,165,0.0,0.0026271427
99,166,0.0,0.0027305605
99,167,0.0,0.0035123369
99,168,0.0,0.0027134777
99,169,0.0,0.002419475
99,170,0.151460181215441,0.0018999954
99,171,0.0,0.0025680182
99,172,0.0,0.0028021429
99,173,0.0,0.0021815193
99,174,0.0,0.0021636533
99,175,0.0,0.0036296458
99,176,0.0,0.0026748204
99,177,0.0,0.0014812099
99,178,0.0,0.0021237745
99,179,0.0,0.002022197
99,180,0.0,0.0031643873
99,181,0.0,0.0036157463
99,182,0.0,0.0020021787
99,183,0.0,0.00279144
99,184,0.0,0.0024142172
99,185,0.0,0.0036317739
99,186,0.0,0.002864277
99,187,0.0,0.0029950067
99,188,0.0,0.0022616503
99,189,0.0,0.0017863456
99,190,0.0,0.0026138197
99,191,0.0,0.0024030097
99,192,0.0,0.0023453543
99,193,0.0,0.0025380058
99,194,0.0,0.0029170862
99,195,0.0,0.0014922367
99,196,0.0,0.002767155
99,197,0.0,0.0025089406
99,198,0.0,0.0018763561
99,199,0.0,0.0032084729
99,200,0.0,0.0023608417
99,201,0.0,0.0025779945
99,202,0.153043233991778,0.0027040448
99,203,0.0,0.002512942
99,204,0.0,0.0022480944
99,205,0.0,0.0019208463
99,206,0.0,0.0024229311
99,207,0.0,0.0023493315
99,208,0.0,0.0025914996
99,209,0.0,0.0026789447
99,210,0.0,0.003339944
99,211,0.0,0.0026484067
99,212,0.0,0.0031239623
99,213,0.156559713790474,0.0029038382
99,214,0.157307357508966,0.0024843183
99,215,0.0,0.0016799248
99,216,0.0,0.0036209961
99,217,0.0,0.0022556097
99,218,0.0,0.0022017085
99,219,0.0,0.002266062
99,220,0.0,0.0026413524
99,221,0.0,0.003632938
99,222,0.0,0.0020620525
99,223,0.0,0.002640793
99,224,0.0,0.002512528
99,225,0.0,0.0024473895
99,226,0.0,0.0025788192
99,227,0.0,0.0025178911
99,228,0.0,0.0021711816
99,229,0.0,0.0024924655
99,230,0.0,0.0021840972
99,231,-0.149441551217234,0.0022482718
99,232,0.0,0.0017343233
99,233,0.147426705854146,0.0035239626
99,234,0.0,0.0025765775
99,235,0.0,0.0025662496
99,236,0.0,0.0017953659
99,237,0.0,0.0018086843
99,238,0.0,0.0023107934
99,239,0.0,0.0015045293
99,240,0.0,0.0023097359
99,241,0.0,0.0031560436
99,242,0.0,0.0033349283
99,243,0.0,0.0025648028
99,244,0.0,0.0024535232
99,245,0.0,0.0029348424
99,246,0.0,0.0023709112
99,247,0.0,0.0021129898
99,248,0.0,0.0023248522
99,249,0.0,0.0024284227
99,250,0.0,0.0030839797
99,251,0.15212868472989,0.0026505832
99,252,0.153433384207333,0.0024148542
99,253,0.0,0.00236153
99,254,0.0,0.0026062112
99,255,0.0,0.0025447556
99,256,0.0,0.0024116966
99,257,0.0,0.002479604
99,258,0.0,0.0025198995
99,259,0.0,0.00259024
99,260,0.0,0.0015839003
99,261,0.0,0.0032390365
99,262,0.0,0.0024424023
99,263,-0.141049954107819,0.003357519
99,264,0.0,0.0016585453
99,265,0.0,0.0031675994
99,266,0.0,0.0024929773
99,267,0.0,0.0016456828
99,268,0.0,0.0027627717
100,1,0.0,0.0026666918
100,2,0.0,0.0023330543
100,3,0.0,0.0032104142
100,4,0.0,0.0022288589
100,5,0.0,0.0026480593
100,6,0.0,0.00240201
100,7,0.0,0.0019905083
100,8,0.0,0.0023719063
100,9,0.0,0.002154198
100,10,0.0,0.002216034
100,11,-0.153246569218643,0.002494432
100,12,0.0,0.0036322917
100,13,0.0,0.0023807278
100,14,0.0,0.0023119412
100,15,0.0,0.001554586
100,16,0.0,0.0024138587
100,17,0.0,0.0027607274
100,18,0.0,0.0035046497
100,19,0.0,0.002826822
100,20,0.0,0.0027406323
100,21,0.0,0.002615973
100,22,0.0,0.0023157303
100,23,0.0,0.0024395133
100,24,0.0,0.0025543235
100,25,0.0,0.0026288144
100,26,0.0,0.0014927774
100,27,0.0,0.0027611158
100,28,0.0,0.0025402317
100,29,0.0,0.0025924058
100,30,0.0,0.0019904398
100,31,-0.135774799414859,0.0022691656
100,32,0.0,0.0016536308
100,33,0.0,0.0019851802
100,34,0.0,0.0019519087
100,35,0.0,0.0027692178
100,36,0.0,0.0017897733
100,37,0.0,0.0016927212
100,38,0.143569702175034,0.002766966
100,39,0.0,0.0033406704
100,40,0.0,0.0023946436
100,41,-0.152459134997223,0.002509585
100,42,0.0,0.0027120416
100,43,0.0,0.0025611357
100,44,-0.135367491759796,0.0018870309
100,45,0.0,0.002722946
100,46,0.0,0.0023564696
100,47,0.0,0.002613572
100,48,0.138224668120874,0.002380426
100,49,0.0,0.0023968318
100,50,0.0,0.0021859733
100,51,0.0,0.0014917343
100,52,0.0,0.0017009154
100,53,0.0,0.0034835031
100,54,0.0,0.002518876
100,55,0.0,0.0016355217
100,56,0.0,0.0024158014
100,57,0.0,0.002318779
100,58,0.0,0.0023796782
100,59,0.151346212655408,0.0025048098
100,60,0.0,0.0024144906
100,61,0.0,0.0014848253
100,62,0.0,0.0027616904
100,63,0.0,0.003528846
100,64,0.0,0.002155249
100,65,0.0,0.0024015675
100,66,0.0,0.0025037732
100,67,0.0,0.0016431538
100,68,0.0,0.0035749786
100,69,0.0,0.002269019
100,70,0.0,0.0025525196
100,71,0.0,0.0027702558
100,72,0.0,0.0014852374
100,73,0.0,0.0024799006
100,74,0.0,0.001834997
100,75,0.0,0.0021558758
100,76,0.0,0.0024203374
100,77,0.0,0.002550709
100,78,0.0,0.0020119264
100,79,0.0,0.0018940866
100,80,0.0,0.0017807228
100,81,0.0,0.002023994
100,82,0.0,0.0023907633
100,83,0.0,0.0035715215
100,84,0.0,0.0034268107
100,85,0.0,0.0023490675
100,86,-0.142884363630761,0.0023186794
100,87,-0.157182408886366,0.0021457057
100,88,0.0,0.0025580837
100,89,0.0,0.0024356004
100,90,0.0,0.0021570409
100,91,0.0,0.0024177711
100,92,0.0,0.0025722962
100,93,0.0,0.0020982
100,94,0.0,0.0017724102
100,95,0.0,0.0020384337
100,96,0.0,0.0022346778
100,97,0.0,0.0027799886
100,98,0.0,0.002612261
100,99,0.148785076755495,0.0024230243
100,100,0.0,0.030703487
100,101,0.0,0.0026229816
100,102,0.0,0.0027192351
100,103,0.0,0.0020037363
100,104,0.0,0.0024400824
100,105,0.0,0.0021566777
100,106,0.0,0.0028194478
100,107,0.0,0.0027624369
100,108,0.0,0.0024576024
100,109,0.0,0.0025781994
100,110,0.0,0.0021316954
100,111,0.0,0.0021846993
100,112,0.0,0.0019865646
100,113,0.0,0.0032785
100,114,0.0,0.0022260067
100,115,0.0,0.0026698825
100,116,0.0,0.002583297
100,117,0.0,0.0017275191
100,118,0.0,0.0027835872
100,119,0.0,0.0019845613
100,120,0.0,0.0024703909
100,121,0.0,0.0014763973
100,122,0.0,0.002440543
100,123,0.0,0.0015843264
100,124,0.0,0.0026714718
100,125,0.0,0.0017336262
100,126,0.0,0.0035806205
100,127,0.0,0.004397547
100,128,0.0,0.0028857333
100,129,0.0,0.0024837074
100,130,0.0,0.002872446
100,131,0.0,0.0022092974
100,132,0.152980335273957,0.0023476644
100,133,0.0,0.0021505863
100,134,0.140018504474325,0.0034232447
100,135,0.0,0.0025909594
100,136,0.0,0.0025356235
100,137,0.0,0.002433713
100,138,0.0,0.002585405
100,139,0.148970731660859,0.0025862912
100,140,0.0,0.0026164278
100,141,0.0,0.0022245464
100,142,0.0,0.001966299
100,143,0.0,0.0024684193
100,144,0.0,0.0029506707
100,145,0.0,0.0024235672
100,146,0.0,0.0026143296
100,147,0.0,0.0017156419
100,148,0.0,0.0017414279
100,149,0.0,0.0022866647
100,150,0.0,0.0021651797
100,151,0.0,0.002783217
100,152,0.0,0.0023275097
100,153,0.0,0.003315134
100,154,0.0,0.001478503
100,155,0.0,0.003466844
100,156,0.0,0.0025562816
100,157,0.0,0.0023213513
100,158,0.0,0.001528556
100,159,0.0,0.0023861327
100,160,0.0,0.0019661342
100,161,0.0,0.0023976113
100,162,0.0,0.0021246495
100,163,0.0,0.0020682146
100,164,-0.1380250087095,0.0016205125
100,165,0.0,0.0017141784
100,166,0.0,0.002222641
100,167,0.0,0.0024092076
100,168,0.0,0.0028036516
100,169,0.137232733081548,0.0023902906
100,170,0.0,0.0026296792
100,171,0.0,0.002775718
100,172,0.0,0.0025873561
100,173,0.0,0.0030210637
100,174,0.0,0.0019389307
100,175,0.0,0.0016988921
100,176,0.0,0.0019993507
100,177,0.0,0.0015562312
100,178,0.0,0.0024953042
100,179,0.0,0.002162214
100,180,0.0,0.0027306993
100,181,0.0,0.0035580029
100,182,0.0,0.0026445729
100,183,0.0,0.001512303
100,184,0.0,0.0024194475
100,185,0.0,0.0027701338
100,186,0.148299550417576,0.0022702292
100,187,0.0,0.0024330863
100,188,0.0,0.0027097804
100,189,0.0,0.0016167737
100,190,0.0,0.002402362
100,191,0.0,0.0023552664
100,192,0.0,0.00181016
100,193,0.0,0.001673352
100,194,0.0,0.0027756342
100,195,0.0,0.003123418
100,196,0.0,0.0014870521
100,197,0.0,0.0025489056
100,198,-0.136875993669176,0.0019343859
100,199,0.0,0.0025499226
100,200,0.0,0.003451059
100,201,0.0,0.0025519826
100,202,0.0,0.0024093366
100,203,-0.14681842160529,0.0036161505
100,204,0.0,0.002702145
100,205,0.0,0.0018750713
100,206,0.0,0.0034320885
100,207,0.0,0.0033050268
100,208,0.0,0.003121005
100,209,0.0,0.0030567083
100,210,0.0,0.0027636108
100,211,0.0,0.0024675685
100,212,0.0,0.0018116995
100,213,0.0,0.0032351739
100,214,0.0,0.0016591004
100,215,0.0,0.0035003265
100,216,0.0,0.0030203545
100,217,0.0,0.002317099
100,218,0.0,0.0015390869
100,219,0.156515483727207,0.00262255
100,220,0.0,0.0034936862
100,221,-0.175626164333305,0.0022263327
100,222,0.0,0.0014991066
100,223,0.0,0.0024586963
100,224,0.0,0.0019305171
100,225,0.0,0.0022520116
100,226,0.0,0.0020278618
100,227,0.0,0.0025282963
100,228,0.0,0.0023729457
100,229,0.0,0.0023293989
100,230,0.148163722811807,0.0027658865
100,231,0.0,0.0030972632
100,232,0.0,0.0023548142
100,233,0.0,0.0021714447
100,234,0.0,0.00277321
100,235,0.0,0.0016090288
100,236,0.0,0.0014993381
100,237,0.0,0.0017876616
100,238,0.0,0.0019822167
100,239,0.0,0.0022675353
100,240,0.0,0.003126416
100,241,0.0,0.0022915537
100,242,0.0,0.0025328738
100,243,0.0,0.0024894224
100,244,0.0,0.0026802854
100,245,0.0,0.002750245
100,246,0.0,0.0033788783
100,247,0.146760632610659,0.002079208
100,248,0.0,0.0026866533
100,249,0.0,0.001483839
100,250,0.0,0.0030912086
100,251,0.0,0.0014942
100,252,0.0,0.0036248798
100,253,0.0,0.0014931345
100,254,0.0,0.0014941744
100,255,0.0,0.0022717048
100,256,0.0,0.002492797
100,257,0.0,0.003396619
100,258,0.0,0.0025907108
100,259,0.0,0.0018327176
100,260,0.0,0.0027873083
100,261,0.0,0.0020280033
100,262,0.0,0.0014866744
100,263,0.0,0.0027130423
100,264,0.0,0.0033450075
100,265,0.0,0.0027620662
100,266,0.0,0.0023594014
100,267,0.0,0.0023640767
100,268,0.0,0.0025064466
101,1,0.0,0.0023912373
101,2,0.150199729080508,0.0027699578
101,3,0.0,0.003508178
101,4,0.0,0.002463617
101,5,0.0,0.0026942464
101,6,0.0,0.0020115566
101,7,0.0,0.0014859182
101,8,0.0,0.0022142688
101,9,0.0,0.00275705
101,10,0.0,0.0022722376
101,11,-0.150594449860451,0.0036150315
101,12,0.0,0.002472674
101,13,0.0,0.0025274782
101,14,0.0,0.002610173
101,15,0.0,0.0034678513
101,16,0.0,0.001680139
101,17,-0.150741227840009,0.0027119163
101,18,0.0,0.0026549143
101,19,0.0,0.0035486044
101,20,0.0,0.0021688929
101,21,0.0,0.0024436596
101,22,0.0,0.0021463246
101,23,0.0,0.0025569322
101,24,0.0,0.0035115313
101,25,-0.152745772365466,0.0014787535
101,26,0.0,0.0027014394
101,27,0.0,0.0023422665
101,28,0.0,0.0027438053
101,29,0.0,0.003038073
101,30,0.0,0.0035776198
101,31,0.0,0.0024511348
101,32,0.0,0.0027797977
101,33,0.0,0.0019747429
101,34,0.0,0.002328936
101,35,0.0,0.0034110919
101,36,0.0,0.0017841458
101,37,0.0,0.0014891499
101,38,0.0,0.002590511
101,39,0.0,0.0018951013
101,40,0.0,0.0015332005
101,41,0.0,0.002776565
101,42,0.137844657941665,0.0030704727
101,43,0.0,0.003086736
101,44,0.0,0.0029789377
101,45,0.0,0.0023900098
101,46,0.0,0.0032502376
101,47,0.0,0.0029071341
101,48,0.0,0.0023698155
101,49,0.0,0.0024641291
101,50,0.0,0.0030755284
101,51,0.0,0.0016990346
101,52,0.148787658736179,0.0031387014
101,53,0.0,0.0022386415
101,54,0.0,0.0021496667
101,55,0.0,0.0025373548
101,56,0.0,0.0024317424
101,57,0.0,0.002200014
101,58,0.0,0.0018891525
101,59,0.0,0.0026030703
101,60,0.0,0.0022003353
101,61,0.0,0.0024424652
101,62,0.0,0.0027309288
101,63,0.0,0.0021643387
101,64,0.0,0.0029942398
101,65,0.0,0.002466855
101,66,0.0,0.002490616
101,67,0.140513784450963,0.0039246744
101,68,0.0,0.002668717
101,69,0.0,0.0025134194
101,70,0.147686699697322,0.0017508673
101,71,0.0,0.0031029186
101,72,0.0,0.0023080865
101,73,0.0,0.002430214
101,74,0.0,0.0023157843
101,75,0.0,0.0016396581
101,76,0.0,0.0018105833
101,77,0.0,0.0025507123
101,78,0.0,0.0024113143
101,79,0.0,0.0020167981
101,80,0.0,0.0015448141
101,81,0.0,0.0028753635
101,82,0.143989198427432,0.0016682218
101,83,0.0,0.001501285
101,84,0.0,0.0022076587
101,85,0.0,0.002355197
101,86,0.0,0.0014773328
101,87,0.0,0.0019234945
101,88,0.0,0.0025837729
101,89,0.0,0.0027220063
101,90,0.0,0.0025683772
101,91,0.0,0.0020929677
101,92,0.0,0.0031214543
101,93,0.0,0.002562379
101,94,0.0,0.0028892877
101,95,0.0,0.0019415007
101,96,0.0,0.0017933212
101,97,0.0,0.0017121984
101,98,0.0,0.0024074186
101,99,0.0,0.0015199371
101,100,0.0,0.0026229816
101,101,0.0,0.030703487
101,102,0.0,0.0034379559
101,103,0.0,0.0025799535
101,104,-0.153182396259532,0.0034703007
101,105,0.0,0.0020796303
101,106,0.0,0.0025685872
101,107,0.157805488774555,0.0014700172
101,108,0.0,0.0016507315
101,109,0.0,0.0022020726
101,110,0.0,0.0031418814
101,111,0.0,0.0026650135
101,112,0.0,0.001492972
101,113,0.0,0.0025561224
101,114,0.161000660424045,0.002511132
101,115,-0.164599908452818,0.0033413763
101,116,0.0,0.0026146527
101,117,0.0,0.00249111
101,118,0.0,0.0023355102
101,119,0.0,0.0022619506
101,120,0.0,0.0019967034
101,121,0.0,0.0022301031
101,122,0.0,0.002044951
101,123,0.0,0.002039913
101,124,0.0,0.0029537613
101,125,0.0,0.0022056382
101,126,0.0,0.0021336805
101,127,0.0,0.0014660647
101,128,0.0,0.0029497445
101,129,0.0,0.00149028
101,130,0.0,0.0026633735
101,131,0.0,0.0029830975
101,132,0.0,0.0021792958
101,133,0.0,0.002769093
101,134,0.0,0.0024067373
101,135,0.0,0.0032890565
101,136,0.0,0.0031195213
101,137,0.0,0.0026141475
101,138,0.0,0.0027725133
101,139,0.0,0.0023177066
101,140,0.0,0.001924092
101,141,0.0,0.003386429
101,142,0.0,0.0014911364
101,143,0.0,0.001984436
101,144,0.0,0.0023919358
101,145,0.0,0.0027030758
101,146,0.0,0.0024738996
101,147,0.0,0.0016123652
101,148,0.0,0.0025094058
101,149,0.0,0.0018580565
101,150,0.0,0.0027895533
101,151,0.153383694828266,0.0023668865
101,152,0.0,0.002846839
101,153,0.0,0.0022396413
101,154,0.0,0.0024789572
101,155,0.0,0.0021648668
101,156,0.0,0.002709949
101,157,0.0,0.0020212187
101,158,0.0,0.002460183
101,159,0.0,0.0026828335
101,160,0.0,0.0017372803
101,161,0.0,0.002242094
101,162,0.0,0.0016568652
101,163,0.0,0.0030781678
101,164,0.0,0.0023116735
101,165,0.0,0.0025663958
101,166,0.0,0.0036314456
101,167,0.0,0.0020506936
101,168,0.0,0.0036066733
101,169,0.0,0.0015428523
101,170,0.0,0.002432946
101,171,0.168889867830345,0.002759344
101,172,0.0,0.0032353057
101,173,0.0,0.0027996972
101,174,0.0,0.0024620518
101,175,0.0,0.0025081937
101,176,0.0,0.0016366523
101,177,0.0,0.0014929567
101,178,0.0,0.0024791993
101,179,0.0,0.0032519381
101,180,0.0,0.0014651185
101,181,0.0,0.0022133598
101,182,0.0,0.0016110805
101,183,0.0,0.0028460384
101,184,0.0,0.0027146242
101,185,0.0,0.0035266438
101,186,0.0,0.002641194
101,187,0.0,0.0027016243
101,188,0.0,0.002286774
101,189,0.0,0.0014982084
101,190,0.0,0.0025906735
101,191,0.0,0.0027629323
101,192,0.0,0.0017171423
101,193,0.0,0.0014880542
101,194,0.0,0.0024938025
101,195,0.158428372430168,0.002369129
101,196,0.0,0.0034503485
101,197,0.0,0.0034802738
101,198,0.0,0.0023238529
101,199,0.0,0.0016984707
101,200,0.0,0.002373293
101,201,0.0,0.0032695346
101,202,-0.16183025647893,0.0023224368
101,203,0.0,0.0026071589
101,204,0.0,0.0016678241
101,205,0.0,0.0014975988
101,206,0.0,0.0017365934
101,207,0.153793726182404,0.0025509773
101,208,0.0,0.0032825498
101,209,0.0,0.0024264473
101,210,0.162237012601465,0.002050558
101,211,0.0,0.0027867989
101,212,0.0,0.0024330518
101,213,0.0,0.0018269471
101,214,0.0,0.0017504161
101,215,0.0,0.0025612568
101,216,0.0,0.0025518388
101,217,0.0,0.0019747554
101,218,0.0,0.0019106409
101,219,0.0,0.0034127613
101,220,0.0,0.0016168584
101,221,0.0,0.0027166982
101,222,0.165053136083955,0.0025490308
101,223,0.0,0.0023552515
101,224,0.0,0.00262789
101,225,0.0,0.003216954
101,226,0.0,0.003450967
101,227,0.0,0.0016898392
101,228,0.0,0.0026081572
101,229,0.0,0.0017758268
101,230,0.0,0.002262039
101,231,0.158021782023983,0.0025147256
101,232,0.150444020500362,0.0034418567
101,233,0.0,0.003271317
101,234,0.0,0.0025530425
101,235,0.0,0.0016431697
101,236,0.0,0.001486226
101,237,0.0,0.0016713231
101,238,0.0,0.0034466954
101,239,0.0,0.00235502
101,240,0.0,0.0022049048
101,241,0.0,0.0033833897
101,242,0.0,0.0025886996
101,243,0.0,0.0023233965
101,244,0.0,0.003460025
101,245,0.0,0.0029095998
101,246,0.0,0.0025840662
101,247,0.0,0.0015285881
101,248,0.0,0.003594845
101,249,0.0,0.0017413264
101,250,0.0,0.0033939187
101,251,0.0,0.0022527287
101,252,0.0,0.0019528554
101,253,0.0,0.0025324915
101,254,0.0,0.0017413637
101,255,0.0,0.0023837788
101,256,0.0,0.0024610618
101,257,0.0,0.0026434967
101,258,0.0,0.0024181297
101,259,0.0,0.001737555
101,260,0.0,0.0029472676
101,261,0.0,0.0026013423
101,262,0.0,0.0024306695
101,263,0.0,0.0023873807
101,264,0.0,0.0032283938
101,265,-0.163382437076775,0.0023198249
101,266,-0.172849091068632,0.0027642888
101,267,0.161615084264079,0.0017344807
101,268,0.164885509141063,0.0023440607
102,1,0.0,0.0036675967
102,2,0.0,0.0031634402
102,3,0.0,0.0023860782
102,4,0.0,0.0024774931
102,5,0.0,0.002633755
102,6,0.0,0.0016138074
102,7,0.0,0.0025307252
102,8,0.0,0.0020039417
102,9,0.143360145305267,0.0016860468
102,10,0.147789164358878,0.001940411
102,11,0.0,0.0024661757
102,12,0.0,0.0024714465
102,13,0.0,0.0018121437
102,14,0.0,0.0017578048
102,15,0.0,0.0024496242
102,16,0.0,0.0018216842
102,17,0.0,0.0027692188
102,18,0.0,0.0034955232
102,19,0.0,0.002717575
102,20,0.0,0.0015395386
102,21,0.148440740097913,0.0017721457
102,22,0.0,0.0030429699
102,23,0.0,0.0016237637
102,24,0.0,0.0022807322
102,25,-0.156504234537684,0.0032444382
102,26,0.0,0.0024491684
102,27,0.0,0.0015027253
102,28,0.1493287780091,0.0021007406
102,29,0.0,0.0019874526
102,30,0.0,0.0028038584
102,31,0.0,0.0035024513
102,32,0.0,0.0014943574
102,33,0.0,0.0020915219
102,34,0.0,0.0023389612
102,35,0.0,0.0026696222
102,36,0.0,0.0022753961
102,37,0.0,0.0014831461
102,38,0.0,0.0027792524
102,39,-0.151986451302072,0.0016109007
102,40,0.0,0.002817479
102,41,0.0,0.0028329492
102,42,0.0,0.0014988082
102,43,0.0,0.0023856536
102,44,0.0,0.0022373768
102,45,0.0,0.0029701395
102,46,0.0,0.0015016543
102,47,0.0,0.0023182621
102,48,0.0,0.0022325646
102,49,0.0,0.0025496823
102,50,0.0,0.0025741467
102,51,0.0,0.0020027258
102,52,0.0,0.0017230525
102,53,0.0,0.0014868295
102,54,0.0,0.0019167098
102,55,0.0,0.0031858864
102,56,0.0,0.0034297137
102,57,0.149949197759566,0.0032359562
102,58,0.0,0.0025681085
102,59,0.0,0.0029558167
102,60,0.0,0.0028800797
102,61,0.0,0.0018295506
102,62,0.0,0.0024076253
102,63,0.0,0.0014969236
102,64,0.156878224649211,0.0014618956
102,65,0.0,0.0024142694
102,66,0.0,0.0015994045
102,67,0.0,0.0017062635
102,68,0.0,0.0023821937
102,69,0.0,0.0025354354
102,70,0.0,0.0014624656
102,71,0.0,0.0035550008
102,72,0.140102167585797,0.0032259417
102,73,-0.156814843234978,0.002362032
102,74,0.0,0.0037903572
102,75,0.0,0.002355548
102,76,0.0,0.0014873683
102,77,0.0,0.0021218974
102,78,0.0,0.0023384378
102,79,0.0,0.0021463782
102,80,0.0,0.0024778442
102,81,0.151370350957305,0.002254583
102,82,0.0,0.0016751778
102,83,0.0,0.002470585
102,84,0.0,0.0023128227
102,85,0.0,0.001991848
102,86,0.0,0.0024217134
102,87,0.0,0.0024593975
102,88,0.0,0.0028653513
102,89,0.0,0.0022502728
102,90,0.0,0.002771724
102,91,0.0,0.0016269358
102,92,0.0,0.0017227558
102,93,0.0,0.003312292
102,94,0.0,0.0026807357
102,95,0.0,0.0022636233
102,96,0.0,0.0022735693
102,97,0.0,0.0025596302
102,98,0.0,0.0022985535
102,99,0.0,0.0020007873
102,100,0.0,0.0027192351
102,101,0.0,0.0034379559
102,102,-0.565599532099441,0.030703487
102,103,0.0,0.0030952836
102,104,0.0,0.0027778004
102,105,0.0,0.0034632934
102,106,0.0,0.0021023974
102,107,0.0,0.0017903955
102,108,0.0,0.0025478378
102,109,0.0,0.0019018692
102,110,0.143722350058749,0.0014800457
102,111,0.143828222857635,0.0023125624
102,112,0.0,0.0017627855
102,113,0.0,0.002089749
102,114,0.0,0.0017860141
102,115,0.0,0.00200008
102,116,0.0,0.0018698806
102,117,0.0,0.0014931294
102,118,0.0,0.0025722478
102,119,0.0,0.0014866157
102,120,0.0,0.003365513
102,121,0.0,0.0025186157
102,122,-0.146104295906094,0.0023052865
102,123,0.0,0.0020873481
102,124,0.0,0.0025542555
102,125,0.143301727449687,0.0020528012
102,126,0.0,0.0016868431
102,127,0.0,0.0014941306
102,128,0.0,0.0025515426
102,129,0.0,0.002617024
102,130,0.0,0.0035477965
102,131,0.0,0.0016754367
102,132,0.0,0.0027862699
102,133,0.0,0.0023055687
102,134,0.0,0.001492532
102,135,0.0,0.0017051082
102,136,0.0,0.0025644843
102,137,0.0,0.001482897
102,138,0.0,0.0026264722
102,139,0.0,0.0026233592
102,140,0.0,0.0015787557
102,141,0.0,0.0026616962
102,142,0.0,0.0015324331
102,143,0.0,0.002407622
102,144,0.0,0.0023452295
102,145,0.0,0.0016120542
102,146,0.0,0.0015117433
102,147,0.0,0.0025682976
102,148,0.0,0.0025585867
102,149,0.0,0.0023660338
102,150,0.0,0.001958719
102,151,0.0,0.002728676
102,152,0.0,0.0021259664
102,153,0.0,0.0016255528
102,154,0.0,0.0027763909
102,155,0.0,0.0027700746
102,156,0.0,0.0016701091
102,157,0.0,0.0023973836
102,158,0.143236366429641,0.0027883882
102,159,0.138647317942088,0.0023861295
102,160,0.0,0.0014882283
102,161,0.0,0.0027864478
102,162,0.0,0.0025860458
102,163,0.0,0.0014895173
102,164,0.0,0.0018839915
102,165,-0.148618281005733,0.002183944
102,166,0.0,0.0015372736
102,167,0.0,0.00227739
102,168,0.0,0.0029835529
102,169,0.0,0.0014604647
102,170,0.0,0.0019796179
102,171,0.0,0.002209377
102,172,0.0,0.0030518225
102,173,0.0,0.0014892039
102,174,0.0,0.0020367093
102,175,-0.149083599176961,0.0023452034
102,176,0.0,0.001714915
102,177,0.0,0.0015170416
102,178,0.0,0.0036314465
102,179,0.0,0.0019512479
102,180,0.0,0.0035241782
102,181,0.0,0.0023661628
102,182,0.0,0.0014841575
102,183,0.0,0.002406517
102,184,0.0,0.001724462
102,185,0.0,0.0023286454
102,186,0.0,0.0019026739
102,187,0.0,0.0016619354
102,188,0.0,0.0021902341
102,189,0.0,0.0015428001
102,190,0.0,0.0020218291
102,191,0.0,0.0016426397
102,192,0.0,0.002903326
102,193,0.0,0.002576151
102,194,0.0,0.0024941093
102,195,0.0,0.0025497545
102,196,0.0,0.0026163314
102,197,0.0,0.001722882
102,198,0.0,0.0019488931
102,199,0.0,0.002564143
102,200,0.0,0.002290939
102,201,0.0,0.0026157256
102,202,0.0,0.0017154366
102,203,0.0,0.0035761748
102,204,0.0,0.0024000504
102,205,0.0,0.0027499376
102,206,0.0,0.003370238
102,207,0.0,0.0016080476
102,208,0.0,0.001538136
102,209,0.0,0.0023585758
102,210,0.0,0.002680088
102,211,-0.140233265993467,0.0025627022
102,212,0.0,0.0017309948
102,213,0.0,0.002000067
102,214,0.0,0.0024705604
102,215,0.0,0.001478632
102,216,0.0,0.0017817612
102,217,0.139034184344185,0.0016125552
102,218,0.0,0.0014878353
102,219,0.154409376588604,0.0014961637
102,220,0.0,0.0014831554
102,221,0.173262899628629,0.001460256
102,222,0.0,0.0039738882
102,223,0.0,0.0025137546
102,224,0.0,0.0015110634
102,225,0.0,0.002803531
102,226,0.0,0.0023106704
102,227,0.0,0.0036316304
102,228,0.0,0.0025264323
102,229,0.0,0.0024275226
102,230,0.0,0.0021550437
102,231,0.0,0.0020953882
102,232,0.136968765037675,0.0024680332
102,233,0.0,0.0019659824
102,234,0.0,0.0014931457
102,235,0.0,0.002744235
102,236,0.0,0.00358572
102,237,0.0,0.0022428776
102,238,0.0,0.0018698312
102,239,0.0,0.0020075664
102,240,0.0,0.0018784041
102,241,0.0,0.0017172326
102,242,0.0,0.0025493568
102,243,0.0,0.0025814394
102,244,0.0,0.002575045
102,245,-0.142206789034368,0.0035781162
102,246,-0.146212343934284,0.002401873
102,247,0.0,0.0018174644
102,248,0.0,0.0018244516
102,249,0.0,0.001731798
102,250,0.0,0.0028532622
102,251,0.0,0.002598463
102,252,0.0,0.0023911837
102,253,0.0,0.002290707
102,254,-0.143399294919793,0.0021809964
102,255,0.0,0.0023666183
102,256,0.0,0.002199239
102,257,0.0,0.0031375438
102,258,0.0,0.0024316898
102,259,0.0,0.002790234
102,260,0.0,0.002671848
102,261,0.0,0.002378764
102,262,0.0,0.0023374879
102,263,0.0,0.0026777494
102,264,0.0,0.0017423783
102,265,0.0,0.0023179185
102,266,0.0,0.0025265836
102,267,0.0,0.0019955602
102,268,0.0,0.0025936496
103,1,0.0,0.0032081455
103,2,0.169644729925776,0.003133947
103,3,0.0,0.0024083885
103,4,0.0,0.002285961
103,5,0.0,0.0022024792
103,6,0.0,0.002052348
103,7,0.0,0.0018248921
103,8,0.0,0.0035178661
103,9,0.0,0.0023082704
103,10,0.0,0.0026145293
103,11,0.0,0.0018828698
103,12,0.0,0.0014976389
103,13,0.0,0.0026011467
103,14,0.0,0.0022593522
103,15,0.0,0.0025191233
103,16,0.0,0.0031211302
103,17,0.0,0.002363807
103,18,0.164923956116195,0.0024517826
103,19,0.0,0.0025755353
103,20,0.0,0.0019344785
103,21,0.163631699275856,0.0018513761
103,22,0.0,0.0023877337
103,23,0.0,0.0025857706
103,24,-0.15201818106685,0.0024146256
103,25,0.172520386413975,0.0026747142
103,26,0.0,0.002489212
103,27,0.0,0.0024839337
103,28,0.164610616198078,0.0023284145
103,29,0.0,0.0027135313
103,30,0.0,0.0019659754
103,31,0.0,0.0034628678
103,32,0.0,0.002644688
103,33,0.0,0.0024133949
103,34,0.0,0.002691621
103,35,0.0,0.0024339445
103,36,0.0,0.002207168
103,37,0.0,0.0017275601
103,38,0.0,0.0025519873
103,39,0.0,0.00249004
103,40,-0.163609352284901,0.0016609649
103,41,0.0,0.002957102
103,42,0.0,0.0029738303
103,43,0.0,0.0023712288
103,44,0.0,0.0025958745
103,45,0.0,0.0022889613
103,46,0.0,0.0027830624
103,47,0.0,0.0024598534
103,48,0.0,0.0024474962
103,49,0.0,0.0022570188
103,50,0.0,0.0035956558
103,51,0.0,0.0014851345
103,52,0.0,0.0016090414
103,53,0.0,0.0022984883
103,54,0.0,0.002459812
103,55,0.0,0.0026989542
103,56,0.0,0.002415156
103,57,0.0,0.0022898596
103,58,0.0,0.002052098
103,59,0.0,0.002513851
103,60,0.0,0.0020616576
103,61,0.0,0.0022768988
103,62,0.0,0.0024229605
103,63,0.0,0.0026550796
103,64,0.0,0.0036209691
103,65,0.0,0.0025662794
103,66,0.0,0.0014844555
103,67,-0.158704833623603,0.0015255911
103,68,0.0,0.0036304793
103,69,0.0,0.0032617315
103,70,0.0,0.001978299
103,71,0.0,0.0035106856
103,72,0.0,0.0020971806
103,73,0.0,0.0031535402
103,74,0.0,0.0034408644
103,75,0.0,0.0016154437
103,76,0.0,0.0023069782
103,77,0.0,0.0026373551
103,78,0.0,0.003135216
103,79,0.0,0.0018144082
103,80,0.0,0.0021143216
103,81,0.0,0.0026757312
103,82,0.0,0.0026846128
103,83,0.0,0.0023475164
103,84,0.166178437172012,0.0018498208
103,85,0.0,0.0026952475
103,86,0.0,0.0023192689
103,87,0.0,0.0015280684
103,88,0.0,0.0021904623
103,89,0.0,0.0026984313
103,90,0.0,0.002321729
103,91,0.0,0.0018688403
103,92,-0.152059069624374,0.0025515328
103,93,0.0,0.0022651204
103,94,0.0,0.0019882377
103,95,0.0,0.0029614936
103,96,0.0,0.0027561337
103,97,0.0,0.0019682418
103,98,0.0,0.0026216498
103,99,0.0,0.0018024631
103,100,0.0,0.0020037363
103,101,-0.15738986987335,0.0025799535
103,102,0.0,0.0030952836
103,103,-0.679987341398373,0.030703487
103,104,0.0,0.001842292
103,105,0.0,0.0020368611
103,106,0.0,0.0024735266
103,107,0.0,0.0022044796
103,108,0.0,0.0020303936
103,109,-0.154175561947897,0.0024872273
103,110,0.0,0.0018252814
103,111,0.0,0.0023801709
103,112,0.0,0.0016576415
103,113,0.0,0.0025174008
103,114,0.0,0.00211269
103,115,0.0,0.003303287
103,116,0.0,0.0028129998
103,117,0.0,0.0031438717
103,118,0.0,0.0027876822
103,119,0.0,0.0017396444
103,120,0.0,0.0026764874
103,121,0.0,0.0017359713
103,122,0.0,0.0026351777
103,123,0.0,0.002081843
103,124,0.0,0.0029792804
103,125,0.0,0.0022167033
103,126,0.0,0.003411091
103,127,0.0,0.0024486203
103,128,0.0,0.0019640578
103,129,0.0,0.0025910144
103,130,0.0,0.0026009334
103,131,0.0,0.0033737174
103,132,0.0,0.002368413
103,133,0.0,0.0032423697
103,134,0.0,0.0029130052
103,135,0.0,0.0034035593
103,136,0.0,0.0025976775
103,137,0.0,0.0026496933
103,138,-0.167946317520586,0.002541829
103,139,0.155035166458792,0.0033441046
103,140,0.0,0.0022910219
103,141,0.0,0.0018268065
103,142,0.0,0.0021311473
103,143,0.0,0.0021794438
103,144,-0.163499967882299,0.002387649
103,145,0.0,0.003163632
103,146,0.0,0.0026049782
103,147,0.0,0.0025525438
103,148,0.0,0.0027056197
103,149,0.0,0.0030756192
103,150,0.0,0.002344795
103,151,0.0,0.0025037467
103,152,0.0,0.0021098056
103,153,0.0,0.0025977688
103,154,0.0,0.0019777059
103,155,0.154780821738084,0.0023103077
103,156,0.0,0.002594234
103,157,0.0,0.0027489658
103,158,-0.151100604844657,0.0022175955
103,159,0.0,0.0032362267
103,160,0.0,0.0035797516
103,161,-0.143198294067938,0.002784425
103,162,0.0,0.0016799914
103,163,0.0,0.003033773
103,164,0.0,0.0019249786
103,165,0.0,0.0015466241
103,166,0.0,0.0024035876
103,167,0.0,0.0028881058
103,168,0.0,0.0022901138
103,169,0.0,0.0019983137
103,170,0.0,0.0023468002
103,171,0.16220457974992,0.0031429073
103,172,0.0,0.0025909115
103,173,0.0,0.0026606205
103,174,0.0,0.0027107848
103,175,0.0,0.0025507542
103,176,0.0,0.002247464
103,177,0.0,0.0017216317
103,178,0.0,0.0026674555
103,179,0.0,0.0022171475
103,180,0.0,0.002667916
103,181,0.0,0.0023882329
103,182,0.0,0.0017200401
103,183,0.0,0.0023072134
103,184,0.0,0.002611116
103,185,-0.153755990422543,0.0026277374
103,186,0.0,0.0026432076
103,187,0.0,0.0022501983
103,188,0.0,0.0014999341
103,189,0.0,0.0016802493
103,190,0.0,0.0035714735
103,191,0.0,0.0026138895
103,192,0.0,0.0023997398
103,193,0.0,0.0018920708
103,194,0.0,0.0032682293
103,195,0.0,0.0025963532
103,196,0.0,0.0027661538
103,197,0.0,0.002534612
103,198,0.14244806497308,0.0016844552
103,199,-0.166969992307622,0.0035769963
103,200,0.0,0.0030465634
103,201,0.0,0.0017405939
103,202,0.0,0.002688272
103,203,0.0,0.0015076715
103,204,0.0,0.0017481907
103,205,0.0,0.0021350868
103,206,0.0,0.0024983427
103,207,0.0,0.0024431776
103,208,0.0,0.003156344
103,209,0.0,0.0025901217
103,210,-0.155815069233982,0.0026876857
103,211,0.0,0.0033098157
103,212,0.0,0.0018512118
103,213,0.0,0.0021695886
103,214,0.0,0.0015737889
103,215,0.0,0.0023593875
103,216,0.0,0.0027297623
103,217,0.0,0.0032080263
103,218,0.0,0.0017284383
103,219,0.0,0.0017136955
103,220,0.159535347708984,0.0017784773
103,221,0.0,0.0021704994
103,222,-0.158519720092374,0.0017722994
103,223,0.0,0.0019449987
103,224,0.0,0.0015411153
103,225,0.0,0.0016263635
103,226,0.0,0.002146679
103,227,0.0,0.0014971844
103,228,0.0,0.0027615144
103,229,0.0,0.001684241
103,230,0.0,0.0022818018
103,231,0.0,0.002538606
103,232,0.0,0.0032782978
103,233,0.0,0.0024849316
103,234,0.0,0.002447376
103,235,0.0,0.0031372108
103,236,0.0,0.001977726
103,237,0.0,0.0014824676
103,238,0.0,0.0015530353
103,239,0.0,0.0032079308
103,240,0.0,0.0027719564
103,241,0.0,0.00249023
103,242,0.0,0.0020511374
103,243,0.0,0.0032015974
103,244,0.0,0.0035479474
103,245,0.150014499611482,0.0021752357
103,246,0.0,0.0022665681
103,247,0.0,0.0023209741
103,248,0.0,0.0027708067
103,249,0.0,0.0018575089
103,250,0.0,0.0023465957
103,251,0.0,0.0027643987
103,252,0.0,0.0025323932
103,253,0.0,0.0022689137
103,254,0.0,0.0017722235
103,255,0.0,0.0034679566
103,256,0.0,0.002582626
103,257,0.0,0.0016102092
103,258,0.0,0.0023009018
103,259,0.0,0.0018281108
103,260,0.0,0.0027561542
103,261,0.0,0.0025795726
103,262,0.0,0.0021134187
103,263,0.0,0.0015141466
103,264,0.0,0.0026123472
103,265,0.0,0.0027887337
103,266,0.0,0.0027899873
103,267,-0.155217759129496,0.0014991611
103,268,0.0,0.0022410108
104,1,0.0,0.0023921118
104,2,0.0,0.0015957076
104,3,0.0,0.0018079472
104,4,0.0,0.0023138714
104,5,0.0,0.0025831456
104,6,0.0,0.0024901503
104,7,0.0,0.0024894616
104,8,0.0,0.0035568597
104,9,0.0,0.0025066384
104,10,0.0,0.0030476232
104,11,0.0,0.0026256852
104,12,0.0,0.0024683038
104,13,0.0,0.0032471959
104,14,0.0,0.0017597824
104,15,0.0,0.001844754
104,16,0.0,0.0036174678
104,17,0.0,0.0036100266
104,18,0.0,0.0028317603
104,19,0.0,0.0026612524
104,20,0.0,0.0024691178
104,21,0.0,0.0027897814
104,22,0.0,0.002491822
104,23,-0.141406961782164,0.0030272068
104,24,0.0,0.0025902707
104,25,0.0,0.0021524783
104,26,0.0,0.0035974807
104,27,0.0,0.002241727
104,28,0.0,0.0025567454
104,29,0.0,0.00230884
104,30,0.0,0.0018520942
104,31,0.0,0.0018633478
104,32,0.0,0.0025581722
104,33,0.0,0.0023200233
104,34,0.0,0.0020552943
104,35,0.0,0.0023904806
104,36,0.0,0.0020129024
104,37,0.0,0.002433808
104,38,0.0,0.0034188684
104,39,0.0,0.0022591292
104,40,0.0,0.0029566786
104,41,0.146616633739024,0.0020309282
104,42,-0.134896762563416,0.0031272033
104,43,0.0,0.0022190409
104,44,0.0,0.002348586
104,45,0.0,0.0031251349
104,46,0.0,0.002700076
104,47,0.0,0.0018770769
104,48,0.0,0.0024632541
104,49,0.0,0.0024449024
104,50,0.0,0.0023012557
104,51,0.0,0.001740464
104,52,0.0,0.002144136
104,53,0.0,0.002601434
104,54,0.0,0.002317465
104,55,0.148776674857176,0.002153169
104,56,0.0,0.002493102
104,57,0.0,0.0015960066
104,58,0.0,0.0030030934
104,59,0.0,0.0021832697
104,60,0.0,0.0018447852
104,61,0.0,0.0036292071
104,62,0.138443718810792,0.002791407
104,63,0.0,0.0027214773
104,64,0.0,0.0025357367
104,65,0.0,0.0019182162
104,66,0.0,0.0016193148
104,67,0.0,0.0022904011
104,68,0.141311765855874,0.0024232352
104,69,0.0,0.0023514456
104,70,0.0,0.0026139426
104,71,0.0,0.0017655645
104,72,0.0,0.0017625135
104,73,-0.149775873572227,0.0016017468
104,74,0.0,0.0024777432
104,75,0.0,0.0024682237
104,76,0.0,0.003409285
104,77,-0.14417265032383,0.002942503
104,78,0.0,0.0027640192
104,79,0.0,0.0021922998
104,80,0.0,0.0026745298
104,81,0.0,0.0023916275
104,82,0.0,0.0023116572
104,83,0.0,0.0032582865
104,84,0.0,0.0029996843
104,85,0.0,0.002775333
104,86,0.0,0.0031568506
104,87,0.151158903494563,0.0025880868
104,88,0.0,0.002468362
104,89,0.0,0.0024200012
104,90,0.0,0.0025503943
104,91,-0.141859137930215,0.002309224
104,92,0.0,0.0025482993
104,93,0.0,0.0019236775
104,94,-0.141230168080278,0.0023839301
104,95,0.0,0.0031735245
104,96,0.0,0.0018069297
104,97,0.0,0.001734186
104,98,0.0,0.002582966
104,99,0.0,0.0023534833
104,100,0.0,0.0024400824
104,101,0.0,0.0034703007
104,102,0.0,0.0027778004
104,103,0.0,0.001842292
104,104,0.0,0.030703487
104,105,0.0,0.0023708395
104,106,0.14762724155247,0.0027787667
104,107,0.0,0.0026989058
104,108,0.0,0.0025407667
104,109,0.147403730149515,0.0023364206
104,110,0.0,0.0027797637
104,111,0.0,0.0026973505
104,112,0.0,0.0025355732
104,113,0.0,0.002993592
104,114,0.0,0.0027995198
104,115,0.0,0.0032983846
104,116,0.0,0.0027893027
104,117,0.146877663640897,0.00253393
104,118,0.0,0.0023208503
104,119,0.0,0.0023835846
104,120,0.0,0.0023363233
104,121,0.0,0.0029349932
104,122,0.0,0.0030936794
104,123,0.0,0.0035797008
104,124,0.0,0.0026605688
104,125,0.0,0.0023444714
104,126,0.0,0.0036185756
104,127,0.0,0.001807957
104,128,0.0,0.0023057512
104,129,0.0,0.0036173924
104,130,0.0,0.0025147605
104,131,0.0,0.0021776701
104,132,0.0,0.0036070156
104,133,0.0,0.0017417399
104,134,0.0,0.0025921664
104,135,0.0,0.0024536732
104,136,0.0,0.0025327462
104,137,0.151657082767592,0.0025307522
104,138,0.0,0.002693647
104,139,0.0,0.0035014218
104,140,0.0,0.002296403
104,141,0.0,0.0026829499
104,142,0.0,0.0018707439
104,143,0.0,0.0026754104
104,144,0.0,0.0014773998
104,145,0.0,0.002426146
104,146,0.0,0.0024495213
104,147,0.0,0.0019218349
104,148,0.0,0.001651593
104,149,0.0,0.0017532506
104,150,0.0,0.0022745454
104,151,0.0,0.0025760615
104,152,0.0,0.001848002
104,153,0.0,0.0024755527
104,154,0.0,0.0019621775
104,155,0.0,0.0036106003
104,156,0.0,0.0031229607
104,157,0.0,0.0026420318
104,158,0.0,0.0022982294
104,159,0.0,0.0030644354
104,160,0.0,0.0017591128
104,161,0.0,0.0025948249
104,162,0.0,0.002228551
104,163,0.148970952551328,0.0024081147
104,164,0.0,0.0020000003
104,165,0.0,0.0017636637
104,166,0.0,0.0020117676
104,167,0.0,0.0034976974
104,168,0.0,0.0030489773
104,169,0.0,0.0024432275
104,170,0.0,0.0036188923
104,171,0.0,0.0016067596
104,172,0.0,0.0036206702
104,173,0.0,0.002771581
104,174,0.0,0.002701135
104,175,0.0,0.002766049
104,176,0.0,0.0023524868
104,177,0.141293861517009,0.002314575
104,178,0.0,0.0027756873
104,179,0.0,0.002422175
104,180,0.0,0.00241102
104,181,0.0,0.002543076
104,182,0.0,0.0023795227
104,183,0.0,0.0016467222
104,184,0.0,0.0032508192
104,185,0.0,0.002342301
104,186,0.147557754383756,0.002370419
104,187,0.0,0.0036090356
104,188,0.0,0.0022942065
104,189,0.0,0.0018882761
104,190,0.0,0.003399928
104,191,0.0,0.0035032658
104,192,0.0,0.0015795422
104,193,0.0,0.0026109484
104,194,0.0,0.002598526
104,195,0.0,0.002422803
104,196,0.0,0.0028529358
104,197,0.0,0.002950925
104,198,0.0,0.0024652695
104,199,0.0,0.003128713
104,200,0.0,0.0024688225
104,201,0.0,0.0036309035
104,202,0.0,0.0024399068
104,203,0.0,0.0023065927
104,204,0.0,0.0019267187
104,205,0.0,0.002480281
104,206,0.0,0.0030344813
104,207,0.0,0.0027700681
104,208,0.0,0.0025946489
104,209,0.0,0.002429889
104,210,0.0,0.0028309678
104,211,0.0,0.0035894094
104,212,0.0,0.0029928186
104,213,0.0,0.0035864967
104,214,0.0,0.0024110526
104,215,0.0,0.002786999
104,216,0.0,0.0026052757
104,217,0.0,0.0026373095
104,218,0.0,0.0016335319
104,219,0.0,0.0025103134
104,220,0.0,0.0016704234
104,221,0.0,0.003576802
104,222,0.0,0.0029694475
104,223,0.0,0.0023249132
104,224,-0.147838390000526,0.0035774405
104,225,0.0,0.0017411932
104,226,0.0,0.0017797113
104,227,0.0,0.0023599793
104,228,0.0,0.0015456486
104,229,0.160226806495171,0.0034016445
104,230,0.0,0.002155901
104,231,0.0,0.0034642387
104,232,0.0,0.0025328957
104,233,0.0,0.002783896
104,234,0.0,0.0019185757
104,235,0.0,0.002810256
104,236,0.0,0.0033792509
104,237,0.0,0.0016952124
104,238,0.0,0.0027889437
104,239,0.0,0.0023902222
104,240,0.0,0.0027691936
104,241,0.0,0.0018593264
104,242,0.152406424374028,0.0026443782
104,243,0.0,0.0016514352
104,244,0.0,0.002542369
104,245,0.0,0.0016402109
104,246,0.0,0.0024776775
104,247,0.0,0.002104037
104,248,0.0,0.0034435107
104,249,0.0,0.0020208205
104,250,0.0,0.0017400612
104,251,-0.147709745071904,0.0027265185
104,252,0.0,0.003543626
104,253,0.0,0.002461906
104,254,0.0,0.0025350722
104,255,0.0,0.0019866438
104,256,0.0,0.0025207046
104,257,0.0,0.0023896284
104,258,0.0,0.003629731
104,259,0.0,0.0018952927
104,260,0.137465777294422,0.0017356458
104,261,0.0,0.0025983676
104,262,0.0,0.0021384684
104,263,0.0,0.0024372796
104,264,0.0,0.0023812796
104,265,0.0,0.0026539355
104,266,0.0,0.0024159732
104,267,0.0,0.0022304151
104,268,-0.151403160006693,0.0034900568
105,1,0.0,0.0033288258
105,2,-0.148145960278078,0.002297901
105,3,0.0,0.0019079759
105,4,-0.146279708401239,0.0024550594
105,5,0.0,0.002948814
105,6,0.0,0.0024437997
105,7,0.0,0.0016912296
105,8,0.0,0.0024805414
105,9,0.0,0.0031940117
105,10,0.0,0.0015562968
105,11,0.0,0.0015943157
105,12,0.0,0.0025754054
105,13,0.0,0.0024956889
105,14,0.0,0.0021207929
105,15,0.0,0.0016241684
105,16,0.0,0.0018840646
105,17,0.0,0.002313638
105,18,0.0,0.0036024442
105,19,0.0,0.0024366216
105,20,0.0,0.0019814796
105,21,0.0,0.001979088
105,22,0.0,0.0017813351
105,23,0.0,0.0036254982
105,24,0.0,0.002790255
105,25,0.0,0.0023993463
105,26,0.0,0.0019420744
105,27,0.0,0.0025244295
105,28,0.0,0.0024978304
105,29,0.0,0.0020041144
105,30,-0.148323647443745,0.002677477
105,31,0.0,0.003069988
105,32,0.0,0.002784283
105,33,0.0,0.001866315
105,34,0.0,0.0023368942
105,35,0.0,0.0027714823
105,36,0.0,0.0016877237
105,37,0.0,0.002626848
105,38,0.0,0.0029555461
105,39,0.0,0.002110362
105,40,0.0,0.0027355077
105,41,0.0,0.002132915
105,42,0.0,0.0034960536
105,43,0.0,0.002125719
105,44,0.0,0.002324666
105,45,0.0,0.002803525
105,46,0.0,0.003583781
105,47,0.0,0.002412357
105,48,0.0,0.0024744458
105,49,0.0,0.0036150864
105,50,0.0,0.0016382351
105,51,0.145932081799008,0.0014899024
105,52,0.0,0.0018669209
105,53,0.0,0.0014884798
105,54,0.0,0.0026133386
105,55,0.0,0.0024499898
105,56,0.0,0.0036057732
105,57,0.0,0.002215566
105,58,0.0,0.0016268031
105,59,0.0,0.0024543148
105,60,0.0,0.0019087396
105,61,0.0,0.0025356486
105,62,0.0,0.0029004961
105,63,0.0,0.002641871
105,64,0.0,0.002564874
105,65,0.0,0.0026815273
105,66,0.0,0.0024284618
105,67,0.0,0.001493278
105,68,0.0,0.0036152652
105,69,0.0,0.0016859965
105,70,0.0,0.0024697473
105,71,0.0,0.0023190198
105,72,0.0,0.0020598234
105,73,0.0,0.0016026078
105,74,0.140931279065934,0.0022551506
105,75,0.0,0.0017384514
105,76,0.0,0.0022322922
105,77,0.0,0.0024839216
105,78,0.0,0.002605895
105,79,0.159366805620915,0.0016751033
105,80,0.0,0.0016468135
105,81,0.0,0.0036090664
105,82,0.0,0.003001371
105,83,0.0,0.0018508355
105,84,0.0,0.0016189832
105,85,0.0,0.0026772236
105,86,0.0,0.0024672886
105,87,0.0,0.0017614975
105,88,0.0,0.0024106237
105,89,0.0,0.0025652493
105,90,0.0,0.0021656188
105,91,0.0,0.0029671025
105,92,0.0,0.0035229078
105,93,0.0,0.0023562056
105,94,0.0,0.0026829452
105,95,0.0,0.0024698777
105,96,0.0,0.0024065538
105,97,0.0,0.0026086806
105,98,0.0,0.0017371429
105,99,0.0,0.0022722036
105,100,0.0,0.0021566777
105,101,0.0,0.0020796303
105,102,0.0,0.0034632934
105,103,0.0,0.0020368611
105,104,0.0,0.0023708395
105,105,0.343823799630627,0.030703487
105,106,0.0,0.0029518395
105,107,0.0,0.0025623632
105,108,0.0,0.0018168422
105,109,0.0,0.0027240026
105,110,0.0,0.0017792867
105,111,0.0,0.0034142425
105,112,0.0,0.002689445
105,113,0.0,0.002511066
105,114,0.0,0.0018729493
105,115,0.0,0.0034098625
105,116,0.0,0.0018072813
105,117,0.0,0.0025635203
105,118,0.0,0.0026141484
105,119,0.0,0.0025012624
105,120,0.0,0.0027624792
105,121,0.0,0.0017507658
105,122,0.0,0.0017505116
105,123,-0.153358134066947,0.0018029213
105,124,0.0,0.0026648939
105,125,0.0,0.0025248765
105,126,0.0,0.002852623
105,127,0.0,0.0016699019
105,128,0.0,0.0023352639
105,129,0.0,0.0025466303
105,130,0.166425128900077,0.002343289
105,131,0.0,0.0016661305
105,132,0.0,0.001695422
105,133,0.165051913764903,0.0016612732
105,134,0.0,0.0027678357
105,135,0.0,0.003587605
105,136,-0.162779302247999,0.003447977
105,137,0.166228408649043,0.0031186515
105,138,0.0,0.0027288995
105,139,0.0,0.0017385674
105,140,0.0,0.0020312034
105,141,0.0,0.0014861757
105,142,0.0,0.0023710863
105,143,0.0,0.0023794896
105,144,0.0,0.0014958959
105,145,0.0,0.0016073352
105,146,0.0,0.0023758523
105,147,0.0,0.0024167253
105,148,0.0,0.0023382194
105,149,0.0,0.0024628956
105,150,0.0,0.002605603
105,151,0.0,0.0024007633
105,152,0.0,0.0027942401
105,153,0.0,0.0024572308
105,154,0.0,0.0015718816
105,155,-0.162200665311593,0.0023893006
105,156,0.0,0.0025269361
105,157,0.0,0.0025474816
105,158,0.0,0.0024045939
105,159,0.0,0.0027673985
105,160,0.0,0.0024298849
105,161,0.0,0.0026753084
105,162,0.0,0.0014932449
105,163,-0.16328419303362,0.0021986202
105,164,0.0,0.0017200918
105,165,0.0,0.002355944
105,166,0.0,0.0018603513
105,167,0.0,0.0021195225
105,168,0.0,0.003399915
105,169,0.0,0.0025021783
105,170,0.0,0.0023552817
105,171,0.0,0.00277049
105,172,0.0,0.0028956397
105,173,0.0,0.0014776727
105,174,0.0,0.0023848275
105,175,0.0,0.0021381495
105,176,0.0,0.002517534
105,177,0.0,0.0018192143
105,178,0.0,0.0024127648
105,179,0.0,0.0026356596
105,180,0.0,0.0025347914
105,181,0.0,0.0019696052
105,182,0.0,0.0027150256
105,183,0.0,0.0014884407
105,184,0.0,0.0027560126
105,185,0.0,0.0035295943
105,186,0.0,0.002768428
105,187,0.0,0.0026733065
105,188,0.0,0.0025571883
105,189,0.0,0.0026411107
105,190,0.0,0.0024282783
105,191,0.156083897414037,0.0025908304
105,192,0.0,0.0025088685
105,193,-0.150387388523068,0.0015495331
105,194,0.0,0.002549185
105,195,0.0,0.0024103783
105,196,0.0,0.0028618998
105,197,0.0,0.0025635832
105,198,0.0,0.0017013918
105,199,0.0,0.003568659
105,200,0.15408418017671,0.0024160338
105,201,0.0,0.0027124863
105,202,0.0,0.0020425795
105,203,0.0,0.0021773158
105,204,0.0,0.0023435028
105,205,0.0,0.0018354049
105,206,0.0,0.002266678
105,207,0.0,0.0019296091
105,208,0.0,0.0020846971
105,209,0.0,0.0026560468
105,210,0.0,0.0029491219
105,211,0.0,0.001728172
105,212,0.0,0.0014919881
105,213,0.0,0.0033454793
105,214,0.0,0.0023524081
105,215,0.0,0.0023878198
105,216,0.0,0.0015626326
105,217,0.0,0.0029924563
105,218,0.0,0.0017470261
105,219,0.0,0.0028197374
105,220,0.0,0.0019194502
105,221,0.191537568016839,0.0016482761
105,222,0.0,0.0016150861
105,223,0.0,0.0018838835
105,224,0.0,0.0025497451
105,225,0.162065499188702,0.0025764308
105,226,0.0,0.002425972
105,227,0.0,0.0033107647
105,228,-0.153050551883564,0.0024311822
105,229,0.175621517838546,0.0024167476
105,230,0.0,0.003275996
105,231,-0.159042046179413,0.0026874645
105,232,0.0,0.001837763
105,233,0.0,0.0026606135
105,234,0.0,0.0027700095
105,235,0.0,0.0020850506
105,236,0.0,0.0014813012
105,237,0.0,0.0017148675
105,238,0.0,0.002473806
105,239,0.0,0.0033368948
105,240,-0.157847855235228,0.0017017219
105,241,0.0,0.0031199595
105,242,0.0,0.002784552
105,243,0.0,0.0025039753
105,244,0.0,0.0027886555
105,245,0.0,0.0025532441
105,246,0.0,0.00278096
105,247,0.0,0.0023518405
105,248,0.0,0.0026146318
105,249,0.0,0.0024000192
105,250,0.0,0.0021841666
105,251,0.0,0.0034199296
105,252,0.0,0.0024248823
105,253,0.0,0.0017269878
105,254,0.0,0.0024514315
105,255,0.0,0.0018163174
105,256,0.0,0.0016415697
105,257,0.0,0.0015095356
105,258,0.0,0.0023432272
105,259,0.0,0.001933475
105,260,-0.150673591937497,0.0032647555
105,261,0.160316545648447,0.0015667314
105,262,0.0,0.0014933776
105,263,0.0,0.0031368858
105,264,0.0,0.002551517
105,265,0.0,0.0033614575
105,266,0.0,0.002200195
105,267,0.0,0.0014892262
105,268,0.0,0.0021516676
106,1,0.0,0.0017746487
106,2,-0.164344674757498,0.0027487553
106,3,-0.165447373897787,0.003067451
106,4,0.0,0.0023392276
106,5,0.0,0.0027022595
106,6,0.0,0.0023090723
106,7,0.0,0.002681397
106,8,0.0,0.0033710664
106,9,0.0,0.0027646022
106,10,0.0,0.002787917
106,11,0.0,0.0026140665
106,12,0.0,0.0017038393
106,13,0.0,0.003309248
106,14,0.0,0.0021914556
106,15,0.0,0.0018295464
106,16,0.0,0.0027993442
106,17,0.0,0.0031211362
106,18,0.0,0.0019073598
106,19,0.0,0.0032015215
106,20,0.0,0.0016618185
106,21,0.0,0.0025671409
106,22,0.0,0.0015294002
106,23,0.0,0.0024228906
106,24,0.0,0.0023832847
106,25,0.0,0.0031465036
106,26,0.0,0.0021939208
106,27,0.0,0.0014936076
106,28,0.0,0.0014956621
106,29,0.0,0.0015562717
106,30,0.164541790759819,0.002555512
106,31,0.0,0.0033654948
106,32,0.0,0.0031881817
106,33,0.0,0.002919848
106,34,0.153881144382301,0.0031622224
106,35,0.0,0.002642206
106,36,0.0,0.0027525974
106,37,0.0,0.0019849231
106,38,0.0,0.0027688108
106,39,0.0,0.0015588589
106,40,0.0,0.002494121
106,41,0.0,0.0024448154
106,42,0.0,0.0025430867
106,43,0.0,0.0030785543
106,44,0.0,0.002311403
106,45,0.0,0.0034688897
106,46,0.0,0.0027389633
106,47,0.0,0.0024193907
106,48,0.0,0.0016892129
106,49,0.0,0.0025371672
106,50,0.0,0.0025980696
106,51,0.0,0.0015072739
106,52,0.0,0.0018639159
106,53,0.0,0.0021985043
106,54,0.0,0.0027724514
106,55,0.0,0.002697044
106,56,0.0,0.0029918458
106,57,0.0,0.0025395388
106,58,0.0,0.0020832126
106,59,0.0,0.00188924
106,60,0.0,0.002392569
106,61,0.0,0.0022617723
106,62,0.0,0.0015684627
106,63,0.0,0.0027687605
106,64,0.0,0.0017315545
106,65,0.0,0.0025373404
106,66,0.0,0.002408503
106,67,0.0,0.002329857
106,68,0.0,0.002693816
106,69,0.0,0.002515026
106,70,-0.16159498273632,0.0020083552
106,71,0.178896658745076,0.0018185792
106,72,0.0,0.0024798266
106,73,0.0,0.002045611
106,74,0.0,0.0023819427
106,75,0.0,0.002041237
106,76,0.0,0.0025018123
106,77,0.0,0.0026754136
106,78,0.0,0.0029050852
106,79,0.0,0.0035582483
106,80,0.0,0.0017196331
106,81,0.0,0.0030721598
106,82,0.0,0.0014792713
106,83,0.0,0.002613484
106,84,0.0,0.0016876687
106,85,0.0,0.0021577887
106,86,0.0,0.002574517
106,87,0.0,0.0026222025
106,88,0.0,0.00199926
106,89,0.0,0.002207938
106,90,0.0,0.0028681476
106,91,0.0,0.0025404715
106,92,0.0,0.0025304272
106,93,0.0,0.0025721858
106,94,0.0,0.0024208017
106,95,0.152237644456188,0.0016771834
106,96,0.0,0.003629868
106,97,0.0,0.0016990234
106,98,-0.141806757862627,0.0026083179
106,99,0.0,0.0030683558
106,100,0.0,0.0028194478
106,101,-0.152472682091437,0.0025685872
106,102,0.0,0.0021023974
106,103,0.0,0.0024735266
106,104,0.0,0.0027787667
106,105,0.0,0.0029518395
106,106,-0.0596411970909685,0.030703487
106,107,0.0,0.0025648032
106,108,0.0,0.0014816071
106,109,0.0,0.0026066485
106,110,0.0,0.0035131513
106,111,0.0,0.0019694846
106,112,0.0,0.0021855421
106,113,0.0,0.0034590266
106,114,0.0,0.0031395475
106,115,0.0,0.0019533443
106,116,0.0,0.0015618978
106,117,0.0,0.002076603
106,118,0.0,0.0020408626
106,119,0.0,0.0020522135
106,120,0.0,0.0017645755
106,121,0.0,0.003053362
106,122,0.154658581544761,0.002384826
106,123,0.0,0.0024810028
106,124,0.0,0.0026463661
106,125,0.0,0.0027418355
106,126,0.0,0.0024037277
106,127,0.0,0.0018022596
106,128,0.0,0.0014867568
106,129,0.0,0.0016162298
106,130,0.0,0.0026482437
106,131,0.0,0.0024596811
106,132,0.0,0.0023456286
106,133,0.0,0.0025539207
106,134,0.0,0.0018723714
106,135,0.0,0.002128126
106,136,0.0,0.0024805367
106,137,0.0,0.002543903
106,138,0.0,0.0022975267
106,139,0.0,0.0034531103
106,140,0.150643065875512,0.0015703682
106,141,0.0,0.002737326
106,142,0.0,0.0018097693
106,143,0.0,0.0019110772
106,144,0.0,0.002785997
106,145,0.0,0.0025628912
106,146,-0.15243771888297,0.0037713498
106,147,0.0,0.0023750663
106,148,0.0,0.0025845207
106,149,0.0,0.002605109
106,150,0.0,0.0022435477
106,151,0.0,0.0025340077
106,152,0.0,0.0017057918
106,153,0.0,0.0024289717
106,154,0.0,0.0034428132
106,155,0.155315671155236,0.0035705017
106,156,0.0,0.0021868236
106,157,0.0,0.0020951051
106,158,0.0,0.003361077
106,159,0.0,0.0029410147
106,160,0.0,0.0017435225
106,161,0.0,0.0027017011
106,162,0.0,0.0017414484
106,163,0.156353205958429,0.0034983964
106,164,0.0,0.002576881
106,165,0.0,0.003556543
106,166,0.0,0.0019083717
106,167,0.0,0.0021475982
106,168,0.0,0.00226646
106,169,0.0,0.0016569598
106,170,0.0,0.0027746274
106,171,0.0,0.0026147328
106,172,0.0,0.002750312
106,173,0.0,0.0026859012
106,174,0.0,0.0033263792
106,175,-0.157812320557063,0.00165501
106,176,0.0,0.0018182509
106,177,0.0,0.002789056
106,178,0.0,0.0023135794
106,179,0.0,0.0016571884
106,180,0.0,0.0026803259
106,181,0.0,0.0028392053
106,182,0.0,0.002678893
106,183,0.0,0.0014870786
106,184,0.0,0.0025525056
106,185,0.0,0.0014928016
106,186,0.0,0.0022544325
106,187,0.0,0.0024992093
106,188,0.0,0.001902644
106,189,0.0,0.0018951055
106,190,0.0,0.0025788136
106,191,0.0,0.0024718223
106,192,0.0,0.0032899631
106,193,0.0,0.0034148865
106,194,0.0,0.0030457885
106,195,0.0,0.0022430522
106,196,0.0,0.0025919676
106,197,0.0,0.0027719527
106,198,0.0,0.0018980568
106,199,0.167546961741333,0.002531643
106,200,0.0,0.0035766554
106,201,0.0,0.0026303749
106,202,-0.155961487397261,0.0018375125
106,203,0.0,0.0024117948
106,204,0.0,0.0022723312
106,205,-0.141742194199387,0.0016250708
106,206,0.0,0.0029897531
106,207,0.0,0.0025148336
106,208,0.0,0.0024825977
106,209,0.0,0.0030802698
106,210,0.0,0.002681695
106,211,0.0,0.0032746918
106,212,0.0,0.0025533843
106,213,0.0,0.0017785975
106,214,0.0,0.0017018314
106,215,0.0,0.0022333828
106,216,0.0,0.002538913
106,217,0.14717452080071,0.002518814
106,218,0.0,0.0022569709
106,219,0.0,0.002596194
106,220,0.0,0.002565254
106,221,-0.183407299044232,0.002614751
106,222,0.0,0.0014932705
106,223,0.0,0.0024326527
106,224,0.0,0.0014872188
106,225,-0.155186242480859,0.0020033605
106,226,0.0,0.0027436982
106,227,0.0,0.0036018803
106,228,0.0,0.0021250942
106,229,-0.168166843582271,0.0022743652
106,230,0.0,0.0015913658
106,231,0.0,0.0019796519
106,232,0.0,0.0035694856
106,233,0.150237862382903,0.0021503312
106,234,0.0,0.0027441783
106,235,0.0,0.0027840324
106,236,0.0,0.002165529
106,237,0.0,0.0016346229
106,238,0.0,0.0035567186
106,239,0.0,0.0017255805
106,240,0.0,0.0027354993
106,241,0.0,0.0017856192
106,242,0.0,0.0016437932
106,243,0.0,0.0024712966
106,244,0.0,0.0015981789
106,245,-0.150532878870491,0.0023835436
106,246,0.0,0.0034576235
106,247,0.0,0.0024103513
106,248,0.0,0.0026138555
106,249,-0.160335780812821,0.0014982787
106,250,0.0,0.0027422826
106,251,-0.155029499360535,0.0023987615
106,252,0.0,0.0035780151
106,253,0.0,0.0028002295
106,254,0.0,0.0023030397
106,255,0.0,0.0021011373
106,256,0.0,0.0018058368
106,257,0.0,0.0026014717
106,258,0.0,0.0027719224
106,259,0.0,0.0024090055
106,260,0.0,0.0028921366
106,261,0.153511527445614,0.0025158837
106,262,0.0,0.002762823
106,263,0.0,0.0021910076
106,264,0.0,0.0027044201
106,265,0.0,0.0019894675
106,266,0.0,0.0021026619
106,267,0.0,0.0026807054
106,268,0.0,0.0033196914
107,1,0.0,0.0028845337
107,2,0.0,0.0035624192
107,3,0.0,0.0026207194
107,4,0.0,0.0023081969
107,5,0.0,0.003323562
107,6,0.0,0.0014936118
107,7,0.147419709797095,0.0014577839
107,8,0.0,0.0022995202
107,9,0.0,0.0015812907
107,10,0.0,0.002575912
107,11,0.0,0.0027690586
107,12,0.0,0.0033272197
107,13,0.0,0.00203045
107,14,0.0,0.0037874794
107,15,0.0,0.0018405188
107,16,0.0,0.0027989023
107,17,0.0,0.0024289517
107,18,-0.149210480420198,0.0026510344
107,19,0.0,0.0024786466
107,20,0.0,0.0014769286
107,21,0.0,0.0023143739
107,22,-0.161904102709449,0.0016650739
107,23,0.0,0.0021646922
107,24,0.0,0.0014606174
107,25,0.0,0.002441913
107,26,0.0,0.0025845934
107,27,0.0,0.0017635995
107,28,0.0,0.0020275665
107,29,0.0,0.0026771366
107,30,0.0,0.0014865315
107,31,0.0,0.0017050863
107,32,0.0,0.0014692959
107,33,0.0,0.001994092
107,34,0.0,0.0014833072
107,35,0.0,0.002762061
107,36,0.0,0.0021065604
107,37,0.0,0.0015074508
107,38,0.144167648006276,0.0026814896
107,39,0.0,0.0022310368
107,40,0.0,0.0022106734
107,41,0.0,0.0016327468
107,42,0.0,0.002242213
107,43,0.0,0.0014939429
107,44,0.0,0.002565397
107,45,0.0,0.0024520238
107,46,0.0,0.0023383494
107,47,0.0,0.0014697481
107,48,0.0,0.0023479764
107,49,0.0,0.003039441
107,50,0.0,0.0016672583
107,51,0.0,0.0021365052
107,52,0.0,0.0026041036
107,53,0.0,0.0028817616
107,54,0.0,0.0014662598
107,55,0.0,0.0018375991
107,56,0.0,0.002552119
107,57,-0.149545745071388,0.0032736761
107,58,0.0,0.0024566841
107,59,0.151976546462338,0.0014774674
107,60,0.0,0.0014919634
107,61,0.0,0.0017572073
107,62,0.14456011258115,0.0025381302
107,63,0.0,0.003587339
107,64,0.0,0.0016548526
107,65,0.0,0.0022600223
107,66,0.0,0.0025687208
107,67,0.0,0.005105246
107,68,0.0,0.0034338022
107,69,0.0,0.002697697
107,70,0.0,0.0014919564
107,71,0.0,0.0025078487
107,72,0.0,0.0017411169
107,73,0.0,0.001893518
107,74,0.0,0.0015063011
107,75,0.0,0.001688112
107,76,0.0,0.0014948063
107,77,-0.150542146230697,0.002386204
107,78,0.0,0.002689586
107,79,0.0,0.0015056711
107,80,0.0,0.00148828
107,81,0.0,0.0020113648
107,82,0.0,0.001753463
107,83,0.0,0.0022544907
107,84,0.0,0.0019119806
107,85,0.0,0.0027715452
107,86,0.0,0.0014587222
107,87,0.0,0.0020590299
107,88,0.0,0.0026727845
107,89,0.0,0.0019566077
107,90,0.0,0.0014610179
107,91,0.148126423690507,0.0020980267
107,92,0.0,0.0025671846
107,93,0.0,0.0032817693
107,94,0.0,0.0036009056
107,95,0.0,0.0023592794
107,96,0.0,0.0023599747
107,97,0.0,0.001920403
107,98,0.0,0.0014980417
107,99,0.0,0.0023062802
107,100,0.0,0.0027624369
107,101,0.0,0.0014700172
107,102,0.0,0.0017903955
107,103,0.0,0.0022044796
107,104,0.0,0.0026989058
107,105,0.0,0.0025623632
107,106,0.0,0.0025648032
107,107,0.0,0.030703487
107,108,0.14291736650594,0.0016526813
107,109,0.0,0.0014943238
107,110,0.0,0.0017183777
107,111,0.0,0.0015635146
107,112,0.0,0.0014579673
107,113,0.0,0.0020635645
107,114,0.0,0.0024324665
107,115,0.0,0.003577502
107,116,0.0,0.0022872398
107,117,0.0,0.0014954605
107,118,0.156436293925327,0.0018227911
107,119,0.0,0.0017661666
107,120,0.0,0.0026236149
107,121,0.0,0.0016616969
107,122,0.0,0.0024810978
107,123,0.0,0.0025780685
107,124,0.0,0.0015894631
107,125,0.0,0.0024488545
107,126,0.0,0.0027895076
107,127,0.0,0.0016106442
107,128,0.0,0.003313099
107,129,0.0,0.0016124975
107,130,0.0,0.0027500326
107,131,0.0,0.0029489677
107,132,0.0,0.0015255045
107,133,0.0,0.0014665741
107,134,0.0,0.0020697806
107,135,0.0,0.0026035756
107,136,0.0,0.0026385044
107,137,0.0,0.0026847185
107,138,0.0,0.0035597403
107,139,0.0,0.0017064842
107,140,0.0,0.0033925567
107,141,0.0,0.0017395834
107,142,0.0,0.0016622483
107,143,0.0,0.002669719
107,144,0.0,0.0020006574
107,145,0.148551960346633,0.0019037584
107,146,0.0,0.0035872278
107,147,0.0,0.0017107734
107,148,0.0,0.0018698936
107,149,0.0,0.0018136678
107,150,0.0,0.0014941208
107,151,0.0,0.0023550559
107,152,0.0,0.001581023
107,153,0.0,0.002600802
107,154,0.0,0.004701197
107,155,0.0,0.0014928547
107,156,0.0,0.0023872727
107,157,0.0,0.0017204708
107,158,0.0,0.002561422
107,159,0.0,0.0018103854
107,160,0.0,0.0019154595
107,161,0.0,0.0016614627
107,162,0.0,0.0038921717
107,163,0.0,0.0034154435
107,164,0.0,0.0037955474
107,165,0.0,0.0015448686
107,166,0.155219805383528,0.0026523825
107,167,0.0,0.0015719263
107,168,0.151231068087665,0.0029297825
107,169,0.0,0.0014647548
107,170,0.151498996432387,0.002676861
107,171,0.0,0.0026851906
107,172,0.0,0.0026973314
107,173,0.0,0.0017170468
107,174,0.0,0.001491941
107,175,0.154899121879285,0.0021045534
107,176,0.0,0.0023327721
107,177,0.0,0.0014788788
107,178,0.0,0.0023923293
107,179,-0.153734387820516,0.0036321073
107,180,0.0,0.0021100296
107,181,0.0,0.0027811732
107,182,0.0,0.0014584027
107,183,0.0,0.0014986163
107,184,0.0,0.0025606896
107,185,0.0,0.0016900157
107,186,0.0,0.002537107
107,187,0.0,0.0022178148
107,188,0.0,0.002550553
107,189,0.0,0.0014670249
107,190,0.0,0.0035263668
107,191,0.146699555211316,0.0024063517
107,192,0.0,0.0014936766
107,193,-0.141345541540413,0.0014764275
107,194,0.0,0.0017917417
107,195,0.0,0.002591989
107,196,0.0,0.0015981747
107,197,0.0,0.0016105347
107,198,0.0,0.0018052673
107,199,-0.164454062621115,0.0027736672
107,200,-0.144820068383241,0.0016065505
107,201,0.0,0.0022031385
107,202,0.0,0.002372187
107,203,0.0,0.0022229753
107,204,0.0,0.0014814055
107,205,0.0,0.0021694768
107,206,0.160016245554925,0.0016053002
107,207,0.0,0.0027931775
107,208,0.0,0.0023350557
107,209,0.0,0.0025902335
107,210,0.0,0.0027056597
107,211,0.0,0.00197748
107,212,0.0,0.0025150971
107,213,0.0,0.0020963405
107,214,0.0,0.0014639059
107,215,0.0,0.002777062
107,216,0.0,0.0024024192
107,217,0.144457694776698,0.0026101228
107,218,0.0,0.0025299778
107,219,0.0,0.0016880124
107,220,0.0,0.003009682
107,221,0.0,0.003420333
107,222,0.0,0.0019253707
107,223,0.0,0.0015616012
107,224,0.0,0.0020133778
107,225,0.0,0.0014808872
107,226,0.0,0.0014730068
107,227,0.0,0.0021490352
107,228,-0.143848585652667,0.00342543
107,229,0.0,0.0015741619
107,230,0.0,0.0019362546
107,231,0.0,0.0025016442
107,232,0.0,0.0024939254
107,233,0.147464487398611,0.0023844386
107,234,0.0,0.0014974102
107,235,0.0,0.0017791609
107,236,0.0,0.0019358625
107,237,0.0,0.004896298
107,238,0.0,0.0015604934
107,239,0.0,0.0025504055
107,240,0.0,0.0019230274
107,241,0.0,0.0032732487
107,242,0.0,0.0022404948
107,243,-0.147060618364107,0.0028177612
107,244,0.0,0.0024749814
107,245,0.0,0.0016436791
107,246,0.0,0.002643478
107,247,0.150433660628313,0.001669636
107,248,0.0,0.0022325497
107,249,0.0,0.0026080767
107,250,0.0,0.0025325734
107,251,0.0,0.0017668679
107,252,0.0,0.0019140509
107,253,0.0,0.001633686
107,254,0.0,0.004669884
107,255,0.0,0.0017376901
107,256,0.0,0.0028247973
107,257,0.0,0.003166941
107,258,0.0,0.0031983964
107,259,0.0,0.0014806222
107,260,0.0,0.0019197874
107,261,0.0,0.0027570673
107,262,0.0,0.0014796238
107,263,0.0,0.0017587268
107,264,0.0,0.0023496193
107,265,0.0,0.0014660377
107,266,0.0,0.0023437482
107,267,0.0,0.001625834
107,268,0.0,0.002214775
108,1,0.0,0.0024262355
108,2,0.0,0.0024235756
108,3,0.0,0.0029611895
108,4,0.164074828822356,0.0023066802
108,5,0.0,0.0014831228
108,6,0.0,0.0018146913
108,7,0.0,0.001458202
108,8,0.0,0.001498214
108,9,0.0,0.0016739098
108,10,0.0,0.0023060828
108,11,0.0,0.0026293332
108,12,0.0,0.0027252506
108,13,0.151013688344516,0.0021292893
108,14,0.0,0.0016862811
108,15,0.0,0.001894501
108,16,0.148245206228953,0.0023928806
108,17,0.0,0.0025116415
108,18,0.0,0.0016943379
108,19,-0.16369202420214,0.0025225207
108,20,0.0,0.0034423703
108,21,0.0,0.0017065858
108,22,0.0,0.003189791
108,23,0.0,0.0035650204
108,24,0.0,0.002596776
108,25,0.0,0.0034521366
108,26,0.0,0.003463178
108,27,0.0,0.0023057805
108,28,0.0,0.0031110877
108,29,0.0,0.002349764
108,30,0.0,0.0025016353
108,31,0.0,0.0034814165
108,32,0.0,0.0023281784
108,33,0.0,0.0023266664
108,34,0.155588487317688,0.0018794914
108,35,0.0,0.0019659288
108,36,0.0,0.002610465
108,37,0.0,0.002847123
108,38,0.0,0.0036240858
108,39,0.164106778056272,0.0028518066
108,40,0.0,0.0024976386
108,41,0.0,0.0018263953
108,42,0.0,0.0015805624
108,43,0.0,0.00213461
108,44,0.0,0.0025349502
108,45,0.0,0.0025788727
108,46,0.0,0.0032609035
108,47,0.0,0.0026577548
108,48,0.0,0.0020114426
108,49,0.0,0.0025881748
108,50,0.155655442928157,0.0018728282
108,51,0.0,0.001895519
108,52,0.0,0.0021270765
108,53,0.0,0.0018531214
108,54,0.0,0.0017524296
108,55,0.0,0.0024680388
108,56,0.0,0.002757857
108,57,0.0,0.0018239692
108,58,0.162761627370464,0.0023840838
108,59,0.0,0.0027708812
108,60,0.0,0.0025169272
108,61,0.0,0.0027880608
108,62,0.0,0.0032868301
108,63,0.0,0.002412974
108,64,0.0,0.0018990687
108,65,0.0,0.0024759579
108,66,0.0,0.0035418095
108,67,0.0,0.0017408179
108,68,0.0,0.0027760244
108,69,0.0,0.0023338925
108,70,0.0,0.0017525847
108,71,0.0,0.002483571
108,72,0.0,0.0028743544
108,73,0.169320215415417,0.0028713765
108,74,0.0,0.0028812787
108,75,0.0,0.0024283975
108,76,0.0,0.0022215382
108,77,0.0,0.0028228657
108,78,0.0,0.0029801289
108,79,0.0,0.0021713898
108,80,0.0,0.0021399143
108,81,0.0,0.003172217
108,82,0.0,0.0017059199
108,83,0.0,0.0022150986
108,84,0.0,0.0029791836
108,85,0.0,0.0025073178
108,86,0.0,0.0014788294
108,87,0.0,0.0016635284
108,88,0.0,0.003514445
108,89,0.156592295523089,0.0025458494
108,90,0.165944249142278,0.0024529826
108,91,0.0,0.002659901
108,92,0.0,0.0031801797
108,93,0.0,0.002497476
108,94,0.0,0.0031159436
108,95,0.0,0.0015273495
108,96,0.165359510092366,0.002166911
108,97,0.0,0.0022152876
108,98,0.0,0.002120431
108,99,0.0,0.0032433835
108,100,0.0,0.0024576024
108,101,0.0,0.0016507315
108,102,0.0,0.0025478378
108,103,0.0,0.0020303936
108,104,0.0,0.0025407667
108,105,0.0,0.0018168422
108,106,0.0,0.0014816071
108,107,0.0,0.0016526813
108,108,0.478086318587884,0.030703487
108,109,0.0,0.0031050052
108,110,0.0,0.0026508397
108,111,0.0,0.0025448427
108,112,0.0,0.0034536486
108,113,0.0,0.002583919
108,114,-0.145811090426608,0.0024094996
108,115,0.0,0.002483415
108,116,0.0,0.002479562
108,117,0.0,0.0023835292
108,118,0.0,0.0024951021
108,119,0.0,0.0031300238
108,120,0.0,0.0027779383
108,121,0.0,0.0025514364
108,122,0.0,0.0025253464
108,123,0.137998611451978,0.0023696437
108,124,0.0,0.0023551024
108,125,0.0,0.0023070364
108,126,0.0,0.0014773603
108,127,0.0,0.0015219408
108,128,0.0,0.00276409
108,129,0.0,0.0014913469
108,130,0.0,0.0031260308
108,131,0.0,0.0025922973
108,132,0.0,0.001947199
108,133,0.0,0.002116355
108,134,0.0,0.0015129624
108,135,0.16675978060702,0.0018989095
108,136,0.0,0.0036054784
108,137,0.0,0.0035492405
108,138,0.0,0.001987514
108,139,0.0,0.0019712388
108,140,0.0,0.0024686293
108,141,0.0,0.0021723905
108,142,0.0,0.0026766951
108,143,0.0,0.002426263
108,144,0.0,0.0024789297
108,145,0.0,0.0026310096
108,146,0.0,0.0018055304
108,147,0.0,0.0024929997
108,148,0.0,0.0015579276
108,149,0.0,0.0027484004
108,150,0.0,0.0024426458
108,151,0.0,0.0029182327
108,152,0.0,0.0023910245
108,153,0.0,0.0023210258
108,154,0.0,0.0018729833
108,155,0.0,0.0023247255
108,156,0.0,0.00291542
108,157,0.0,0.0016005044
108,158,0.0,0.0018373257
108,159,0.137920163762029,0.0016158056
108,160,0.0,0.0022633057
108,161,0.0,0.0020903694
108,162,0.0,0.0016545262
108,163,0.0,0.0027019177
108,164,0.135453563945746,0.0018955227
108,165,0.0,0.003544793
108,166,0.0,0.0019942229
108,167,0.0,0.0014795712
108,168,0.0,0.0024108686
108,169,0.0,0.0028018998
108,170,0.0,0.0032574497
108,171,0.0,0.002340457
108,172,0.0,0.0025921268
108,173,0.0,0.0027627312
108,174,0.151049976508534,0.002679024
108,175,0.0,0.0016251383
108,176,0.0,0.0019869055
108,177,0.0,0.0019272147
108,178,0.0,0.0024662
108,179,0.0,0.0018568961
108,180,0.0,0.0024851048
108,181,0.0,0.0025972337
108,182,-0.150884813045117,0.0023784698
108,183,0.0,0.002689201
108,184,0.0,0.0025364999
108,185,0.0,0.0020987783
108,186,0.0,0.0015271571
108,187,-0.150531634569115,0.0024774862
108,188,0.0,0.0023435787
108,189,0.0,0.0023509297
108,190,0.0,0.002336232
108,191,0.0,0.0023174174
108,192,0.0,0.0014757486
108,193,0.0,0.0019235583
108,194,-0.138003255590285,0.0035081906
108,195,0.0,0.0030946792
108,196,0.0,0.0017667385
108,197,0.0,0.0017274274
108,198,0.0,0.002398469
108,199,0.0,0.0027906043
108,200,0.0,0.0023199539
108,201,0.0,0.0030859797
108,202,0.0,0.001493949
108,203,0.0,0.0024828543
108,204,0.0,0.0015163762
108,205,0.0,0.0017107599
108,206,0.0,0.0024439031
108,207,0.0,0.0025919187
108,208,0.0,0.0018629618
108,209,0.0,0.003561508
108,210,0.0,0.0015817862
108,211,0.0,0.0021783672
108,212,0.0,0.0021819202
108,213,0.0,0.0032228646
108,214,0.0,0.0016268608
108,215,0.0,0.0027624303
108,216,0.136768876836225,0.0023116008
108,217,0.0,0.0020465301
108,218,0.0,0.0023491466
108,219,0.0,0.0026412606
108,220,0.0,0.003180015
108,221,-0.172354199456248,0.002552113
108,222,0.0,0.0024477844
108,223,0.0,0.002553116
108,224,0.0,0.0029262402
108,225,0.0,0.002428813
108,226,-0.136907066967227,0.002488669
108,227,0.0,0.002576855
108,228,0.0,0.002410906
108,229,0.0,0.0021012388
108,230,0.0,0.0021199882
108,231,0.0,0.0025259564
108,232,0.0,0.002401813
108,233,0.0,0.0019842954
108,234,0.0,0.002627293
108,235,0.135459811862549,0.0020613493
108,236,0.0,0.0023252969
108,237,0.0,0.0018345499
108,238,0.0,0.0023130593
108,239,0.0,0.0024270355
108,240,0.0,0.002614146
108,241,0.0,0.0026323725
108,242,0.0,0.0025005
108,243,0.0,0.0016294708
108,244,-0.143193541590738,0.0023716553
108,245,0.0,0.0017146738
108,246,0.0,0.0023203744
108,247,0.0,0.0025067488
108,248,0.0,0.0026581762
108,249,0.0,0.002722797
108,250,0.0,0.0024107662
108,251,0.0,0.0031428612
108,252,0.0,0.0025785458
108,253,0.0,0.002606796
108,254,0.0,0.001740843
108,255,0.0,0.001947159
108,256,0.0,0.003478455
108,257,0.0,0.0026076664
108,258,0.0,0.0021288786
108,259,0.147958045249507,0.0016939146
108,260,0.0,0.0024459157
108,261,0.0,0.0023341877
108,262,0.0,0.0018090382
108,263,0.0,0.00357555
108,264,0.0,0.0032686815
108,265,0.0,0.002084169
108,266,0.0,0.002773163
108,267,0.0,0.002430961
108,268,0.0,0.0014866535
109,1,0.0,0.003339902
109,2,0.0,0.003116127
109,3,0.0,0.0029384317
109,4,0.0,0.0027411524
109,5,0.0,0.0034080856
109,6,0.0,0.0023649493
109,7,-0.157563778693816,0.0018442199
109,8,0.0,0.002390298
109,9,0.0,0.002740384
109,10,0.0,0.0024410612
109,11,0.0,0.003166026
109,12,0.0,0.0026346734
109,13,0.0,0.0027880133
109,14,0.0,0.002641098
109,15,0.0,0.0023298599
109,16,0.0,0.0024812296
109,17,0.0,0.0020719036
109,18,0.0,0.0022856495
109,19,0.0,0.0017674533
109,20,0.0,0.0014855419
109,21,0.0,0.002379063
109,22,-0.17304485434169,0.001932119
109,23,0.0,0.001564289
109,24,0.0,0.0031740223
109,25,0.0,0.0030701477
109,26,0.0,0.0028202431
109,27,0.0,0.0024858527
109,28,0.0,0.0027731746
109,29,0.0,0.0022682315
109,30,0.0,0.0025748587
109,31,0.0,0.0015216679
109,32,0.0,0.0023170412
109,33,0.0,0.0027537257
109,34,0.0,0.0014890633
109,35,0.0,0.0024232408
109,36,0.0,0.001894772
109,37,0.0,0.0014938591
109,38,0.0,0.0026539108
109,39,0.0,0.0026932005
109,40,0.0,0.003601462
109,41,0.0,0.0024223863
109,42,0.0,0.0032905168
109,43,0.0,0.003282485
109,44,-0.145284817203873,0.0031352565
109,45,0.0,0.0024372716
109,46,0.0,0.0022695474
109,47,0.0,0.0015479014
109,48,0.0,0.0022979374
109,49,-0.146712448721075,0.0019747321
109,50,0.15366445406276,0.0025077136
109,51,0.0,0.0017378391
109,52,0.0,0.0027798
109,53,0.0,0.0024224427
109,54,0.0,0.0034320033
109,55,-0.166039304212817,0.0029115994
109,56,0.154453255953941,0.0023236447
109,57,0.0,0.002240593
109,58,0.160679743295532,0.0023471098
109,59,0.0,0.0017421823
109,60,0.0,0.0026426543
109,61,0.0,0.0017417418
109,62,0.0,0.00243604
109,63,0.0,0.0017724121
109,64,0.0,0.0034241816
109,65,0.0,0.0015361547
109,66,0.0,0.002463412
109,67,0.0,0.0017658253
109,68,0.157708238218917,0.0025328244
109,69,0.164151322454143,0.0024203113
109,70,0.0,0.0027192407
109,71,0.0,0.0027472558
109,72,0.0,0.0026106983
109,73,0.0,0.00218564
109,74,0.0,0.0027210615
109,75,0.0,0.0017098989
109,76,0.0,0.002173779
109,77,0.0,0.0027880413
109,78,0.0,0.0017214073
109,79,0.0,0.0016640271
109,80,0.0,0.001934242
109,81,0.0,0.0024272674
109,82,0.0,0.0027069696
109,83,0.0,0.0023171445
109,84,0.0,0.0027705315
109,85,0.0,0.0026260032
109,86,0.0,0.0014930516
109,87,0.0,0.0026179748
109,88,0.0,0.003238344
109,89,0.0,0.0023734276
109,90,0.0,0.0029211468
109,91,0.0,0.003104894
109,92,0.0,0.002670684
109,93,0.0,0.0018909327
109,94,0.0,0.0024835933
109,95,0.0,0.0016622203
109,96,0.0,0.002767309
109,97,0.0,0.0019258917
109,98,0.0,0.0024163122
109,99,0.0,0.002768742
109,100,-0.154872743230132,0.0025781994
109,101,0.0,0.0022020726
109,102,0.0,0.0019018692
109,103,0.0,0.0024872273
109,104,0.0,0.0023364206
109,105,0.150111464076341,0.0027240026
109,106,0.0,0.0026066485
109,107,0.155517764497047,0.0014943238
109,108,0.0,0.0031050052
109,109,0.0,0.030703487
109,110,0.0,0.002530654
109,111,0.0,0.0026829913
109,112,0.0,0.0018966245
109,113,0.0,0.0024179071
109,114,0.0,0.0025450592
109,115,0.0,0.002362575
109,116,0.153740195360702,0.0035378193
109,117,0.0,0.0035514706
109,118,0.0,0.0025085276
109,119,0.0,0.0035560871
109,120,0.0,0.0025047665
109,121,0.0,0.0020207278
109,122,0.0,0.0015110448
109,123,0.0,0.002774708
109,124,0.0,0.0027534124
109,125,0.0,0.002761751
109,126,0.0,0.0024545933
109,127,0.0,0.0014921837
109,128,0.0,0.002752577
109,129,0.0,0.0014943508
109,130,0.0,0.0026156395
109,131,0.157428855047203,0.0032749567
109,132,0.0,0.0018483456
109,133,0.0,0.0023025572
109,134,0.0,0.0023200116
109,135,0.0,0.0024304865
109,136,0.0,0.0026806914
109,137,0.0,0.0024848245
109,138,0.0,0.0021772902
109,139,0.0,0.0024675978
109,140,0.0,0.002760644
109,141,0.0,0.0021852227
109,142,0.0,0.0017263317
109,143,0.0,0.0019964795
109,144,0.0,0.002355665
109,145,0.0,0.002330578
109,146,0.0,0.0022061034
109,147,0.1546858147928,0.0025890134
109,148,0.144294887851573,0.0025713095
109,149,0.0,0.0015182365
109,150,0.0,0.0022516819
109,151,0.0,0.0026409407
109,152,0.0,0.0026321197
109,153,0.0,0.0018794485
109,154,0.0,0.0016834401
109,155,0.15508051927408,0.0017684973
109,156,0.0,0.002611734
109,157,0.0,0.0026049642
109,158,0.151393176485322,0.0034362152
109,159,0.0,0.0023116078
109,160,0.0,0.0020289905
109,161,0.0,0.0016720695
109,162,0.0,0.0024189353
109,163,0.0,0.0026857331
109,164,0.0,0.0017081662
109,165,0.0,0.0021483367
109,166,0.0,0.0027313544
109,167,0.0,0.0023533683
109,168,0.0,0.002814123
109,169,0.0,0.0016194708
109,170,0.0,0.0014991732
109,171,0.0,0.0033948286
109,172,0.0,0.0023648664
109,173,-0.14703135390893,0.0023918631
109,174,0.0,0.0024776314
109,175,0.0,0.002587839
109,176,0.0,0.0016474673
109,177,0.0,0.0014754962
109,178,0.0,0.0027804645
109,179,0.0,0.002749836
109,180,0.0,0.0014805514
109,181,0.0,0.002605436
109,182,0.0,0.0027973056
109,183,0.0,0.003614427
109,184,0.0,0.0016991366
109,185,0.0,0.0017304528
109,186,0.0,0.002772525
109,187,0.0,0.0024230634
109,188,0.0,0.0023602848
109,189,0.0,0.002024373
109,190,0.0,0.0026045488
109,191,0.0,0.0025088647
109,192,0.0,0.0016269772
109,193,0.0,0.0014904994
109,194,-0.146631084386216,0.0025902544
109,195,0.0,0.0016425699
109,196,0.0,0.0025703534
109,197,0.14562692395848,0.0031573023
109,198,0.0,0.0020324918
109,199,0.0,0.0016904799
109,200,0.0,0.0033742632
109,201,0.0,0.0023998995
109,202,0.0,0.002465352
109,203,0.0,0.0025344775
109,204,0.0,0.0019081323
109,205,0.0,0.0014931322
109,206,0.0,0.0021529356
109,207,0.0,0.0026186542
109,208,0.0,0.002782613
109,209,0.0,0.00306371
109,210,0.0,0.0031227837
109,211,0.0,0.002060037
109,212,0.0,0.0022590812
109,213,0.0,0.0018936852
109,214,-0.160064211159897,0.0014931322
109,215,0.0,0.0023652487
109,216,0.0,0.0020617452
109,217,0.0,0.0017426619
109,218,0.0,0.0021274337
109,219,0.0,0.0024391017
109,220,0.0,0.0023786323
109,221,0.0,0.0035121357
109,222,0.0,0.0019554188
109,223,0.0,0.0020621205
109,224,0.0,0.0029749237
109,225,0.0,0.0026349165
109,226,0.0,0.002245652
109,227,0.0,0.0018131621
109,228,0.0,0.0021012546
109,229,0.0,0.0014769332
109,230,0.154493868983773,0.003328144
109,231,0.0,0.0026816255
109,232,0.0,0.002392422
109,233,0.0,0.0029886914
109,234,0.0,0.0032019615
109,235,0.0,0.0025699278
109,236,0.0,0.003052421
109,237,0.0,0.0015538936
109,238,0.0,0.002324693
109,239,0.0,0.0017456338
109,240,0.0,0.00266332
109,241,0.0,0.0023424882
109,242,0.0,0.0036321199
109,243,0.0,0.0019904594
109,244,0.0,0.0019233557
109,245,0.0,0.0035454351
109,246,0.0,0.0016492484
109,247,0.0,0.002131939
109,248,0.0,0.0030109524
109,249,0.0,0.0016613998
109,250,0.0,0.002308182
109,251,0.0,0.0022304775
109,252,0.0,0.0027717645
109,253,0.0,0.0024457164
109,254,0.0,0.0020016506
109,255,0.147375343586855,0.002391161
109,256,0.0,0.0026139943
109,257,0.0,0.0033896547
109,258,0.0,0.0026152255
109,259,0.0,0.0014870414
109,260,0.0,0.0025741179
109,261,0.0,0.002449016
109,262,-0.149713588708434,0.0016512582
109,263,0.0,0.0016996944
109,264,0.0,0.0034644282
109,265,0.0,0.0035857433
109,266,0.0,0.0027714549
109,267,0.0,0.0025271703
109,268,0.0,0.0020642555
110,1,0.0,0.0020878343
110,2,0.0,0.0033925474
110,3,0.0,0.0024765949
110,4,0.0,0.003498056
110,5,0.0,0.0024285102
110,6,0.138476706767681,0.0022922843
110,7,0.0,0.0019830582
110,8,0.0,0.00207724
110,9,0.0,0.0015896093
110,10,0.0,0.0027512754
110,11,-0.146262456921275,0.0029400066
110,12,0.0,0.0027865781
110,13,0.0,0.0017378526
110,14,0.0,0.0014926298
110,15,0.137759490069449,0.0032326025
110,16,0.0,0.0019934443
110,17,0.0,0.0017178203
110,18,0.0,0.0018559345
110,19,0.0,0.00251933
110,20,0.0,0.0015150877
110,21,0.0,0.0016474323
110,22,0.0,0.0015745764
110,23,-0.140340526813654,0.0018274984
110,24,0.0,0.0014938214
110,25,0.0,0.0024431292
110,26,0.0,0.0014936919
110,27,0.0,0.0021441267
110,28,0.0,0.0016244072
110,29,0.0,0.0014955597
110,30,0.0,0.002593312
110,31,0.0,0.0024975804
110,32,0.0,0.0026289746
110,33,0.0,0.003633019
110,34,0.0,0.0023627472
110,35,0.0,0.0019346741
110,36,0.0,0.0021326141
110,37,0.0,0.0015792865
110,38,0.0,0.0017664027
110,39,0.144069443668689,0.0027695596
110,40,0.0,0.0023285672
110,41,0.0,0.002840328
110,42,0.0,0.002604791
110,43,0.0,0.0016502822
110,44,0.0,0.0024375683
110,45,0.0,0.0022808039
110,46,0.0,0.0024613845
110,47,0.0,0.0016560019
110,48,0.0,0.0036225286
110,49,0.0,0.0015916075
110,50,0.0,0.002353256
110,51,0.0,0.0014858912
110,52,0.0,0.0020713015
110,53,-0.134525662763318,0.0024139304
110,54,0.0,0.0017405646
110,55,0.0,0.0026141247
110,56,0.0,0.003594378
110,57,0.0,0.0027432796
110,58,0.0,0.0033435812
110,59,0.0,0.0027948087
110,60,0.0,0.003345721
110,61,0.0,0.0022886945
110,62,0.0,0.0023831087
110,63,0.0,0.0025374126
110,64,0.0,0.002306161
110,65,0.0,0.0022565317
110,66,0.0,0.0027818987
110,67,0.0,0.0029459652
110,68,0.0,0.003504014
110,69,0.0,0.0019992176
110,70,0.143438350964073,0.0015883595
110,71,0.0,0.0019450542
110,72,0.0,0.0016736621
110,73,0.0,0.0020990632
110,74,0.0,0.0014923667
110,75,0.0,0.0025528143
110,76,0.0,0.0018980014
110,77,0.0,0.0025500054
110,78,0.0,0.0035802717
110,79,0.0,0.0022933297
110,80,0.0,0.0024762368
110,81,0.0,0.0032715723
110,82,0.0,0.0023560147
110,83,0.0,0.0036334
110,84,0.0,0.003496821
110,85,0.0,0.0022047716
110,86,0.0,0.0024810634
110,87,0.0,0.0022026743
110,88,0.0,0.0034580724
110,89,0.0,0.0028302558
110,90,0.0,0.0025247885
110,91,0.0,0.003505602
110,92,0.0,0.0031322357
110,93,0.0,0.0030186274
110,94,0.0,0.002507227
110,95,0.0,0.0025517968
110,96,0.0,0.002607856
110,97,0.0,0.0027201641
110,98,0.0,0.002637145
110,99,0.0,0.002374197
110,100,0.0,0.0021316954
110,101,0.135341021830807,0.0031418814
110,102,0.0,0.0014800457
110,103,0.0,0.0018252814
110,104,0.0,0.0027797637
110,105,0.0,0.0017792867
110,106,0.0,0.0035131513
110,107,0.0,0.0017183777
110,108,0.0,0.0026508397
110,109,0.0,0.002530654
110,110,-0.874309628969058,0.030703487
110,111,0.0,0.0018047653
110,112,0.154573151389706,0.0018071793
110,113,0.0,0.001770597
110,114,0.0,0.0015221625
110,115,0.0,0.0024393448
110,116,0.0,0.0018360727
110,117,0.0,0.0023245616
110,118,0.0,0.0026002275
110,119,0.0,0.0019627311
110,120,-0.14697862592312,0.0028733942
110,121,0.0,0.0014643241
110,122,0.151857997524065,0.0025264635
110,123,0.0,0.0025269524
110,124,0.0,0.0014747372
110,125,0.0,0.0015840242
110,126,0.0,0.002533921
110,127,0.0,0.001570947
110,128,0.0,0.0017734403
110,129,0.0,0.0017997194
110,130,0.0,0.0020432193
110,131,0.0,0.002535658
110,132,0.0,0.001500553
110,133,0.0,0.0025909408
110,134,0.0,0.0017025536
110,135,0.174240739977498,0.0024187225
110,136,-0.153047230464533,0.0034595225
110,137,0.0,0.0020520547
110,138,0.0,0.002642403
110,139,0.0,0.00284113
110,140,0.0,0.002147914
110,141,0.0,0.0014593704
110,142,0.0,0.002269911
110,143,0.0,0.0021465858
110,144,0.0,0.0023102951
110,145,0.0,0.0032674978
110,146,0.0,0.0025898968
110,147,0.0,0.002241158
110,148,0.0,0.0023605693
110,149,0.0,0.0025087404
110,150,0.0,0.0014585261
110,151,0.0,0.0036104345
110,152,0.0,0.0021535014
110,153,0.0,0.0025321785
110,154,0.0,0.0015591038
110,155,0.152503188443598,0.0026503415
110,156,0.0,0.0034963577
110,157,-0.151564440859988,0.003421662
110,158,0.0,0.0022599725
110,159,0.0,0.0022862023
110,160,0.0,0.002781441
110,161,0.0,0.0023658802
110,162,0.0,0.0014904141
110,163,0.0,0.0032459288
110,164,-0.141530104732595,0.0016174829
110,165,0.0,0.0021605976
110,166,0.0,0.0018864418
110,167,0.0,0.0023863446
110,168,0.0,0.0024625212
110,169,0.0,0.0020792596
110,170,0.0,0.0024862862
110,171,0.0,0.0029434366
110,172,0.0,0.0023660604
110,173,0.0,0.002547653
110,174,0.0,0.0023814742
110,175,0.0,0.001664843
110,176,0.0,0.0027865996
110,177,0.0,0.00221659
110,178,0.0,0.0025916141
110,179,-0.153789476664439,0.003483017
110,180,0.0,0.0022813906
110,181,0.0,0.0025885878
110,182,0.0,0.0016586231
110,183,0.0,0.0022833087
110,184,0.0,0.0026300363
110,185,0.0,0.0015940429
110,186,0.0,0.00360356
110,187,0.0,0.003582019
110,188,0.0,0.0027831006
110,189,0.0,0.0016450607
110,190,0.0,0.0018043108
110,191,0.0,0.0029938556
110,192,0.0,0.0024711066
110,193,0.0,0.0034712874
110,194,0.0,0.0023663798
110,195,0.0,0.0027754079
110,196,0.0,0.002141429
110,197,0.0,0.0024266737
110,198,0.0,0.0014941082
110,199,0.0,0.003098756
110,200,0.0,0.002460232
110,201,0.0,0.0025996193
110,202,0.0,0.0023094956
110,203,0.0,0.002440603
110,204,0.0,0.0018888856
110,205,0.0,0.0015090788
110,206,0.160073585425995,0.0034458796
110,207,0.0,0.0025893091
110,208,0.0,0.0021788403
110,209,0.0,0.0027090618
110,210,0.0,0.002370582
110,211,0.0,0.0033568884
110,212,-0.145755345446969,0.0014733691
110,213,0.0,0.002819511
110,214,0.0,0.0017389474
110,215,0.0,0.0027990928
110,216,0.0,0.0015630908
110,217,0.0,0.0015231641
110,218,0.0,0.0016021691
110,219,0.0,0.0019511655
110,220,0.0,0.002589601
110,221,0.0,0.0023707533
110,222,0.0,0.0016864445
110,223,0.0,0.0014805291
110,224,0.0,0.0023848698
110,225,0.0,0.0015465934
110,226,0.0,0.002507064
110,227,0.0,0.0024146046
110,228,0.0,0.0023297006
110,229,0.0,0.00209348
110,230,0.0,0.0024274727
110,231,0.0,0.0024489919
110,232,0.0,0.0024231211
110,233,0.0,0.0025033993
110,234,0.0,0.0025916533
110,235,0.0,0.0016801897
110,236,0.0,0.002744636
110,237,0.0,0.0016895146
110,238,0.0,0.0017398112
110,239,0.0,0.001512506
110,240,0.148410619439272,0.0024087173
110,241,0.0,0.0019484451
110,242,0.0,0.003349788
110,243,0.0,0.0016063796
110,244,0.0,0.0035255826
110,245,0.0,0.0025536371
110,246,0.0,0.0027714502
110,247,0.0,0.0027186973
110,248,0.0,0.002359603
110,249,-0.157432393097731,0.0016732076
110,250,0.0,0.001691707
110,251,0.0,0.0014932449
110,252,0.153527700176847,0.003628383
110,253,0.0,0.0025766743
110,254,0.0,0.002296526
110,255,0.0,0.0029259361
110,256,-0.147904535426763,0.002298269
110,257,0.0,0.003406159
110,258,0.14665994213905,0.0024094046
110,259,0.0,0.0024930043
110,260,0.0,0.001647078
110,261,0.0,0.002241278
110,262,0.0,0.0014980496
110,263,0.0,0.0022488642
110,264,0.0,0.0018407777
110,265,0.0,0.0023746863
110,266,0.0,0.0017274083
110,267,0.0,0.0022092713
110,268,0.156028445480162,0.0027435087
111,1,0.0,0.002459379
111,2,0.0,0.002635316
111,3,0.169396928235898,0.002384448
111,4,-0.1661481697055,0.0025511663
111,5,0.0,0.0024739266
111,6,0.0,0.0025734813
111,7,0.0,0.0035609188
111,8,0.0,0.0033132215
111,9,0.0,0.0023291446
111,10,-0.161591249531659,0.0022815382
111,11,0.0,0.0015227688
111,12,0.0,0.0023856047
111,13,0.0,0.0023159524
111,14,0.0,0.0016656583
111,15,0.0,0.0025844765
111,16,0.0,0.002822583
111,17,0.0,0.0028566974
111,18,0.1635854451487,0.0028606635
111,19,0.0,0.0023581977
111,20,0.0,0.0014888421
111,21,0.0,0.0021695755
111,22,0.0,0.0017655152
111,23,0.0,0.0018886514
111,24,0.0,0.0033848486
111,25,0.0,0.0027760305
111,26,0.0,0.002325721
111,27,0.0,0.0033154679
111,28,0.0,0.0023030136
111,29,0.0,0.0024937857
111,30,0.0,0.002063252
111,31,0.0,0.0034549232
111,32,0.0,0.0022832109
111,33,0.0,0.0024256902
111,34,0.0,0.002258853
111,35,0.0,0.003151787
111,36,0.0,0.0017146692
111,37,0.0,0.0014929222
111,38,0.0,0.0026119528
111,39,0.0,0.0017588176
111,40,0.0,0.002349855
111,41,0.0,0.0024424521
111,42,0.0,0.0018444997
111,43,0.16251875733898,0.0016416083
111,44,0.0,0.001483731
111,45,0.0,0.0020439695
111,46,0.0,0.0023733848
111,47,0.0,0.0019640569
111,48,-0.152172403840937,0.0019211019
111,49,0.0,0.0021725092
111,50,0.0,0.0026742877
111,51,0.165753326672705,0.0018253247
111,52,0.0,0.003142146
111,53,0.155172008588028,0.0023226682
111,54,0.0,0.0027281079
111,55,0.0,0.0022497382
111,56,0.0,0.0021058135
111,57,0.0,0.0035715038
111,58,0.0,0.0025930451
111,59,0.0,0.0026643826
111,60,0.0,0.0026641586
111,61,0.0,0.002124854
111,62,0.0,0.002960295
111,63,0.0,0.002067631
111,64,-0.171529140551985,0.0014808364
111,65,0.0,0.0017057457
111,66,-0.15609664237844,0.0028089928
111,67,0.0,0.002181468
111,68,0.0,0.001659696
111,69,0.0,0.0018492113
111,70,-0.1654525729177,0.0022360007
111,71,0.0,0.0024915827
111,72,0.0,0.0025100126
111,73,0.0,0.0019237925
111,74,0.0,0.002418994
111,75,0.0,0.003204126
111,76,0.0,0.002527582
111,77,0.165045403884751,0.0030985428
111,78,0.0,0.002755201
111,79,0.0,0.0024231207
111,80,0.0,0.0017207079
111,81,0.0,0.002232946
111,82,0.0,0.0025454764
111,83,0.178763167878698,0.002794052
111,84,0.0,0.0025132196
111,85,0.0,0.001720597
111,86,0.0,0.0015181471
111,87,0.0,0.002766179
111,88,0.0,0.0024324567
111,89,0.0,0.001887654
111,90,0.0,0.0017326223
111,91,0.0,0.002391295
111,92,0.0,0.002015696
111,93,0.0,0.0014939448
111,94,0.0,0.0023831404
111,95,0.0,0.00167049
111,96,0.0,0.0027543278
111,97,0.0,0.0025515524
111,98,0.0,0.002517709
111,99,0.0,0.002458753
111,100,-0.158861802853775,0.0021846993
111,101,0.0,0.0026650135
111,102,0.0,0.0023125624
111,103,0.0,0.0023801709
111,104,0.0,0.0026973505
111,105,0.0,0.0034142425
111,106,0.0,0.0019694846
111,107,0.0,0.0015635146
111,108,0.0,0.0025448427
111,109,-0.170500374116727,0.0026829913
111,110,0.0,0.0018047653
111,111,0.0,0.030703487
111,112,0.154687017410986,0.0016514575
111,113,0.0,0.0027753706
111,114,0.0,0.0019363235
111,115,0.0,0.0033778842
111,116,0.0,0.0018529836
111,117,0.0,0.0014972193
111,118,0.0,0.0027460693
111,119,0.0,0.0014931248
111,120,0.0,0.0027001644
111,121,0.0,0.002104594
111,122,0.0,0.002781813
111,123,0.0,0.002594262
111,124,0.0,0.0027804766
111,125,0.0,0.0024939743
111,126,0.0,0.001887707
111,127,0.0,0.0016239136
111,128,0.152458087945862,0.0024200287
111,129,0.148504766693191,0.0019385498
111,130,0.0,0.001976442
111,131,0.0,0.0027791564
111,132,0.0,0.0026339772
111,133,0.0,0.0018685246
111,134,0.0,0.00252411
111,135,0.0,0.0024070423
111,136,0.0,0.003182278
111,137,0.0,0.0021696994
111,138,0.0,0.002906588
111,139,0.0,0.0018500993
111,140,0.0,0.0020840568
111,141,0.0,0.003259256
111,142,0.0,0.0023700367
111,143,0.0,0.0017617615
111,144,0.0,0.0028659827
111,145,0.0,0.0019926718
111,146,0.0,0.0020233733
111,147,0.0,0.0014787363
111,148,0.0,0.001496016
111,149,0.0,0.0019898862
111,150,0.0,0.0016671866
111,151,0.0,0.0015931306
111,152,-0.15633249930908,0.0014839554
111,153,0.0,0.0022232356
111,154,0.0,0.0018835226
111,155,0.0,0.002465427
111,156,0.0,0.0027632667
111,157,0.151676090520314,0.002516279
111,158,0.0,0.0024718135
111,159,0.0,0.0025090436
111,160,0.0,0.0017710747
111,161,-0.141195034668787,0.0025286432
111,162,0.0,0.0026208828
111,163,0.0,0.0031623682
111,164,0.0,0.0018429724
111,165,0.0,0.0022884407
111,166,0.155389809859655,0.0017783991
111,167,0.0,0.0024224669
111,168,0.0,0.0035659317
111,169,0.0,0.0027808566
111,170,0.0,0.0024007251
111,171,0.0,0.0023977933
111,172,-0.158085274980424,0.0032499568
111,173,-0.144694304959431,0.0024224743
111,174,0.0,0.0016465178
111,175,0.0,0.0014911848
111,176,0.0,0.0034506037
111,177,-0.145717576897852,0.0028843773
111,178,0.0,0.0014847824
111,179,0.153902765393207,0.0023034723
111,180,0.0,0.002073191
111,181,0.0,0.0025838502
111,182,0.0,0.0014768741
111,183,0.0,0.0024310653
111,184,0.0,0.0023434707
111,185,0.0,0.0026413677
111,186,0.0,0.0026774062
111,187,0.0,0.0015254999
111,188,0.0,0.0016321889
111,189,0.0,0.0024007298
111,190,0.155461412242742,0.0020568133
111,191,0.0,0.0034258184
111,192,0.0,0.0032961252
111,193,-0.141500350230471,0.0023705466
111,194,0.0,0.0030181152
111,195,0.0,0.0031331703
111,196,0.0,0.0026820982
111,197,0.0,0.002506801
111,198,0.0,0.0019434397
111,199,0.0,0.002134862
111,200,0.0,0.0018407186
111,201,0.0,0.0027489844
111,202,0.0,0.0018266831
111,203,0.0,0.0033528465
111,204,0.0,0.0032797796
111,205,0.0,0.002735308
111,206,0.0,0.0017397124
111,207,0.0,0.0026137554
111,208,0.0,0.0025894847
111,209,0.0,0.0035718349
111,210,0.0,0.0024166196
111,211,0.0,0.0016622664
111,212,0.0,0.0031902106
111,213,0.0,0.0024293284
111,214,0.0,0.0034964276
111,215,0.0,0.0024326094
111,216,0.0,0.0024233628
111,217,0.0,0.0017597489
111,218,0.0,0.0014696149
111,219,0.0,0.0017755516
111,220,0.0,0.0020567793
111,221,0.0,0.0026076161
111,222,0.0,0.0016652029
111,223,0.0,0.002316921
111,224,0.0,0.0034024105
111,225,0.0,0.0016041454
111,226,0.0,0.0032311971
111,227,0.0,0.0024161087
111,228,0.0,0.002436996
111,229,0.0,0.0014770012
111,230,0.0,0.0022463477
111,231,0.0,0.0016708495
111,232,0.0,0.0016190475
111,233,0.0,0.0024974057
111,234,0.0,0.0019063521
111,235,0.0,0.003117539
111,236,0.0,0.0030788598
111,237,0.0,0.0024674553
111,238,0.0,0.0023680325
111,239,0.0,0.002830889
111,240,0.0,0.002346743
111,241,0.0,0.0016540927
111,242,0.0,0.0029269862
111,243,0.0,0.0015265616
111,244,0.0,0.0025279853
111,245,0.0,0.0014902544
111,246,0.0,0.0034666737
111,247,0.0,0.0026336648
111,248,0.0,0.002210063
111,249,0.0,0.002321335
111,250,-0.150738827318294,0.0023117359
111,251,0.0,0.0023489133
111,252,0.0,0.0022112671
111,253,0.0,0.0026878817
111,254,0.0,0.0021396987
111,255,0.0,0.0032953578
111,256,0.0,0.001710291
111,257,0.0,0.0020448263
111,258,0.0,0.0020980327
111,259,0.0,0.002389737
111,260,0.0,0.0030168109
111,261,0.0,0.0025028102
111,262,0.0,0.0027214573
111,263,0.0,0.0035700244
111,264,0.0,0.0025991793
111,265,0.0,0.0027737152
111,266,0.0,0.0025373427
111,267,0.153046354526422,0.0023356439
111,268,0.156143383541097,0.002643174
112,1,0.162499274747378,0.0024678688
112,2,0.0,0.0031291503
112,3,0.0,0.0024915882
112,4,0.0,0.002375831
112,5,0.0,0.00294148
112,6,0.0,0.0023522405
112,7,0.0,0.0014945194
112,8,0.0,0.002288844
112,9,0.0,0.002018799
112,10,0.0,0.0015221946
112,11,0.0,0.0022706361
112,12,0.0,0.0016022814
112,13,0.0,0.0018873946
112,14,0.0,0.0018865541
112,15,0.0,0.0031386307
112,16,0.0,0.0016365484
112,17,-0.167118525458316,0.0014830199
112,18,0.0,0.0036311336
112,19,0.0,0.0023801816
112,20,-0.152080855788977,0.0016444568
112,21,0.0,0.0024723602
112,22,0.0,0.0016875127
112,23,0.0,0.002499871
112,24,0.0,0.0022504856
112,25,0.169340853948737,0.0025329473
112,26,0.165235024205099,0.002777719
112,27,0.0,0.0030873623
112,28,0.0,0.0016483641
112,29,-0.151293763502016,0.0014784997
112,30,0.0,0.0014975625
112,31,0.0,0.0032802601
112,32,0.0,0.0024814475
112,33,0.0,0.0025074352
112,34,0.0,0.0023831478
112,35,-0.159064905847662,0.0021047564
112,36,0.0,0.0025855368
112,37,0.0,0.0014924025
112,38,0.0,0.002461237
112,39,0.0,0.0018178318
112,40,0.0,0.0031227977
112,41,0.0,0.0016754535
112,42,0.0,0.0027281325
112,43,0.0,0.002334646
112,44,0.0,0.003631608
112,45,0.162987128545562,0.0035821283
112,46,0.0,0.002347108
112,47,0.0,0.0014754627
112,48,0.0,0.0024247942
112,49,0.0,0.0021552774
112,50,0.0,0.0024255873
112,51,0.0,0.00328237
112,52,0.0,0.0026140618
112,53,-0.153558474425722,0.0033439058
112,54,0.0,0.0020840121
112,55,0.0,0.0022659088
112,56,0.0,0.0026382492
112,57,0.0,0.002614832
112,58,0.163104533382579,0.0027872203
112,59,-0.164885440868445,0.0026109712
112,60,0.0,0.0018157922
112,61,0.0,0.0020736405
112,62,0.0,0.0026023253
112,63,0.0,0.0023014257
112,64,0.0,0.0014950102
112,65,0.0,0.0027632224
112,66,0.0,0.0018805419
112,67,0.0,0.0032245098
112,68,0.0,0.0022685206
112,69,0.0,0.0024026413
112,70,0.0,0.0024550278
112,71,0.0,0.0017156247
112,72,0.0,0.0019081715
112,73,0.169676939053393,0.0016941894
112,74,0.0,0.002557233
112,75,0.0,0.0023840968
112,76,0.0,0.0015489892
112,77,0.0,0.002532974
112,78,0.0,0.0033772746
112,79,0.0,0.0021169265
112,80,0.0,0.0014929846
112,81,0.0,0.003624963
112,82,0.0,0.0023805238
112,83,0.0,0.0021193656
112,84,0.0,0.0023396756
112,85,0.0,0.002122426
112,86,0.0,0.002049727
112,87,0.0,0.0019328268
112,88,0.0,0.0026754122
112,89,0.0,0.0015968401
112,90,0.166293860298336,0.0014979239
112,91,0.16070828850245,0.002551449
112,92,0.0,0.0032293233
112,93,0.0,0.0026405146
112,94,0.0,0.002177009
112,95,0.0,0.0023475564
112,96,0.0,0.0022577657
112,97,0.0,0.0024361825
112,98,0.0,0.0022803047
112,99,0.0,0.0014969097
112,100,0.0,0.0019865646
112,101,0.0,0.001492972
112,102,0.0,0.0017627855
112,103,0.174489509951632,0.0016576415
112,104,0.0,0.0025355732
112,105,0.0,0.002689445
112,106,0.0,0.0021855421
112,107,0.0,0.0014579673
112,108,0.0,0.0034536486
112,109,-0.168727450115636,0.0018966245
112,110,0.0,0.0018071793
112,111,0.0,0.0016514575
112,112,0.0,0.030703487
112,113,0.0,0.0026601595
112,114,0.0,0.0017073187
112,115,0.0,0.002509709
112,116,0.156438691278536,0.0018343478
112,117,0.0,0.0021172743
112,118,0.0,0.0023209956
112,119,0.0,0.0014913548
112,120,0.0,0.002058526
112,121,0.0,0.0016716807
112,122,0.0,0.002614575
112,123,0.0,0.0018493352
112,124,0.0,0.0015976988
112,125,0.0,0.0018072184
112,126,0.0,0.0021547726
112,127,0.0,0.0014856304
112,128,0.0,0.0021048249
112,129,0.0,0.0025849533
112,130,0.0,0.002338218
112,131,-0.160192095471721,0.0018254309
112,132,0.0,0.0023323554
112,133,0.0,0.002154707
112,134,0.148563303455355,0.0025695558
112,135,-0.180295453429945,0.003475326
112,136,0.158365487981535,0.0026550135
112,137,0.0,0.002263357
112,138,0.0,0.0014966163
112,139,0.0,0.0019872347
112,140,0.0,0.0016555348
112,141,0.0,0.0015578228
112,142,0.148071577338103,0.0014922791
112,143,0.0,0.002996971
112,144,0.166691907250278,0.0022128248
112,145,0.0,0.002174722
112,146,0.0,0.0014904831
112,147,0.0,0.002961001
112,148,0.0,0.0020182393
112,149,0.0,0.0029123165
112,150,0.0,0.0015486619
112,151,0.0,0.0027658152
112,152,0.0,0.001497726
112,153,0.0,0.0026161233
112,154,0.0,0.001977636
112,155,0.0,0.0035140798
112,156,0.0,0.0022992282
112,157,0.0,0.0021618507
112,158,0.0,0.00200155
112,159,0.0,0.0023245248
112,160,0.0,0.0020002094
112,161,0.0,0.001954244
112,162,0.0,0.0031808512
112,163,0.0,0.002306566
112,164,0.0,0.0016782428
112,165,0.0,0.0019687433
112,166,0.0,0.0015863832
112,167,-0.157568322895839,0.002389398
112,168,0.0,0.0023488123
112,169,0.0,0.0014936673
112,170,0.0,0.002695202
112,171,0.0,0.002636387
112,172,-0.163458188974306,0.0032017012
112,173,0.0,0.0014959099
112,174,0.0,0.0018210532
112,175,-0.160339166009203,0.0024933838
112,176,0.0,0.0024141395
112,177,0.0,0.0025044652
112,178,0.0,0.0025297403
112,179,0.0,0.0023772214
112,180,0.0,0.0036314735
112,181,0.0,0.00274309
112,182,0.0,0.0015242202
112,183,0.0,0.0015300531
112,184,0.0,0.0017945273
112,185,0.0,0.0017453842
112,186,0.0,0.0023381547
112,187,0.0,0.0026664631
112,188,0.0,0.003559147
112,189,0.0,0.0014825808
112,190,0.160745147856013,0.0024933014
112,191,0.0,0.002333444
112,192,0.0,0.0014830097
112,193,0.0,0.002318882
112,194,0.0,0.0022276915
112,195,0.0,0.0023968369
112,196,0.0,0.0021945634
112,197,0.0,0.0027379338
112,198,0.0,0.0031680423
112,199,0.0,0.002546708
112,200,0.0,0.0022563552
112,201,0.0,0.0014900207
112,202,0.0,0.0022673346
112,203,0.0,0.0023822715
112,204,0.0,0.0014902302
112,205,0.0,0.0018550339
112,206,-0.165636002637867,0.0018312004
112,207,0.0,0.0016900068
112,208,0.0,0.0035686716
112,209,0.0,0.0019502379
112,210,0.0,0.0024428228
112,211,0.0,0.0020155595
112,212,0.0,0.0019161701
112,213,0.0,0.0021425579
112,214,0.0,0.0014788816
112,215,0.0,0.0036177197
112,216,0.0,0.0015715179
112,217,0.0,0.002758517
112,218,0.0,0.0014642193
112,219,0.0,0.0014819596
112,220,0.162649887506956,0.0036087497
112,221,0.0,0.002357277
112,222,0.0,0.0016278303
112,223,0.0,0.00195526
112,224,0.0,0.003555582
112,225,0.0,0.0014736089
112,226,0.0,0.0024720016
112,227,0.0,0.0020411308
112,228,0.0,0.0025829473
112,229,0.0,0.0020121168
112,230,0.0,0.0018066978
112,231,0.0,0.0017527849
112,232,0.147309681793926,0.0015409063
112,233,0.0,0.0024771485
112,234,0.0,0.0024988898
112,235,0.0,0.0019771615
112,236,0.0,0.0022400394
112,237,0.0,0.0015167473
112,238,0.0,0.0016904352
112,239,0.0,0.0027112477
112,240,-0.153567758774889,0.002651597
112,241,0.0,0.0015181969
112,242,0.0,0.0016570925
112,243,0.0,0.0016972292
112,244,0.0,0.0025343574
112,245,0.0,0.00274217
112,246,0.0,0.002810337
112,247,0.0,0.0024146074
112,248,0.0,0.0023751175
112,249,0.0,0.0016162242
112,250,0.0,0.0035740728
112,251,0.0,0.0016779518
112,252,0.0,0.0023201024
112,253,0.0,0.0028495337
112,254,0.0,0.0027343212
112,255,0.0,0.003209168
112,256,0.0,0.001660143
112,257,0.0,0.002926697
112,258,0.0,0.0023932457
112,259,0.0,0.0020522033
112,260,0.0,0.0023733298
112,261,0.0,0.0028023785
112,262,0.0,0.0023965687
112,263,0.0,0.0027911384
112,264,0.145210355336015,0.0026477268
112,265,0.0,0.0018270365
112,266,0.0,0.0024839193
112,267,0.0,0.0030554314
112,268,0.0,0.0020572785
113,1,-0.161794321171804,0.00196167
113,2,-0.165795807066949,0.0026262864
113,3,0.0,0.0024465504
113,4,0.0,0.0027706497
113,5,0.0,0.002740373
113,6,-0.157382783608688,0.0020645508
113,7,0.0,0.0026349411
113,8,0.0,0.0032265824
113,9,0.0,0.003628233
113,10,0.0,0.0022477084
113,11,0.0,0.0027689612
113,12,0.0,0.0027874196
113,13,0.0,0.0015576072
113,14,0.0,0.0022515827
113,15,0.0,0.0029576514
113,16,0.0,0.0030094255
113,17,0.0,0.0025335918
113,18,-0.161182138819886,0.0025904607
113,19,0.0,0.0023867073
113,20,0.0,0.0023805755
113,21,0.0,0.0016805623
113,22,0.0,0.002475189
113,23,0.0,0.0027692462
113,24,0.0,0.002007286
113,25,0.0,0.0023490638
113,26,0.0,0.0016187122
113,27,0.0,0.0014934419
113,28,0.0,0.0023995014
113,29,0.0,0.002996108
113,30,0.0,0.0029126643
113,31,0.0,0.0027080607
113,32,0.0,0.002355217
113,33,0.0,0.0027807541
113,34,0.0,0.0033032568
113,35,0.0,0.0031698574
113,36,0.0,0.0027369317
113,37,0.151365887163916,0.0026086597
113,38,0.0,0.0027253847
113,39,0.0,0.0034870785
113,40,0.0,0.0016050432
113,41,-0.165377358525646,0.002509439
113,42,0.0,0.0024197232
113,43,0.0,0.003205391
113,44,0.0,0.0015996355
113,45,-0.162280058564977,0.0035006786
113,46,0.0,0.0026686462
113,47,0.0,0.002187184
113,48,0.0,0.0020603267
113,49,0.0,0.003533448
113,50,0.0,0.0021839226
113,51,0.0,0.0016677692
113,52,0.164237113560599,0.0031155436
113,53,0.0,0.002267404
113,54,0.0,0.001489372
113,55,0.0,0.0025206585
113,56,0.0,0.0030543418
113,57,0.0,0.0023557139
113,58,0.0,0.0030002445
113,59,0.0,0.0016328227
113,60,0.0,0.0019040899
113,61,0.147167326556364,0.0030091465
113,62,0.0,0.002444455
113,63,0.0,0.003121288
113,64,0.0,0.0022846633
113,65,0.0,0.0021134159
113,66,0.0,0.0021563303
113,67,0.0,0.0020469609
113,68,0.0,0.0024138833
113,69,0.0,0.001956693
113,70,0.163021835786714,0.0019962252
113,71,0.0,0.0031491122
113,72,0.0,0.002323953
113,73,0.0,0.0035069855
113,74,0.0,0.0021399176
113,75,0.0,0.0035948846
113,76,0.0,0.003098242
113,77,0.0,0.0022285115
113,78,0.0,0.0025578174
113,79,0.0,0.0024250457
113,80,0.0,0.0026351833
113,81,-0.163075349435738,0.0025061402
113,82,0.0,0.002664995
113,83,0.176136878893567,0.0032409728
113,84,0.0,0.0025982
113,85,0.0,0.0032718214
113,86,0.0,0.0016290224
113,87,0.0,0.002786289
113,88,0.0,0.0024270616
113,89,-0.156241444839922,0.0035670768
113,90,0.0,0.0024204832
113,91,0.0,0.0024782554
113,92,0.0,0.002954281
113,93,0.0,0.0024496429
113,94,0.0,0.0021880064
113,95,0.0,0.0029816786
113,96,0.0,0.0027485844
113,97,0.0,0.0028686756
113,98,0.0,0.0026474907
113,99,0.0,0.003483321
113,100,0.156527893648965,0.0032785
113,101,0.0,0.0025561224
113,102,0.0,0.002089749
113,103,-0.17373254039511,0.0025174008
113,104,0.0,0.002993592
113,105,0.0,0.002511066
113,106,0.0,0.0034590266
113,107,0.0,0.0020635645
113,108,0.0,0.002583919
113,109,0.0,0.0024179071
113,110,0.0,0.001770597
113,111,0.0,0.0027753706
113,112,0.0,0.0026601595
113,113,-0.920732529368252,0.030703487
113,114,0.0,0.0025885073
113,115,0.0,0.0023846575
113,116,0.0,0.0023480933
113,117,0.0,0.0016197003
113,118,0.0,0.0035040253
113,119,0.0,0.0026930803
113,120,0.0,0.002203741
113,121,0.0,0.003170291
113,122,0.0,0.0024686842
113,123,0.0,0.0025141183
113,124,0.0,0.0034066974
113,125,0.0,0.0027705068
113,126,0.0,0.0015692017
113,127,0.0,0.0025300267
113,128,0.0,0.0027010227
113,129,0.0,0.0036298726
113,130,0.0,0.0023565376
113,131,0.0,0.0031462628
113,132,0.0,0.0029318668
113,133,0.0,0.0026452248
113,134,0.0,0.0031852047
113,135,0.0,0.0017013722
113,136,0.0,0.0015102057
113,137,0.0,0.0023559672
113,138,0.0,0.0026339283
113,139,0.0,0.0025962493
113,140,0.0,0.0027759438
113,141,0.0,0.002386042
113,142,0.0,0.002049544
113,143,0.0,0.0027179504
113,144,0.152035546648912,0.0027818927
113,145,0.0,0.003247465
113,146,0.0,0.0018935413
113,147,0.0,0.0031295703
113,148,0.0,0.0025675865
113,149,0.0,0.0023902347
113,150,0.0,0.0016269996
113,151,0.0,0.0030718655
113,152,0.0,0.0021508434
113,153,0.0,0.003049179
113,154,0.0,0.0016394723
113,155,0.0,0.0033656727
113,156,0.0,0.0025544139
113,157,0.0,0.0034820577
113,158,0.0,0.0031860769
113,159,0.0,0.0027783802
113,160,0.0,0.0026222854
113,161,0.0,0.002820786
113,162,0.0,0.0035373718
113,163,0.0,0.0027170195
113,164,0.0,0.0023327903
113,165,-0.145784922182812,0.002279385
113,166,0.0,0.0014878353
113,167,0.0,0.00261951
113,168,0.0,0.0015146285
113,169,0.0,0.0016884631
113,170,0.0,0.0029157903
113,171,0.0,0.0026581963
113,172,0.0,0.0027789786
113,173,0.0,0.0026266077
113,174,0.0,0.0027703838
113,175,0.0,0.002133294
113,176,0.0,0.0019991905
113,177,0.0,0.0024217335
113,178,0.0,0.002394802
113,179,0.0,0.0025311327
113,180,0.0,0.0027171182
113,181,0.0,0.0022009462
113,182,0.0,0.0022301325
113,183,0.0,0.002358636
113,184,0.0,0.0016153324
113,185,0.0,0.0018720999
113,186,0.0,0.0022435407
113,187,0.0,0.0018928279
113,188,0.0,0.0023915963
113,189,0.0,0.0025342153
113,190,0.0,0.0026951325
113,191,0.0,0.0024476666
113,192,0.0,0.0027462477
113,193,0.0,0.0022970005
113,194,0.0,0.0025499314
113,195,0.0,0.0023656478
113,196,0.0,0.0020718179
113,197,0.0,0.002220627
113,198,0.0,0.002400836
113,199,0.0,0.002569547
113,200,0.0,0.002287174
113,201,0.0,0.0018262789
113,202,0.0,0.0035384982
113,203,0.0,0.0024570422
113,204,-0.153933462833885,0.0025821654
113,205,0.13134952000054,0.0025453647
113,206,0.0,0.001826378
113,207,0.0,0.0024872571
113,208,0.0,0.0023901486
113,209,0.0,0.003132835
113,210,0.0,0.0028333282
113,211,0.0,0.0023784302
113,212,0.0,0.0026405626
113,213,0.0,0.0025455737
113,214,0.0,0.0032646535
113,215,0.0,0.0035730116
113,216,0.0,0.0027820282
113,217,0.0,0.0023534242
113,218,0.0,0.0020796275
113,219,0.0,0.002124846
113,220,0.0,0.0031788675
113,221,0.0,0.0017702309
113,222,0.147404507848139,0.0023021912
113,223,0.0,0.0024664486
113,224,0.0,0.0023855953
113,225,-0.143807837713268,0.0028053839
113,226,0.0,0.0015246808
113,227,0.0,0.0027412195
113,228,0.0,0.0026008133
113,229,0.0,0.002590647
113,230,0.0,0.0025211992
113,231,0.0,0.0022564158
113,232,0.0,0.0027470938
113,233,0.0,0.0035810722
113,234,0.0,0.0016800575
113,235,0.0,0.0020857202
113,236,0.0,0.0017230604
113,237,0.0,0.0018243133
113,238,0.0,0.0025669127
113,239,0.0,0.00266052
113,240,0.0,0.0016238214
113,241,0.0,0.00205448
113,242,0.0,0.002656919
113,243,0.0,0.0024181996
113,244,0.0,0.0035683885
113,245,0.0,0.00244438
113,246,0.0,0.0027777236
113,247,0.142025495299731,0.002465576
113,248,0.0,0.0023246375
113,249,0.0,0.002797111
113,250,0.0,0.0025768392
113,251,0.0,0.0016607596
113,252,0.0,0.0024075536
113,253,0.0,0.0035375813
113,254,0.0,0.001495657
113,255,0.0,0.0032228013
113,256,0.0,0.0018148427
113,257,0.0,0.0023098467
113,258,0.0,0.0032577552
113,259,0.0,0.0024616877
113,260,0.0,0.0023727566
113,261,0.0,0.0031964146
113,262,0.138946813199857,0.0021847282
113,263,0.0,0.0026644622
113,264,0.132442756920685,0.0022450802
113,265,0.0,0.0025231317
113,266,0.0,0.0030124537
113,267,0.0,0.0021827482
113,268,0.0,0.0022964505
114,1,0.0,0.002549789
114,2,-0.150293483697238,0.0023872163
114,3,0.0,0.0019184984
114,4,0.0,0.0025808928
114,5,0.0,0.0031161085
114,6,0.0,0.0032675802
114,7,0.0,0.0023096548
114,8,0.140592710460115,0.0027702907
114,9,0.0,0.0016352418
114,10,0.0,0.0027559316
114,11,0.150688450861749,0.0027234051
114,12,0.0,0.002569011
114,13,0.0,0.002248282
114,14,0.0,0.002482832
114,15,0.0,0.0017647138
114,16,0.0,0.0016896045
114,17,0.0,0.0027199285
114,18,0.0,0.002707907
114,19,0.0,0.0026138718
114,20,0.0,0.0025519975
114,21,0.0,0.002136053
114,22,0.0,0.002954349
114,23,0.0,0.0032883068
114,24,0.0,0.0036322125
114,25,0.0,0.0024520452
114,26,0.0,0.0014874786
114,27,0.0,0.0031056958
114,28,0.0,0.0014907182
114,29,0.0,0.0025714114
114,30,0.0,0.0020055063
114,31,0.0,0.0028245146
114,32,0.0,0.002337203
114,33,0.0,0.0030670324
114,34,0.0,0.0034753042
114,35,0.0,0.0022672354
114,36,0.0,0.0022340938
114,37,0.13721279745996,0.0019840184
114,38,0.0,0.0020699538
114,39,0.148429075648809,0.0027677212
114,40,0.0,0.0035437243
114,41,0.0,0.0017947885
114,42,0.0,0.001478015
114,43,0.0,0.0025782967
114,44,-0.133107825736843,0.0027161795
114,45,0.0,0.0025445325
114,46,0.0,0.002522842
114,47,0.0,0.0025619473
114,48,0.0,0.0023745853
114,49,0.0,0.0016554007
114,50,0.0,0.003509657
114,51,0.0,0.0021596034
114,52,0.0,0.0031251772
114,53,0.0,0.0020462768
114,54,0.0,0.002451355
114,55,0.0,0.0023780856
114,56,0.0,0.0024921922
114,57,0.0,0.001533038
114,58,0.0,0.002706795
114,59,0.0,0.0017224844
114,60,0.0,0.0027810866
114,61,0.0,0.0027591046
114,62,0.0,0.001930946
114,63,0.0,0.0025804215
114,64,0.0,0.002372181
114,65,0.0,0.0019091214
114,66,0.0,0.0015939646
114,67,0.0,0.0029323734
114,68,0.0,0.003462446
114,69,0.150393042055024,0.0022296784
114,70,0.0,0.0017480827
114,71,0.0,0.0018692445
114,72,0.0,0.0021974193
114,73,0.0,0.002251722
114,74,0.0,0.0018624011
114,75,0.0,0.0014977911
114,76,0.0,0.0017139614
114,77,0.0,0.0016971375
114,78,0.0,0.0026710331
114,79,0.0,0.003082301
114,80,0.0,0.0022796015
114,81,0.147827395670776,0.0024233172
114,82,0.0,0.0026050792
114,83,0.0,0.0025221584
114,84,0.0,0.002884129
114,85,-0.149105259794078,0.0024592523
114,86,0.0,0.0031012162
114,87,0.0,0.001491677
114,88,0.0,0.0019342899
114,89,0.0,0.0016865474
114,90,0.0,0.0016237637
114,91,0.145049665381965,0.0024144575
114,92,0.0,0.0016107825
114,93,0.0,0.0021594581
114,94,0.0,0.0023793457
114,95,-0.139221583960317,0.0023094672
114,96,0.0,0.0023724567
114,97,0.0,0.0025488106
114,98,0.0,0.0027521774
114,99,0.0,0.002653854
114,100,0.0,0.0022260067
114,101,0.0,0.002511132
114,102,0.0,0.0017860141
114,103,0.0,0.00211269
114,104,0.0,0.0027995198
114,105,0.0,0.0018729493
114,106,0.0,0.0031395475
114,107,0.0,0.0024324665
114,108,0.0,0.0024094996
114,109,0.0,0.0025450592
114,110,0.0,0.0015221625
114,111,0.0,0.0019363235
114,112,0.0,0.0017073187
114,113,0.0,0.0025885073
114,114,0.775311712408438,0.030703487
114,115,0.0,0.0027546682
114,116,0.0,0.002542641
114,117,0.0,0.0023411294
114,118,0.0,0.0027162023
114,119,0.0,0.0025291918
114,120,0.0,0.0027769879
114,121,0.0,0.0014915648
114,122,0.0,0.0027831243
114,123,0.0,0.001606537
114,124,0.0,0.001478089
114,125,0.0,0.0014939359
114,126,0.0,0.0027869334
114,127,0.0,0.0023970613
114,128,0.0,0.0016959272
114,129,0.0,0.0018644561
114,130,0.159586132899384,0.0019904226
114,131,0.0,0.0022867662
114,132,0.0,0.0025900486
114,133,0.0,0.0028249584
114,134,0.0,0.0023022434
114,135,0.0,0.002444407
114,136,0.0,0.0027916385
114,137,0.0,0.0023656553
114,138,0.0,0.0027077463
114,139,0.0,0.0020278567
114,140,0.0,0.0024077687
114,141,0.0,0.0014719921
114,142,0.0,0.0035226159
114,143,0.150102125603269,0.0026866416
114,144,0.0,0.0017737332
114,145,0.151559770885175,0.002404062
114,146,0.0,0.002102009
114,147,0.0,0.002447194
114,148,0.0,0.0025902241
114,149,0.0,0.0024459413
114,150,0.0,0.0014943383
114,151,0.0,0.0034957686
114,152,0.0,0.001547209
114,153,0.0,0.0026041958
114,154,0.0,0.0022109877
114,155,0.0,0.0023450935
114,156,0.0,0.0035057897
114,157,0.0,0.0026134024
114,158,0.0,0.0016828598
114,159,0.0,0.002910981
114,160,0.0,0.0034194556
114,161,0.0,0.003482489
114,162,0.0,0.0014661839
114,163,0.0,0.0023892885
114,164,0.0,0.00217498
114,165,0.0,0.0027866727
114,166,0.0,0.0017650905
114,167,0.0,0.0015036725
114,168,0.0,0.001491799
114,169,0.0,0.0026144055
114,170,0.0,0.0025528744
114,171,0.0,0.001963417
114,172,0.0,0.0026468574
114,173,0.0,0.0031757262
114,174,0.0,0.0021861056
114,175,0.0,0.0022931248
114,176,0.0,0.002825269
114,177,0.0,0.0025530974
114,178,0.0,0.0027399748
114,179,0.0,0.0027462537
114,180,0.0,0.0022375616
114,181,0.0,0.0023405072
114,182,0.0,0.002219011
114,183,0.0,0.0014894325
114,184,0.0,0.00246316
114,185,0.0,0.0030420744
114,186,0.155088942898002,0.00217865
114,187,0.0,0.0024662116
114,188,0.0,0.002025405
114,189,0.155657156534454,0.0019535911
114,190,0.0,0.0022262353
114,191,0.0,0.002788039
114,192,0.0,0.0016393661
114,193,0.0,0.0025799517
114,194,0.0,0.002550493
114,195,0.0,0.0036332477
114,196,0.0,0.0031712214
114,197,0.0,0.0021625226
114,198,0.0,0.0016970816
114,199,0.0,0.0021749386
114,200,0.0,0.0016783294
114,201,0.0,0.0016555171
114,202,0.0,0.0027501401
114,203,0.0,0.0031606555
114,204,0.0,0.0028284602
114,205,0.0,0.001739867
114,206,0.0,0.0025367364
114,207,0.0,0.0033031246
114,208,0.0,0.003177831
114,209,0.0,0.0019144318
114,210,0.0,0.0025368473
114,211,0.0,0.0018444331
114,212,0.0,0.0014630905
114,213,0.0,0.0015929462
114,214,0.0,0.0038081994
114,215,0.0,0.00227074
114,216,0.14574565914701,0.0021799412
114,217,0.0,0.0023815236
114,218,0.0,0.001739868
114,219,0.0,0.0025698678
114,220,0.0,0.0031535192
114,221,-0.183666613249929,0.002691717
114,222,0.0,0.003467415
114,223,0.0,0.0020214845
114,224,0.0,0.0023426437
114,225,0.0,0.0026117507
114,226,0.0,0.0023783767
114,227,0.0,0.0022342452
114,228,0.0,0.0014977669
114,229,0.0,0.0022561457
114,230,0.0,0.0035209176
114,231,0.0,0.0023674574
114,232,0.0,0.0029999423
114,233,0.0,0.0031034984
114,234,0.0,0.0019781915
114,235,0.0,0.0026126872
114,236,0.0,0.0021549026
114,237,0.0,0.0032024821
114,238,0.0,0.0024556108
114,239,0.0,0.0034290263
114,240,0.151361329685832,0.0032814764
114,241,0.0,0.0016392046
114,242,0.160185083771067,0.0015840405
114,243,0.0,0.0016646357
114,244,0.0,0.0027674297
114,245,0.0,0.0020454638
114,246,0.0,0.0030759359
114,247,0.0,0.0023798575
114,248,0.0,0.0032901517
114,249,0.0,0.0035888692
114,250,0.0,0.003351139
114,251,0.0,0.0015530675
114,252,0.156580148578142,0.0015435265
114,253,0.0,0.001666538
114,254,0.0,0.0018857862
114,255,0.0,0.0025594165
114,256,0.0,0.0014903564
114,257,0.0,0.0025771875
114,258,0.0,0.0023401384
114,259,0.0,0.0026962874
114,260,0.144481882191012,0.0016372255
114,261,0.0,0.0018687029
114,262,0.0,0.0018483279
114,263,0.0,0.00255545
114,264,0.0,0.0034287213
114,265,0.0,0.0029795254
114,266,0.0,0.0025458708
114,267,0.0,0.0022075134
114,268,0.0,0.0017761523
115,1,0.0,0.0017398358
115,2,0.0,0.0029201265
115,3,0.0,0.0026087891
115,4,0.0,0.003559887
115,5,0.0,0.0031461027
115,6,0.0,0.002927579
115,7,0.0,0.0027982895
115,8,0.0,0.0034681028
115,9,0.0,0.0024627605
115,10,0.0,0.0033880891
115,11,0.0,0.0025804383
115,12,0.0,0.0014924654
115,13,0.0,0.0031643878
115,14,-0.133685411225389,0.0023572394
115,15,0.0,0.0022658356
115,16,0.0,0.0023632967
115,17,0.0,0.0028672647
115,18,0.143464203475037,0.002369902
115,19,0.0,0.0014905082
115,20,0.0,0.0016617207
115,21,0.0,0.0025389893
115,22,0.0,0.0017409357
115,23,0.0,0.0034235348
115,24,0.0,0.0028509335
115,25,0.0,0.0017112908
115,26,0.0,0.0025852253
115,27,0.0,0.0017397711
115,28,0.0,0.001750594
115,29,0.0,0.0035735448
115,30,0.0,0.0024228636
115,31,0.0,0.0027695415
115,32,0.0,0.0029157144
115,33,0.131761868351016,0.002561279
115,34,0.0,0.0032461626
115,35,0.0,0.0027271514
115,36,0.0,0.0024401955
115,37,0.0,0.0023446633
115,38,0.0,0.0032862728
115,39,0.0,0.0025713113
115,40,0.0,0.0028693415
115,41,0.0,0.0024586576
115,42,0.0,0.0026438367
115,43,0.0,0.002308282
115,44,0.0,0.0019460078
115,45,0.0,0.0015551378
115,46,0.0,0.0022470872
115,47,-0.131020923778331,0.002472187
115,48,0.0,0.0023205304
115,49,0.0,0.003479167
115,50,0.0,0.0029173717
115,51,0.145365432498113,0.0027322671
115,52,0.0,0.0026231995
115,53,0.0,0.0020044209
115,54,0.0,0.0027249912
115,55,0.0,0.0031719194
115,56,0.0,0.0023295437
115,57,0.143786556677043,0.002389546
115,58,0.0,0.0032613836
115,59,0.0,0.002671759
115,60,0.0,0.002756327
115,61,0.0,0.0021000942
115,62,0.0,0.002368656
115,63,0.0,0.0025159265
115,64,0.0,0.0019354811
115,65,0.0,0.002630306
115,66,0.0,0.0031573707
115,67,0.0,0.0020894366
115,68,0.0,0.002596043
115,69,0.0,0.0022558235
115,70,0.145101671881362,0.0023906138
115,71,0.0,0.0025785062
115,72,0.0,0.0031522913
115,73,0.0,0.0026646424
115,74,0.0,0.0023894152
115,75,0.0,0.002563403
115,76,0.0,0.0022059768
115,77,0.0,0.0024562879
115,78,0.0,0.0024231127
115,79,0.158747989745216,0.0031854534
115,80,0.130059295105487,0.0023704148
115,81,0.0,0.0026428704
115,82,0.0,0.0020401287
115,83,0.0,0.003590676
115,84,0.0,0.0025961185
115,85,0.0,0.0024619927
115,86,0.0,0.0021552444
115,87,0.0,0.0035990803
115,88,0.0,0.0026283427
115,89,0.0,0.0027944976
115,90,0.0,0.0025530276
115,91,0.142421895087524,0.0017389981
115,92,0.0,0.0029822476
115,93,0.0,0.002310676
115,94,0.0,0.0019570934
115,95,0.0,0.0026311483
115,96,0.0,0.0015575816
115,97,0.0,0.002561572
115,98,0.0,0.0027776794
115,99,0.0,0.0026770174
115,100,0.0,0.0026698825
115,101,0.0,0.0033413763
115,102,0.0,0.00200008
115,103,0.0,0.003303287
115,104,0.0,0.0032983846
115,105,0.0,0.0034098625
115,106,0.0,0.0019533443
115,107,0.0,0.003577502
115,108,0.0,0.002483415
115,109,0.0,0.002362575
115,110,0.0,0.0024393448
115,111,0.0,0.0033778842
115,112,0.0,0.002509709
115,113,0.0,0.0023846575
115,114,0.0,0.0027546682
115,115,0.0,0.030703487
115,116,0.0,0.002227121
115,117,0.15782525002478,0.0023709037
115,118,0.0,0.0026671933
115,119,0.0,0.0031724758
115,120,0.0,0.0020668516
115,121,0.0,0.00241871
115,122,0.0,0.003573866
115,123,0.0,0.002422682
115,124,0.15625841920025,0.0026337425
115,125,0.0,0.0033862926
115,126,0.0,0.0024920488
115,127,0.155737499861599,0.0018283743
115,128,0.0,0.0027936283
115,129,0.0,0.0023845318
115,130,0.0,0.0036277454
115,131,0.0,0.0017082226
115,132,0.0,0.002735232
115,133,0.0,0.0029366976
115,134,0.0,0.0024306863
115,135,0.0,0.001775559
115,136,0.0,0.002567925
115,137,0.0,0.002539385
115,138,0.0,0.0023720842
115,139,0.0,0.0025843303
115,140,0.154228516150563,0.0025663106
115,141,0.0,0.0029604384
115,142,0.0,0.002670372
115,143,0.0,0.00270514
115,144,-0.167969850532069,0.0023765676
115,145,0.0,0.0024722982
115,146,0.0,0.0028221384
115,147,0.0,0.0024147676
115,148,0.0,0.0033119298
115,149,0.0,0.0024794387
115,150,0.0,0.0036329776
115,151,0.0,0.0027660844
115,152,0.0,0.0023809373
115,153,0.0,0.0021511978
115,154,0.0,0.0031401906
115,155,0.0,0.002518509
115,156,0.0,0.0026707565
115,157,0.0,0.0023933211
115,158,-0.155231504567225,0.0035060872
115,159,0.0,0.002832939
115,160,0.0,0.001520697
115,161,0.0,0.0026804428
115,162,0.0,0.0023325281
115,163,0.0,0.002979042
115,164,0.0,0.0023993193
115,165,0.0,0.0029836083
115,166,0.0,0.0019386355
115,167,0.0,0.0024331836
115,168,0.0,0.0019062748
115,169,0.0,0.0020467495
115,170,0.0,0.0025450983
115,171,0.0,0.0027516573
115,172,0.0,0.0027972562
115,173,0.0,0.00215805
115,174,0.0,0.0034433547
115,175,0.0,0.003481913
115,176,0.0,0.0027333973
115,177,0.0,0.0025201486
115,178,0.0,0.0023842538
115,179,0.0,0.0018979125
115,180,0.159368339165581,0.0027488554
115,181,0.0,0.0024205106
115,182,0.164382586321688,0.0021898542
115,183,0.157301307075594,0.003136293
115,184,0.0,0.0024366877
115,185,0.0,0.002783019
115,186,0.0,0.0034828451
115,187,0.0,0.0034389114
115,188,-0.144476737929501,0.0016492307
115,189,0.0,0.0024688249
115,190,0.0,0.002249268
115,191,0.0,0.0024218932
115,192,0.0,0.0027853064
115,193,0.0,0.0024179574
115,194,0.0,0.002446713
115,195,0.0,0.0036186376
115,196,0.0,0.002405651
115,197,0.0,0.0022308799
115,198,0.0,0.002777576
115,199,0.0,0.0026600077
115,200,0.0,0.0026963982
115,201,0.0,0.002649832
115,202,0.0,0.002570712
115,203,0.0,0.0024264338
115,204,0.0,0.0016736565
115,205,0.0,0.0025984268
115,206,0.0,0.0035896976
115,207,0.0,0.0025907913
115,208,0.0,0.0015104031
115,209,0.0,0.0023123529
115,210,0.0,0.002638535
115,211,0.0,0.0018202676
115,212,0.0,0.002149398
115,213,0.0,0.002408157
115,214,-0.164122379241615,0.0022443458
115,215,0.0,0.0023359717
115,216,0.0,0.0023620925
115,217,0.0,0.003054996
115,218,0.0,0.0022830088
115,219,0.0,0.0015195105
115,220,0.0,0.001488741
115,221,0.0,0.0017075008
115,222,0.0,0.0017296704
115,223,0.0,0.0027774125
115,224,0.0,0.0022138325
115,225,0.0,0.002423808
115,226,0.0,0.0027713175
115,227,0.0,0.0029854802
115,228,0.0,0.0032327538
115,229,0.0,0.0032099332
115,230,0.0,0.002183549
115,231,0.0,0.001849534
115,232,0.0,0.0036252216
115,233,0.0,0.0032275869
115,234,0.0,0.0027698837
115,235,0.0,0.0031130873
115,236,0.0,0.0024770177
115,237,0.0,0.0020169914
115,238,0.0,0.001972483
115,239,0.0,0.0030264636
115,240,0.0,0.0024340497
115,241,0.0,0.002261682
115,242,0.0,0.0017776061
115,243,0.0,0.002383205
115,244,0.0,0.0023452537
115,245,0.0,0.0016543283
115,246,0.0,0.0023426507
115,247,0.0,0.0017802459
115,248,-0.160026422799066,0.0025316812
115,249,0.0,0.0021853289
115,250,0.0,0.003631399
115,251,0.0,0.002551753
115,252,0.0,0.0027399343
115,253,0.0,0.002592945
115,254,0.0,0.002499681
115,255,0.0,0.0023061754
115,256,0.154217401085153,0.001995158
115,257,0.0,0.0026567248
115,258,0.0,0.0030783224
115,259,0.0,0.0017200406
115,260,0.0,0.0035884925
115,261,0.0,0.0021152007
115,262,0.0,0.0015452229
115,263,0.0,0.0025939196
115,264,0.0,0.0027626362
115,265,0.0,0.0027457345
115,266,0.0,0.0026311842
115,267,0.0,0.0027820608
115,268,0.0,0.0015208614
116,1,0.0,0.0014839983
116,2,0.0,0.0018576626
116,3,0.0,0.0024234187
116,4,0.0,0.0015569963
116,5,0.0,0.003280614
116,6,0.0,0.0024125818
116,7,0.0,0.0024676076
116,8,0.0,0.0035463967
116,9,0.0,0.002789881
116,10,0.0,0.0035611852
116,11,0.0,0.0024163183
116,12,0.0,0.0015789182
116,13,0.128657266513806,0.003023731
116,14,0.0,0.001472842
116,15,0.0,0.0020882096
116,16,0.0,0.0017684251
116,17,0.0,0.0019244524
116,18,0.0,0.0024456056
116,19,0.0,0.002277357
116,20,0.0,0.0030913097
116,21,0.0,0.0015322482
116,22,0.0,0.0016209423
116,23,0.0,0.0027880794
116,24,0.0,0.0017073536
116,25,0.0,0.002725128
116,26,0.0,0.0014985888
116,27,0.0,0.0015990576
116,28,0.0,0.0015198793
116,29,0.0,0.0025359774
116,30,0.0,0.0026109796
116,31,0.0,0.0023335638
116,32,0.0,0.003029202
116,33,0.0,0.0026809773
116,34,0.0,0.0031644036
116,35,0.0,0.0027335426
116,36,0.0,0.001755665
116,37,0.0,0.0016680486
116,38,0.0,0.0015729982
116,39,0.0,0.001485928
116,40,0.0,0.0018705977
116,41,0.0,0.002267473
116,42,0.12992313254511,0.0027570627
116,43,-0.136731285372331,0.0018514832
116,44,0.0,0.0018185796
116,45,0.0,0.002162911
116,46,0.0,0.0018815463
116,47,0.0,0.0017679986
116,48,0.0,0.0017325054
116,49,0.0,0.0025619762
116,50,0.0,0.0035565617
116,51,0.0,0.0016038003
116,52,0.0,0.002395134
116,53,0.0,0.0034673517
116,54,0.0,0.0016860804
116,55,0.0,0.0030802945
116,56,0.0,0.0017648535
116,57,0.0,0.0024225703
116,58,0.0,0.0024017743
116,59,0.0,0.0021626167
116,60,0.0,0.0020235498
116,61,0.0,0.0019759028
116,62,0.0,0.0026614163
116,63,0.0,0.0029364242
116,64,0.0,0.0016781618
116,65,0.0,0.0026697544
116,66,0.0,0.002264887
116,67,0.0,0.0014603911
116,68,0.0,0.0023833993
116,69,0.0,0.0024559908
116,70,0.0,0.0016134642
116,71,0.0,0.0014883988
116,72,0.0,0.0027823425
116,73,-0.144253652233026,0.0020352108
116,74,0.13467384902675,0.0017894264
116,75,0.0,0.0024507898
116,76,0.0,0.002574022
116,77,0.0,0.0024240166
116,78,0.0,0.0017408673
116,79,0.152290827574377,0.0024614497
116,80,0.0,0.0019387156
116,81,0.0,0.003120019
116,82,0.0,0.0014791144
116,83,0.0,0.002607624
116,84,0.138675579732519,0.001493616
116,85,0.0,0.0018458022
116,86,0.0,0.0029664217
116,87,0.0,0.0031083324
116,88,0.0,0.003566503
116,89,0.0,0.0019153347
116,90,0.0,0.0014855461
116,91,0.0,0.0014871699
116,92,0.0,0.0035682353
116,93,0.0,0.0016160212
116,94,0.0,0.0014975187
116,95,0.0,0.0036231102
116,96,0.0,0.0027779904
116,97,0.0,0.0025199852
116,98,0.0,0.0025641527
116,99,0.137807902372168,0.0019234763
116,100,0.0,0.002583297
116,101,0.0,0.0026146527
116,102,0.0,0.0018698806
116,103,0.0,0.0028129998
116,104,0.0,0.0027893027
116,105,0.0,0.0018072813
116,106,0.0,0.0015618978
116,107,0.0,0.0022872398
116,108,0.0,0.002479562
116,109,0.0,0.0035378193
116,110,0.0,0.0018360727
116,111,0.0,0.0018529836
116,112,0.0,0.0018343478
116,113,0.0,0.0023480933
116,114,0.0,0.002542641
116,115,0.0,0.002227121
116,116,0.0,0.030703487
116,117,0.0,0.002138969
116,118,0.0,0.0026496043
116,119,0.170913104544379,0.002470228
116,120,0.0,0.0026458655
116,121,0.0,0.001744011
116,122,0.153690768281936,0.0016877884
116,123,0.145929542554001,0.0017189663
116,124,0.0,0.0034549376
116,125,0.0,0.001851677
116,126,0.0,0.0018909941
116,127,0.0,0.0024369322
116,128,0.0,0.0015749177
116,129,0.0,0.002965293
116,130,0.0,0.0020620823
116,131,0.0,0.0036054258
116,132,0.0,0.0019326382
116,133,0.0,0.0017407173
116,134,0.0,0.002359211
116,135,0.0,0.0023352462
116,136,0.0,0.0031919563
116,137,0.0,0.0026795901
116,138,0.0,0.002570636
116,139,-0.15459737248896,0.0014778674
116,140,0.0,0.0017246981
116,141,0.0,0.0018666657
116,142,0.0,0.002558427
116,143,0.0,0.0019844314
116,144,0.0,0.0026797014
116,145,0.0,0.0027618133
116,146,0.0,0.002608384
116,147,0.0,0.003288729
116,148,0.0,0.0027817907
116,149,0.0,0.0023934422
116,150,0.0,0.0014927969
116,151,0.0,0.0016177213
116,152,0.0,0.0017393944
116,153,0.0,0.0025517019
116,154,0.0,0.0023603723
116,155,0.0,0.0027721561
116,156,0.0,0.0030104085
116,157,0.0,0.0020334125
116,158,-0.150673921433725,0.002420538
116,159,0.0,0.0015138853
116,160,0.0,0.0016903849
116,161,0.0,0.0034594834
116,162,0.0,0.0018036058
116,163,0.0,0.002675837
116,164,0.0,0.0016623978
116,165,0.0,0.0026609194
116,166,0.0,0.0023320108
116,167,0.0,0.0033049514
116,168,0.153111118297809,0.00187812
116,169,0.0,0.0018313266
116,170,0.0,0.0014773831
116,171,0.0,0.0023091477
116,172,0.0,0.0020074565
116,173,0.0,0.0023323451
116,174,0.159730983832063,0.0024555228
116,175,0.0,0.0024796464
116,176,0.0,0.0025118557
116,177,0.0,0.0024233898
116,178,0.0,0.0025521065
116,179,0.0,0.0021987297
116,180,0.0,0.0029961923
116,181,0.0,0.002333546
116,182,0.0,0.0019223336
116,183,0.0,0.0015146611
116,184,0.0,0.0017412482
116,185,0.0,0.001491534
116,186,-0.153900840656709,0.0017398805
116,187,0.0,0.002704766
116,188,0.0,0.00147512
116,189,0.0,0.0018488346
116,190,0.0,0.0026552016
116,191,0.0,0.0025051744
116,192,-0.159669787895627,0.0020578327
116,193,0.0,0.0027831327
116,194,0.0,0.0023777792
116,195,0.0,0.0030603549
116,196,0.0,0.0032876753
116,197,0.0,0.0023902915
116,198,0.0,0.0017873365
116,199,0.0,0.0024687257
116,200,0.0,0.0021061245
116,201,0.0,0.0020167283
116,202,0.0,0.0014927308
116,203,0.0,0.0017776624
116,204,0.0,0.0024722568
116,205,0.0,0.0023051216
116,206,0.0,0.0034806128
116,207,0.0,0.0026259688
116,208,0.0,0.0026254011
116,209,0.0,0.0024875877
116,210,0.0,0.0022465177
116,211,0.0,0.0022903197
116,212,0.0,0.0025976454
116,213,0.0,0.0022930643
116,214,0.0,0.0027247798
116,215,0.0,0.0017408221
116,216,0.0,0.0016408339
116,217,0.0,0.002577925
116,218,0.0,0.0015144683
116,219,0.0,0.0034045586
116,220,0.0,0.0024110423
116,221,0.0,0.002277317
116,222,0.0,0.0014770674
116,223,0.0,0.0017661727
116,224,0.0,0.0018798984
116,225,0.0,0.0026628575
116,226,0.0,0.0034928513
116,227,0.0,0.0026063607
116,228,0.0,0.002647588
116,229,-0.167114499121582,0.0026532356
116,230,0.0,0.0020319754
116,231,0.0,0.0016396795
116,232,0.0,0.0018422655
116,233,0.0,0.0022702427
116,234,0.0,0.002797667
116,235,0.143244835375983,0.001492246
116,236,0.137841829278932,0.0034527616
116,237,0.0,0.0014921692
116,238,0.0,0.0030478765
116,239,0.0,0.0025363918
116,240,0.0,0.0027684611
116,241,0.0,0.0019158414
116,242,0.0,0.0021144478
116,243,0.0,0.0025527296
116,244,0.0,0.0023110379
116,245,0.0,0.0025403108
116,246,0.0,0.0023532603
116,247,0.0,0.002561118
116,248,0.155328061293798,0.0025578584
116,249,0.0,0.0014934656
116,250,0.0,0.0027743103
116,251,0.0,0.0025895168
116,252,0.0,0.0033507305
116,253,0.0,0.0026960946
116,254,0.0,0.0022483612
116,255,0.0,0.0027182843
116,256,0.0,0.0023613512
116,257,0.0,0.002482486
116,258,0.0,0.002335898
116,259,0.0,0.0018934784
116,260,0.0,0.0025076577
116,261,0.152550892149631,0.0018863291
116,262,0.0,0.0035923072
116,263,0.0,0.002551754
116,264,0.0,0.0018055984
116,265,0.0,0.0019046958
116,266,0.0,0.0026733512
116,267,0.0,0.0034101838
116,268,0.0,0.0024685157
117,1,0.0,0.0016756481
117,2,0.0,0.0027606566
117,3,0.0,0.0036148224
117,4,0.0,0.0023661284
117,5,0.0,0.0021728845
117,6,0.0,0.002432696
117,7,0.0,0.0035548722
117,8,0.0,0.0030880072
117,9,0.0,0.0027784416
117,10,0.0,0.0015181657
117,11,0.0,0.0024137925
117,12,0.0,0.003179022
117,13,0.0,0.001979319
117,14,0.0,0.0017396603
117,15,0.0,0.0020038243
117,16,0.0,0.0024118037
117,17,-0.140118534776845,0.0024324814
117,18,0.0,0.0033614538
117,19,0.0,0.0019620066
117,20,0.0,0.0019263895
117,21,0.0,0.0024193833
117,22,0.0,0.0016325847
117,23,0.0,0.0026489035
117,24,0.0,0.002588218
117,25,0.0,0.0016221395
117,26,0.0,0.0024672118
117,27,0.0,0.0022777664
117,28,0.0,0.0020255842
117,29,0.0,0.0034586643
117,30,0.0,0.0022890633
117,31,0.0,0.0036233831
117,32,0.0,0.0023727347
117,33,0.124658602051953,0.0025456776
117,34,0.0,0.002320148
117,35,0.0,0.0028186403
117,36,0.0,0.0015144078
117,37,0.0,0.0015184633
117,38,0.0,0.0024449555
117,39,0.0,0.002662424
117,40,0.0,0.0034766537
117,41,0.0,0.0026752348
117,42,0.0,0.0036297776
117,43,0.0,0.0035029426
117,44,0.0,0.0029637343
117,45,0.0,0.0025457698
117,46,0.0,0.0032321173
117,47,0.0,0.0016821669
117,48,0.0,0.0023132293
117,49,0.0,0.002719252
117,50,0.0,0.002387599
117,51,0.0,0.0021282881
117,52,0.0,0.0025456683
117,53,0.128749271692602,0.0019971575
117,54,0.0,0.0021126643
117,55,0.0,0.0017349906
117,56,0.0,0.0023708157
117,57,0.0,0.0025707013
117,58,0.0,0.0017201006
117,59,0.0,0.0032471446
117,60,0.0,0.001987286
117,61,0.0,0.0016079107
117,62,0.0,0.0018757954
117,63,0.0,0.0034346534
117,64,0.0,0.001502682
117,65,0.0,0.0014910703
117,66,0.0,0.001885091
117,67,0.0,0.0028119124
117,68,0.0,0.0021458808
117,69,0.0,0.0024079303
117,70,0.0,0.0014666696
117,71,0.0,0.0016136076
117,72,0.0,0.0015010568
117,73,0.0,0.0017616679
117,74,0.132815960771807,0.0037796763
117,75,0.0,0.0025278386
117,76,0.0,0.0025069448
117,77,0.0,0.0024195882
117,78,0.0,0.002670133
117,79,0.0,0.0034440202
117,80,0.0,0.0014930549
117,81,0.0,0.002438929
117,82,0.0,0.0016161553
117,83,0.0,0.0023413356
117,84,0.0,0.00227453
117,85,0.0,0.0027217567
117,86,0.0,0.0017963015
117,87,0.0,0.0036097406
117,88,-0.13714270368564,0.00270207
117,89,0.0,0.0026144409
117,90,0.0,0.0023766127
117,91,0.0,0.002321029
117,92,0.0,0.002071035
117,93,0.0,0.0023762984
117,94,-0.134146525261855,0.0026226155
117,95,0.0,0.0021295948
117,96,0.0,0.0025851936
117,97,0.0,0.0025500194
117,98,0.0,0.0036133286
117,99,0.0,0.0015622075
117,100,0.0,0.0017275191
117,101,0.0,0.00249111
117,102,0.0,0.0014931294
117,103,0.0,0.0031438717
117,104,0.0,0.00253393
117,105,0.0,0.0025635203
117,106,0.0,0.002076603
117,107,0.0,0.0014954605
117,108,0.0,0.0023835292
117,109,0.0,0.0035514706
117,110,0.0,0.0023245616
117,111,0.0,0.0014972193
117,112,0.0,0.0021172743
117,113,0.0,0.0016197003
117,114,0.0,0.0023411294
117,115,0.0,0.0023709037
117,116,0.0,0.002138969
117,117,0.0,0.030703487
117,118,0.0,0.0024480592
117,119,-0.171116092665992,0.0017261822
117,120,0.0,0.0030826214
117,121,0.0,0.0019822195
117,122,0.0,0.0029305853
117,123,0.146102858484396,0.0021048891
117,124,0.151850820450611,0.003568896
117,125,0.0,0.0023474325
117,126,0.0,0.0024719252
117,127,0.0,0.0014769332
117,128,0.0,0.0015886179
117,129,0.0,0.0031288872
117,130,0.0,0.0036127907
117,131,0.0,0.003092846
117,132,0.0,0.0024610762
117,133,0.0,0.0015678047
117,134,0.0,0.0018830965
117,135,0.0,0.0035763797
117,136,0.0,0.0020607184
117,137,0.0,0.0021215356
117,138,0.0,0.0030369423
117,139,0.0,0.0025287103
117,140,0.0,0.0015563602
117,141,0.0,0.0027442211
117,142,0.0,0.00148847
117,143,0.0,0.002183036
117,144,0.163231906125801,0.0028995294
117,145,0.0,0.0027248543
117,146,0.0,0.0015095421
117,147,0.0,0.0023738914
117,148,0.0,0.0031482168
117,149,-0.147692173328357,0.0031763534
117,150,0.0,0.0024223463
117,151,0.0,0.0014929445
117,152,0.0,0.0015407391
117,153,0.0,0.0027397852
117,154,0.0,0.0024159155
117,155,0.0,0.0027342206
117,156,0.0,0.002415602
117,157,0.0,0.0027935226
117,158,0.0,0.0025605867
117,159,0.0,0.0024233065
117,160,0.0,0.0014825189
117,161,0.0,0.002787814
117,162,0.146602070074737,0.0025532842
117,163,-0.155559321927558,0.0015992252
117,164,0.0,0.0024641217
117,165,0.0,0.0020435597
117,166,0.0,0.0016886336
117,167,0.0,0.0016405708
117,168,0.0,0.0032682712
117,169,0.0,0.0014905538
117,170,0.0,0.0020478638
117,171,0.0,0.0029910258
117,172,0.0,0.0034598387
117,173,0.0,0.0023266724
117,174,0.0,0.0027377908
117,175,0.0,0.002613891
117,176,-0.154713044959731,0.0016258699
117,177,0.0,0.0021568453
117,178,0.0,0.0016568219
117,179,-0.155830413737622,0.0017043431
117,180,0.0,0.003576031
117,181,0.0,0.0014819154
117,182,0.0,0.0014784159
117,183,0.0,0.0017418987
117,184,0.0,0.002609143
117,185,0.0,0.0016062539
117,186,0.154083623847283,0.0021949494
117,187,0.0,0.00191171
117,188,0.0,0.002896767
117,189,0.154648154203787,0.0015973519
117,190,0.0,0.0018248428
117,191,0.0,0.0026608738
117,192,0.0,0.0023842016
117,193,0.0,0.0021545985
117,194,0.0,0.0030064196
117,195,0.0,0.0025577238
117,196,0.0,0.001565285
117,197,0.0,0.0025514895
117,198,0.0,0.0017119572
117,199,0.0,0.003562261
117,200,0.14679455581544,0.002753004
117,201,0.0,0.0023242398
117,202,0.0,0.001924918
117,203,0.0,0.0015689079
117,204,0.0,0.0027556038
117,205,0.0,0.0028443006
117,206,0.0,0.0035768081
117,207,0.0,0.0025182301
117,208,0.0,0.0017001047
117,209,0.0,0.0027121608
117,210,0.0,0.0023755287
117,211,0.0,0.002595019
117,212,0.0,0.0018203966
117,213,0.0,0.0026133168
117,214,0.0,0.003625601
117,215,-0.145721858609337,0.0014731083
117,216,0.0,0.0024097129
117,217,0.0,0.0022591879
117,218,-0.157281785718512,0.00146282
117,219,-0.162620000215728,0.0016740854
117,220,0.0,0.0023077205
117,221,0.182476047747121,0.0017199032
117,222,0.0,0.00158421
117,223,0.0,0.0023081144
117,224,0.0,0.0017646449
117,225,-0.15439828371173,0.0024410319
117,226,0.0,0.0016609607
117,227,-0.152073033320135,0.0029626205
117,228,0.0,0.0024006818
117,229,0.0,0.0032592053
117,230,0.0,0.0015523983
117,231,-0.151517868337365,0.0031750957
117,232,0.144251994872821,0.0028134743
117,233,0.0,0.0024918695
117,234,0.0,0.0021763719
117,235,0.0,0.002544762
117,236,0.0,0.0020302325
117,237,0.0,0.0016935216
117,238,0.0,0.0023450297
117,239,0.0,0.0025717732
117,240,0.0,0.0015595877
117,241,0.0,0.0023835879
117,242,0.0,0.0032710312
117,243,0.149065653619048,0.0032933247
117,244,0.0,0.0021870318
117,245,0.0,0.0029316335
117,246,0.0,0.0022922335
117,247,0.0,0.001602333
117,248,0.0,0.0033884016
117,249,0.0,0.0017401855
117,250,0.0,0.0021500066
117,251,0.0,0.0019605383
117,252,0.0,0.0023575039
117,253,0.0,0.002774885
117,254,0.0,0.001695496
117,255,0.0,0.0023571793
117,256,0.0,0.0021473467
117,257,0.0,0.0023607216
117,258,0.0,0.0020014737
117,259,0.0,0.002972859
117,260,0.0,0.002772388
117,261,0.0,0.0027640234
117,262,0.0,0.0023198402
117,263,0.0,0.0025465158
117,264,0.0,0.0016063806
117,265,0.0,0.0030658846
117,266,0.0,0.0023037791
117,267,0.0,0.0017022905
117,268,0.0,0.0024492075
118,1,0.0,0.0020370758
118,2,0.0,0.002624188
118,3,0.0,0.0022951444
118,4,0.0,0.0023183813
118,5,0.0,0.002788426
118,6,0.0,0.0023399182
118,7,0.0,0.0023962506
118,8,0.0,0.0032906025
118,9,0.0,0.002375105
118,10,0.0,0.0031514699
118,11,0.0,0.0035408582
118,12,0.0,0.001882459
118,13,0.0,0.002314405
118,14,0.0,0.0016175564
118,15,0.0,0.0024929498
118,16,0.0,0.0024359687
118,17,0.0,0.0024272637
118,18,0.0,0.0023314073
118,19,0.0,0.0024287417
118,20,0.0,0.002336204
118,21,0.0,0.0023223478
118,22,0.0,0.0029906547
118,23,0.146020584068549,0.002583241
118,24,0.0,0.0024845744
118,25,0.0,0.003322144
118,26,0.0,0.0025908947
118,27,0.0,0.0018413877
118,28,0.0,0.002605781
118,29,0.0,0.0036009331
118,30,0.0,0.0025169076
118,31,0.0,0.0026162812
118,32,0.0,0.0022534947
118,33,0.0,0.001881219
118,34,0.0,0.0028196787
118,35,0.0,0.0023881178
118,36,0.0,0.0019475194
118,37,0.0,0.003043015
118,38,0.0,0.0028835507
118,39,0.0,0.0025220606
118,40,0.0,0.003481654
118,41,0.0,0.00341659
118,42,0.0,0.002759826
118,43,0.0,0.0017864117
118,44,0.0,0.0024378803
118,45,0.0,0.0026569897
118,46,0.0,0.001582603
118,47,0.0,0.0015794174
118,48,0.0,0.0026288577
118,49,0.0,0.0015766541
118,50,0.0,0.002544708
118,51,0.0,0.002456158
118,52,0.0,0.0028808191
118,53,0.139970372741946,0.0024286052
118,54,0.13919108981016,0.0036307373
118,55,0.0,0.0024298178
118,56,0.0,0.0019723997
118,57,0.0,0.0021969704
118,58,0.0,0.0026031602
118,59,0.150295037147168,0.0025096308
118,60,0.0,0.0014782492
118,61,0.0,0.0034379493
118,62,0.0,0.0029308582
118,63,0.0,0.002630799
118,64,0.0,0.0020870059
118,65,0.0,0.0023291148
118,66,0.0,0.0024208878
118,67,0.0,0.003407639
118,68,0.0,0.0022443263
118,69,0.0,0.0025514914
118,70,0.0,0.0018713819
118,71,0.165223044063255,0.0025300407
118,72,0.0,0.002587739
118,73,0.0,0.0027706916
118,74,0.0,0.003453156
118,75,0.0,0.0027019186
118,76,0.0,0.0029890458
118,77,0.0,0.0031599198
118,78,0.0,0.0026406539
118,79,0.0,0.0025157277
118,80,0.0,0.0025057252
118,81,0.0,0.0026224148
118,82,0.0,0.0023798393
118,83,0.0,0.002595515
118,84,0.0,0.0023467517
118,85,0.0,0.0023729214
118,86,0.0,0.0035257004
118,87,0.0,0.0023919805
118,88,0.0,0.0016201693
118,89,0.0,0.0029751677
118,90,0.0,0.0024383874
118,91,0.0,0.0023988853
118,92,0.0,0.0029973807
118,93,0.0,0.0026971446
118,94,0.0,0.001658937
118,95,0.0,0.002395059
118,96,0.0,0.0027881037
118,97,0.0,0.0021553254
118,98,0.0,0.0027603582
118,99,0.0,0.0024905535
118,100,0.0,0.0027835872
118,101,0.0,0.0023355102
118,102,0.0,0.0025722478
118,103,0.0,0.0027876822
118,104,0.0,0.0023208503
118,105,0.0,0.0026141484
118,106,0.0,0.0020408626
118,107,0.0,0.0018227911
118,108,0.0,0.0024951021
118,109,0.0,0.0025085276
118,110,0.136767947058693,0.0026002275
118,111,0.0,0.0027460693
118,112,0.0,0.0023209956
118,113,0.0,0.0035040253
118,114,0.0,0.0027162023
118,115,0.0,0.0026671933
118,116,0.0,0.0026496043
118,117,0.0,0.0024480592
118,118,0.0,0.030703487
118,119,0.0,0.0025471384
118,120,0.0,0.0020610434
118,121,0.0,0.003106459
118,122,0.0,0.0026232614
118,123,0.0,0.0035564573
118,124,0.0,0.0027776915
118,125,0.0,0.002392382
118,126,0.0,0.002407678
118,127,0.0,0.0022912002
118,128,0.0,0.0025121951
118,129,0.0,0.0024885996
118,130,0.0,0.0024239528
118,131,0.0,0.0018359455
118,132,0.0,0.0035618637
118,133,0.0,0.0026832595
118,134,0.0,0.003113897
118,135,0.0,0.0032083262
118,136,0.0,0.0018823752
118,137,0.0,0.0022676643
118,138,0.0,0.0034885919
118,139,0.0,0.0014831126
118,140,0.0,0.0018234053
118,141,0.0,0.0027627698
118,142,0.0,0.0015156008
118,143,0.0,0.00247801
118,144,0.0,0.002506162
118,145,0.0,0.0025680945
118,146,0.0,0.0024865922
118,147,0.0,0.0019974913
118,148,0.0,0.0023865635
118,149,0.0,0.0017764978
118,150,0.0,0.0032266797
118,151,0.0,0.0031317333
118,152,0.0,0.0027842033
118,153,0.0,0.0024692728
118,154,0.170199044607861,0.0018784441
118,155,0.0,0.0024593002
118,156,0.0,0.0023549744
118,157,0.0,0.0018033651
118,158,0.0,0.002594402
118,159,0.0,0.0026774085
118,160,0.0,0.0035085059
118,161,0.0,0.003265909
118,162,0.151568383926036,0.0026044152
118,163,0.0,0.002599135
118,164,0.0,0.0025056247
118,165,0.0,0.0027568927
118,166,0.0,0.0019633202
118,167,0.0,0.002030875
118,168,0.0,0.002012047
118,169,0.0,0.0021384298
118,170,0.0,0.0024228492
118,171,0.0,0.0032692272
118,172,0.0,0.0023834836
118,173,0.0,0.0025006793
118,174,-0.165338188774425,0.0027515483
118,175,0.0,0.0026541473
118,176,0.0,0.0017336644
118,177,0.0,0.0022498844
118,178,0.0,0.002148163
118,179,0.0,0.0033021513
118,180,0.0,0.0026918077
118,181,0.0,0.0031687813
118,182,0.0,0.0026196945
118,183,0.0,0.0025587985
118,184,0.0,0.0021809116
118,185,0.0,0.002736615
118,186,0.0,0.002382473
118,187,0.0,0.0027540764
118,188,0.0,0.0028084046
118,189,0.15988703841537,0.0023455624
118,190,0.0,0.0026140334
118,191,0.0,0.0027540713
118,192,0.0,0.0024450542
118,193,0.0,0.0025253189
118,194,0.0,0.0034542098
118,195,-0.157053773148563,0.003092837
118,196,0.0,0.002414756
118,197,0.0,0.0023104143
118,198,0.0,0.0023700604
118,199,0.0,0.002309389
118,200,0.0,0.0029586288
118,201,0.0,0.0017414964
118,202,0.0,0.0017655366
118,203,0.157712355304392,0.0026141377
118,204,-0.170868288218478,0.0027550654
118,205,0.0,0.0024224306
118,206,0.0,0.0023443769
118,207,0.0,0.0026049227
118,208,0.0,0.0016063582
118,209,0.0,0.0031188992
118,210,0.0,0.0025953315
118,211,0.0,0.002664294
118,212,0.0,0.0025315513
118,213,0.0,0.0028289082
118,214,0.0,0.002581203
118,215,0.0,0.002550853
118,216,0.0,0.002337284
118,217,0.0,0.0026376313
118,218,-0.16260988722876,0.0036271256
118,219,0.0,0.0023596147
118,220,0.0,0.0034556366
118,221,0.0,0.0016734735
118,222,0.0,0.0026346655
118,223,0.0,0.0024940823
118,224,0.0,0.002444137
118,225,0.0,0.00249092
118,226,0.0,0.002167603
118,227,0.157224682348022,0.0015330934
118,228,0.0,0.0017189048
118,229,0.0,0.0027603232
118,230,0.0,0.0014922614
118,231,0.0,0.0025331927
118,232,0.0,0.0024311943
118,233,0.0,0.0026039723
118,234,0.0,0.0025653532
118,235,0.0,0.0026904694
118,236,0.0,0.0027711182
118,237,0.0,0.0026980853
118,238,0.0,0.0027620369
118,239,0.0,0.0025183493
118,240,0.0,0.0025650654
118,241,0.0,0.002789671
118,242,0.0,0.0017341948
118,243,0.0,0.0023903628
118,244,0.0,0.0025976105
118,245,0.0,0.0024474896
118,246,0.0,0.0016465383
118,247,0.0,0.0016348255
118,248,0.0,0.0036082896
118,249,0.0,0.0031174165
118,250,0.0,0.0025099446
118,251,0.0,0.002403412
118,252,0.0,0.002308019
118,253,0.0,0.003533843
118,254,0.0,0.0024236022
118,255,0.0,0.002606763
118,256,0.0,0.0024090642
118,257,0.0,0.0024968567
118,258,0.0,0.002337331
118,259,0.0,0.0018419246
118,260,0.0,0.0025647576
118,261,0.0,0.0027168258
118,262,0.0,0.002130948
118,263,0.0,0.0025788131
118,264,0.0,0.0024639661
118,265,0.0,0.0023234147
118,266,0.0,0.002744353
118,267,0.0,0.00266408
118,268,0.0,0.0027718935
119,1,0.0,0.001703206
119,2,0.0,0.0033165254
119,3,0.0,0.0022534444
119,4,0.0,0.0026332727
119,5,0.0,0.0025511035
119,6,0.0,0.0034817318
119,7,0.0,0.0018487256
119,8,0.0,0.002223704
119,9,0.0,0.0021664305
119,10,0.0,0.0019514645
119,11,0.0,0.002426566
119,12,0.0,0.0024123583
119,13,-0.135200050204959,0.001721086
119,14,0.0,0.002050125
119,15,0.0,0.0016123592
119,16,0.0,0.0025392156
119,17,0.0,0.002529228
119,18,0.0,0.0026230696
119,19,0.0,0.0017963676
119,20,0.0,0.0014973334
119,21,0.0,0.0027360935
119,22,0.0,0.001737793
119,23,0.0,0.002561166
119,24,0.0,0.0017773537
119,25,0.0,0.0033355406
119,26,0.1476211681918,0.0021597594
119,27,0.0,0.002609191
119,28,0.0,0.0027215248
119,29,0.0,0.0014959658
119,30,0.0,0.0022328212
119,31,0.0,0.002803674
119,32,0.0,0.002668384
119,33,0.0,0.0027796552
119,34,0.0,0.002093065
119,35,0.0,0.0036011063
119,36,0.0,0.0025423267
119,37,0.0,0.0014816467
119,38,0.0,0.0020346483
119,39,0.146922076239639,0.0022824137
119,40,0.0,0.0016854759
119,41,0.0,0.0021917536
119,42,0.0,0.0014918786
119,43,0.0,0.00242755
119,44,0.0,0.0025499095
119,45,0.145612895521824,0.003564612
119,46,0.0,0.0028082654
119,47,0.13208354067833,0.0018229685
119,48,0.0,0.0015519452
119,49,0.0,0.0023904229
119,50,0.0,0.0027925638
119,51,0.0,0.0018857713
119,52,0.0,0.0022725547
119,53,0.0,0.002233244
119,54,0.0,0.003481532
119,55,0.0,0.0026182113
119,56,0.0,0.003539537
119,57,0.0,0.003181648
119,58,0.0,0.0022288244
119,59,0.0,0.0016969838
119,60,0.0,0.002250738
119,61,0.0,0.002272178
119,62,0.0,0.0018173396
119,63,0.0,0.0024055494
119,64,0.0,0.0014780243
119,65,0.0,0.0014990834
119,66,0.0,0.0017243242
119,67,0.13917396708843,0.0015501333
119,68,0.0,0.0022536032
119,69,0.0,0.0027561495
119,70,0.0,0.0014874386
119,71,0.0,0.0022853245
119,72,0.0,0.0026172665
119,73,0.0,0.0022690892
119,74,0.0,0.001554647
119,75,0.0,0.0025580009
119,76,0.0,0.0027720588
119,77,0.0,0.0014878847
119,78,0.0,0.0014862753
119,79,0.0,0.0017864057
119,80,0.0,0.0014951024
119,81,0.0,0.0027412325
119,82,0.0,0.0025865962
119,83,0.0,0.003269001
119,84,0.0,0.0021405434
119,85,0.0,0.0014966093
119,86,0.0,0.002429511
119,87,0.0,0.0025272602
119,88,0.0,0.0017676558
119,89,0.0,0.0017395886
119,90,0.0,0.0033502984
119,91,0.0,0.002903901
119,92,0.0,0.0032232567
119,93,0.0,0.0023192642
119,94,0.0,0.0024198368
119,95,0.0,0.003343517
119,96,0.0,0.0024922797
119,97,0.0,0.0024658428
119,98,0.0,0.00253673
119,99,0.0,0.0017346237
119,100,0.0,0.0019845613
119,101,0.0,0.0022619506
119,102,0.0,0.0014866157
119,103,-0.155889136823087,0.0017396444
119,104,0.0,0.0023835846
119,105,0.13613358859825,0.0025012624
119,106,0.0,0.0020522135
119,107,0.0,0.0017661666
119,108,0.0,0.0031300238
119,109,0.0,0.0035560871
119,110,0.0,0.0019627311
119,111,0.0,0.0014931248
119,112,0.0,0.0014913548
119,113,0.0,0.0026930803
119,114,0.138106980711678,0.0025291918
119,115,0.0,0.0031724758
119,116,0.0,0.002470228
119,117,0.0,0.0017261822
119,118,0.0,0.0025471384
119,119,0.343949967762455,0.030703487
119,120,0.0,0.0014724969
119,121,0.0,0.0031522661
119,122,0.0,0.00313626
119,123,0.0,0.0019655675
119,124,0.0,0.0027619912
119,125,0.0,0.002402598
119,126,0.0,0.0024126652
119,127,0.168852528056841,0.0014778208
119,128,0.0,0.0035857866
119,129,0.0,0.0020772964
119,130,0.0,0.0024649552
119,131,0.0,0.0030594287
119,132,0.0,0.0033604633
119,133,0.0,0.0015188772
119,134,0.0,0.0023600967
119,135,0.196977201925598,0.0023399717
119,136,0.0,0.0023246831
119,137,0.0,0.0014955848
119,138,0.0,0.00256739
119,139,0.0,0.003035789
119,140,0.0,0.0014584204
119,141,0.0,0.0018220469
119,142,0.161771827485945,0.0014926204
119,143,0.0,0.0036313245
119,144,0.0,0.0024922052
119,145,0.0,0.0023797075
119,146,0.0,0.001495487
119,147,0.0,0.0036335266
119,148,0.0,0.0017811125
119,149,0.0,0.0023679012
119,150,0.0,0.0017417539
119,151,0.0,0.0020389133
119,152,0.0,0.0014839768
119,153,-0.171476095934806,0.0023866557
119,154,0.0,0.0025549885
119,155,0.0,0.0023817956
119,156,0.0,0.0023496156
119,157,0.0,0.0035766615
119,158,0.0,0.0026025805
119,159,0.0,0.0015413002
119,160,0.0,0.0017185528
119,161,0.0,0.0023540352
119,162,0.0,0.001840123
119,163,0.0,0.0016335165
119,164,0.0,0.0035003852
119,165,0.0,0.0028079944
119,166,0.0,0.0017952137
119,167,0.0,0.002048404
119,168,0.171026289207909,0.0020122617
119,169,0.0,0.0014895136
119,170,0.0,0.0027782712
119,171,0.0,0.0035758289
119,172,0.0,0.0023966627
119,173,0.0,0.0022900836
119,174,0.0,0.0019125706
119,175,0.0,0.0014770771
119,176,0.0,0.0017419793
119,177,0.0,0.0014921101
119,178,0.0,0.0014760876
119,179,0.0,0.002550595
119,180,0.0,0.0034127585
119,181,0.0,0.0030910233
119,182,0.0,0.0014808285
119,183,0.0,0.0016235448
119,184,0.0,0.0014939471
119,185,0.0,0.0017401786
119,186,-0.17190841511783,0.0026134443
119,187,0.0,0.0029924638
119,188,0.0,0.0021506054
119,189,0.0,0.001643477
119,190,0.0,0.0034871637
119,191,0.0,0.0026136916
119,192,0.0,0.0024378807
119,193,0.0,0.0024214112
119,194,0.0,0.0025179284
119,195,0.0,0.00247955
119,196,0.0,0.0023834822
119,197,0.0,0.0024923608
119,198,0.0,0.0016612816
119,199,0.0,0.0024766312
119,200,0.0,0.0028304826
119,201,-0.158904269697333,0.003587714
119,202,0.0,0.0022468455
119,203,0.0,0.0035807416
119,204,0.0,0.0024423343
119,205,-0.157336344121621,0.0024515176
119,206,0.0,0.0027957805
119,207,0.0,0.0023746123
119,208,0.0,0.0017242087
119,209,0.0,0.003538974
119,210,0.0,0.0017296574
119,211,0.0,0.0023869365
119,212,-0.164774782955757,0.0034749657
119,213,0.0,0.002027308
119,214,0.0,0.0014775367
119,215,0.0,0.0017952705
119,216,0.0,0.003621108
119,217,0.0,0.0023122323
119,218,0.0,0.0018273881
119,219,0.0,0.002125958
119,220,0.0,0.0020134272
119,221,0.0,0.0023506894
119,222,0.0,0.0021524196
119,223,0.181736966238734,0.002307274
119,224,0.0,0.00252154
119,225,0.0,0.0028234264
119,226,0.0,0.001491968
119,227,0.0,0.0023819678
119,228,0.0,0.0018413919
119,229,0.0,0.0020226361
119,230,0.0,0.0025747404
119,231,0.0,0.0021674135
119,232,0.0,0.0023238682
119,233,0.166766686162074,0.002730425
119,234,0.0,0.0023160474
119,235,0.0,0.002778192
119,236,0.0,0.0014906446
119,237,0.0,0.0019986494
119,238,0.0,0.0027809697
119,239,0.0,0.0016269144
119,240,0.0,0.0031982227
119,241,0.0,0.0025779442
119,242,0.17755723497781,0.0028182007
119,243,0.0,0.0024864194
119,244,0.0,0.002452162
119,245,0.0,0.0014737602
119,246,0.0,0.0026139715
119,247,0.0,0.0015878878
119,248,0.0,0.002507017
119,249,0.0,0.0033198781
119,250,0.0,0.0017183451
119,251,0.172085488009873,0.0015046704
119,252,0.0,0.0020474046
119,253,0.0,0.0031719017
119,254,0.0,0.002269986
119,255,0.0,0.0023765625
119,256,0.0,0.0025506243
119,257,0.0,0.0027758717
119,258,0.0,0.0022773654
119,259,0.0,0.0022583455
119,260,0.0,0.0031587598
119,261,0.170400512319169,0.0019015465
119,262,0.0,0.0023514936
119,263,-0.159553408546924,0.002424494
119,264,0.0,0.0030743745
119,265,0.0,0.0025272416
119,266,0.0,0.002260888
119,267,0.0,0.0035239896
119,268,0.0,0.0015574349
120,1,0.0,0.0019553453
120,2,-0.169594854873534,0.0023963568
120,3,0.0,0.0026613632
120,4,0.0,0.0015912312
120,5,0.0,0.0025736848
120,6,0.0,0.0023427173
120,7,0.0,0.0014979057
120,8,0.158648264317252,0.0019394788
120,9,0.157984711666807,0.0024984274
120,10,0.0,0.0026235622
120,11,0.0,0.0028610374
120,12,-0.156447009045672,0.0024102996
120,13,0.0,0.002006006
120,14,0.0,0.0027307277
120,15,0.0,0.002611089
120,16,0.0,0.0018766811
120,17,0.0,0.0025228057
120,18,0.0,0.0024605272
120,19,0.0,0.0023379163
120,20,0.0,0.0033619525
120,21,0.0,0.0017397348
120,22,0.178901741923243,0.0022964817
120,23,0.0,0.003482333
120,24,0.0,0.002786518
120,25,0.0,0.0026146611
120,26,0.0,0.0027672737
120,27,0.0,0.002200393
120,28,0.0,0.0017417152
120,29,0.0,0.0014608935
120,30,0.169798267973813,0.0023447708
120,31,0.0,0.0024317019
120,32,0.0,0.001983047
120,33,0.0,0.0021256106
120,34,0.0,0.0030005816
120,35,0.0,0.0024154787
120,36,0.0,0.0030063866
120,37,0.0,0.0028038132
120,38,0.0,0.0023276065
120,39,0.0,0.00247805
120,40,0.0,0.002534049
120,41,0.0,0.0024310104
120,42,0.0,0.002534015
120,43,0.0,0.0022746227
120,44,0.0,0.003548306
120,45,-0.165998546453484,0.0020405035
120,46,0.0,0.0024500946
120,47,0.0,0.0030355272
120,48,0.0,0.0023573982
120,49,0.0,0.0032866225
120,50,0.0,0.0023873718
120,51,0.0,0.0025508371
120,52,0.0,0.0025736685
120,53,0.0,0.0023424895
120,54,0.0,0.0016955435
120,55,0.0,0.0027438928
120,56,0.0,0.0018571075
120,57,0.0,0.0018172502
120,58,0.0,0.0024519633
120,59,0.167931932783591,0.001773675
120,60,0.0,0.0018429626
120,61,0.0,0.0023380974
120,62,0.0,0.0024171253
120,63,-0.163418045637794,0.002646295
120,64,0.0,0.0014944137
120,65,0.0,0.0027196808
120,66,0.0,0.002277588
120,67,0.0,0.002199972
120,68,0.0,0.0028471122
120,69,0.0,0.0023839786
120,70,0.0,0.002097446
120,71,0.0,0.003565047
120,72,0.0,0.0035473197
120,73,0.172811960679866,0.0022921693
120,74,0.0,0.0022004507
120,75,0.0,0.0017103646
120,76,0.0,0.0016059992
120,77,0.0,0.0016666176
120,78,0.0,0.0023837588
120,79,0.0,0.003080023
120,80,0.0,0.0014757272
120,81,0.0,0.0023056278
120,82,0.0,0.002966185
120,83,0.0,0.0023079715
120,84,0.0,0.002291744
120,85,0.0,0.0014783209
120,86,0.0,0.0014761244
120,87,0.174407705754539,0.0024215304
120,88,0.0,0.0023668427
120,89,-0.159821563835797,0.001897003
120,90,0.0,0.0036332682
120,91,0.0,0.0030706218
120,92,0.0,0.0036301478
120,93,0.161902138037251,0.0020388123
120,94,0.162951893859796,0.0018378552
120,95,0.0,0.002406523
120,96,0.0,0.0034015416
120,97,0.166915060367568,0.0023269872
120,98,0.0,0.0027001179
120,99,0.0,0.0016077519
120,100,0.0,0.0024703909
120,101,0.0,0.0019967034
120,102,0.161215193967596,0.003365513
120,103,0.0,0.0026764874
120,104,0.0,0.0023363233
120,105,0.0,0.0027624792
120,106,-0.172161311806464,0.0017645755
120,107,0.0,0.0026236149
120,108,0.174071476957883,0.0027779383
120,109,0.0,0.0025047665
120,110,0.0,0.0028733942
120,111,0.0,0.0027001644
120,112,0.0,0.002058526
120,113,0.0,0.002203741
120,114,0.0,0.0027769879
120,115,0.0,0.0020668516
120,116,0.0,0.0026458655
120,117,0.0,0.0030826214
120,118,0.0,0.0020610434
120,119,0.0,0.0014724969
120,120,0.0,0.030703487
120,121,0.0,0.001970109
120,122,0.0,0.0029429984
120,123,0.0,0.0025823284
120,124,0.0,0.0026315046
120,125,0.0,0.0027295095
120,126,0.0,0.0023456626
120,127,0.0,0.001811293
120,128,0.0,0.0031090048
120,129,0.0,0.0033374163
120,130,0.0,0.0023966278
120,131,0.0,0.0024664034
120,132,0.0,0.002426641
120,133,-0.152686994583082,0.0024271356
120,134,0.0,0.0027616662
120,135,0.0,0.0026422325
120,136,0.0,0.0024366076
120,137,0.0,0.0018260805
120,138,0.16281238993468,0.002837943
120,139,0.0,0.0022181491
120,140,0.0,0.0014669504
120,141,0.0,0.0027718754
120,142,0.0,0.0016346555
120,143,0.0,0.002342767
120,144,0.0,0.002527004
120,145,0.0,0.0032390314
120,146,0.0,0.0014831526
120,147,0.0,0.0015547387
120,148,0.0,0.0033713826
120,149,0.0,0.0015760073
120,150,0.0,0.0034439703
120,151,0.0,0.0027823453
120,152,0.0,0.0024272404
120,153,0.149242501569219,0.0016689394
120,154,0.0,0.0019128709
120,155,0.150049348358842,0.0018684813
120,156,0.0,0.0023085312
120,157,0.0,0.0026787622
120,158,0.0,0.0020922092
120,159,0.0,0.0018354906
120,160,0.0,0.0025990685
120,161,0.0,0.001998105
120,162,0.0,0.0031379582
120,163,0.0,0.0024409946
120,164,0.0,0.0021820255
120,165,0.0,0.0027880515
120,166,0.0,0.0026129722
120,167,0.0,0.0023257853
120,168,0.148851016792413,0.0022560116
120,169,0.0,0.0014978726
120,170,0.0,0.0023542386
120,171,0.0,0.0034285705
120,172,0.0,0.0032273484
120,173,0.0,0.0020315317
120,174,0.0,0.0021204278
120,175,0.0,0.002093539
120,176,0.0,0.0018726834
120,177,0.0,0.003600622
120,178,0.0,0.0027426323
120,179,0.0,0.002709025
120,180,0.0,0.0023308313
120,181,0.0,0.0026293653
120,182,0.0,0.0019056094
120,183,0.0,0.0016840808
120,184,0.0,0.0014736392
120,185,0.0,0.0023758006
120,186,0.0,0.0020133033
120,187,0.0,0.002412409
120,188,0.0,0.0027838792
120,189,0.0,0.0024232254
120,190,0.0,0.0030611772
120,191,0.0,0.0020135324
120,192,0.0,0.0025486248
120,193,0.0,0.001708325
120,194,0.0,0.003034051
120,195,0.147505917261559,0.0030146432
120,196,0.0,0.0026387703
120,197,0.0,0.0024921382
120,198,0.0,0.0025834893
120,199,0.0,0.0034578205
120,200,0.0,0.0024388297
120,201,0.0,0.0023137568
120,202,0.0,0.0018335246
120,203,0.0,0.0019731442
120,204,0.0,0.0015245932
120,205,0.0,0.0035238895
120,206,0.0,0.0023799576
120,207,0.0,0.003556949
120,208,0.0,0.0023761364
120,209,-0.144319785916362,0.0025022766
120,210,0.0,0.0036332975
120,211,-0.143410490685726,0.0027860831
120,212,0.0,0.002783975
120,213,0.0,0.0023115994
120,214,0.0,0.0014916398
120,215,0.0,0.0027954648
120,216,0.0,0.0030597062
120,217,0.0,0.0018409281
120,218,0.0,0.0031401794
120,219,0.0,0.0026760818
120,220,-0.154658533887628,0.002335514
120,221,0.0,0.0014973711
120,222,0.0,0.0028593135
120,223,0.158172947204147,0.0034766998
120,224,0.0,0.0017359513
120,225,0.0,0.0027764458
120,226,0.0,0.0023507508
120,227,0.0,0.003217626
120,228,0.0,0.0024670064
120,229,0.0,0.0036074612
120,230,0.0,0.0014780168
120,231,0.0,0.0016879579
120,232,0.0,0.0029221233
120,233,0.0,0.0027794312
120,234,0.0,0.0030683945
120,235,0.0,0.0027715988
120,236,0.0,0.00234963
120,237,0.0,0.001757347
120,238,0.0,0.0019025072
120,239,0.0,0.0016529439
120,240,0.0,0.003235103
120,241,0.0,0.0036276286
120,242,0.0,0.0032975515
120,243,0.0,0.0022325749
120,244,0.0,0.0026035984
120,245,0.0,0.0024099434
120,246,0.0,0.002823798
120,247,0.0,0.0018742434
120,248,0.0,0.0023181117
120,249,0.0,0.0024020104
120,250,0.0,0.0024394747
120,251,0.0,0.0023744782
120,252,0.0,0.0016577179
120,253,0.0,0.0027781194
120,254,0.0,0.0019639824
120,255,0.0,0.002237375
120,256,0.0,0.0023932029
120,257,0.0,0.002240568
120,258,0.0,0.0026829354
120,259,0.0,0.0034957323
120,260,0.0,0.0025805035
120,261,0.0,0.0034151385
120,262,0.0,0.0027918322
120,263,0.0,0.0028353576
120,264,0.0,0.0026421738
120,265,0.0,0.0024335403
120,266,0.0,0.002349669
120,267,0.0,0.0021567764
120,268,0.0,0.0027806358
121,1,0.0,0.0022977786
121,2,0.0,0.003154526
121,3,0.15111408477932,0.002576794
121,4,0.0,0.0022802986
121,5,0.0,0.0022395272
121,6,0.0,0.0022521378
121,7,0.0,0.0016130903
121,8,0.0,0.0025642226
121,9,0.0,0.0030450732
121,10,0.0,0.0019862982
121,11,0.0,0.0014785351
121,12,0.0,0.002242752
121,13,0.0,0.00206128
121,14,0.0,0.002234952
121,15,0.0,0.0015268694
121,16,0.0,0.0016421597
121,17,0.0,0.0026858402
121,18,0.0,0.0020434884
121,19,0.0,0.002465738
121,20,0.137092455448386,0.0017227824
121,21,0.0,0.002717671
121,22,0.0,0.0020387815
121,23,0.0,0.0020047291
121,24,-0.134510399464632,0.0023117377
121,25,0.0,0.0024292795
121,26,0.0,0.001967663
121,27,0.0,0.0016540317
121,28,0.0,0.0016399724
121,29,0.0,0.002230009
121,30,0.0,0.0023099831
121,31,0.0,0.0032452615
121,32,0.0,0.001631875
121,33,0.0,0.0027677007
121,34,0.0,0.0018054931
121,35,-0.14338818916551,0.0024362141
121,36,0.0,0.0033923397
121,37,0.0,0.0042697517
121,38,0.0,0.0021824855
121,39,0.0,0.0029863836
121,40,0.0,0.0035348637
121,41,0.0,0.0017964263
121,42,0.0,0.0035283342
121,43,-0.144978268086138,0.0026282957
121,44,0.0,0.0017174766
121,45,0.0,0.002753037
121,46,0.0,0.0035129255
121,47,0.0,0.0015315893
121,48,0.0,0.0035455637
121,49,0.0,0.0016894694
121,50,0.0,0.0025574155
121,51,0.0,0.0014857291
121,52,0.0,0.002577121
121,53,0.0,0.0024735434
121,54,0.0,0.0017087245
121,55,0.0,0.0029862341
121,56,0.0,0.00277969
121,57,0.0,0.0015173061
121,58,0.0,0.0030057393
121,59,0.0,0.0018064654
121,60,0.0,0.0021002884
121,61,0.0,0.0015005725
121,62,0.0,0.0036140797
121,63,0.0,0.0035103224
121,64,0.0,0.0016085757
121,65,0.0,0.002248501
121,66,0.0,0.00225162
121,67,0.0,0.0014739875
121,68,0.0,0.0025576302
121,69,0.0,0.0017519714
121,70,0.0,0.0016516321
121,71,0.0,0.0025849333
121,72,0.0,0.0017219367
121,73,-0.1529543484426,0.0021021813
121,74,0.0,0.0017064102
121,75,0.0,0.002004616
121,76,0.0,0.0016970928
121,77,0.0,0.0018122899
121,78,0.0,0.0017731562
121,79,0.0,0.0022062059
121,80,0.0,0.0023532752
121,81,0.0,0.0026052804
121,82,0.143900223364276,0.0031075124
121,83,0.0,0.0035122707
121,84,0.0,0.0015753652
121,85,0.0,0.0024623708
121,86,0.0,0.0017001689
121,87,0.0,0.0014971262
121,88,0.0,0.002271838
121,89,0.0,0.002654157
121,90,0.0,0.0016530948
121,91,0.0,0.002436887
121,92,0.0,0.0015786598
121,93,0.143298160251919,0.0022872617
121,94,0.0,0.0024740198
121,95,0.0,0.0017240751
121,96,0.0,0.0017155539
121,97,0.0,0.0030462183
121,98,0.0,0.002282085
121,99,0.0,0.0015937649
121,100,0.0,0.0014763973
121,101,0.0,0.0022301031
121,102,0.0,0.0025186157
121,103,0.0,0.0017359713
121,104,0.0,0.0029349932
121,105,0.0,0.0017507658
121,106,0.0,0.003053362
121,107,0.0,0.0016616969
121,108,0.0,0.0025514364
121,109,0.152098436834115,0.0020207278
121,110,0.0,0.0014643241
121,111,0.0,0.002104594
121,112,0.0,0.0016716807
121,113,0.0,0.003170291
121,114,0.0,0.0014915648
121,115,0.0,0.00241871
121,116,0.0,0.001744011
121,117,0.0,0.0019822195
121,118,-0.140731716216228,0.003106459
121,119,0.0,0.0031522661
121,120,0.0,0.001970109
121,121,0.0,0.030703487
121,122,0.0,0.003556667
121,123,0.0,0.0024525733
121,124,0.0,0.0015656129
121,125,0.0,0.0015937537
121,126,-0.144897606974991,0.0025653741
121,127,0.0,0.0043525817
121,128,0.0,0.002787096
121,129,0.0,0.0027829097
121,130,0.0,0.0024774359
121,131,0.0,0.002280028
121,132,0.0,0.0017938442
121,133,0.0,0.0025477624
121,134,0.0,0.0017131255
121,135,0.0,0.0033035995
121,136,0.0,0.0019798633
121,137,0.0,0.0025573554
121,138,0.0,0.0034502423
121,139,0.0,0.002547502
121,140,0.0,0.0023840568
121,141,0.0,0.0014781896
121,142,-0.140808538077327,0.0018157507
121,143,0.0,0.0016423399
121,144,0.0,0.0019750656
121,145,0.0,0.0017181532
121,146,0.0,0.0026094876
121,147,0.0,0.0015159184
121,148,0.0,0.0023589157
121,149,0.0,0.0017226273
121,150,0.0,0.0014769407
121,151,0.0,0.0036023268
121,152,0.0,0.002702191
121,153,-0.149255273671711,0.003236841
121,154,0.0,0.0014638635
121,155,0.0,0.00203978
121,156,0.0,0.0022768374
121,157,0.0,0.0027770298
121,158,0.0,0.0023820177
121,159,0.0,0.0027484125
121,160,0.0,0.002757194
121,161,0.0,0.0015864098
121,162,0.0,0.0014875829
121,163,0.151064630173216,0.0024556527
121,164,0.0,0.0018594847
121,165,0.0,0.001471322
121,166,0.0,0.0022804774
121,167,0.0,0.0022844886
121,168,0.0,0.002114689
121,169,0.0,0.0016561607
121,170,0.0,0.0022666007
121,171,0.0,0.003394072
121,172,0.0,0.002264469
121,173,0.0,0.0022731172
121,174,0.0,0.0027388167
121,175,0.0,0.0015494609
121,176,0.0,0.0015031788
121,177,0.0,0.0030831099
121,178,0.0,0.0024598902
121,179,0.0,0.0027458495
121,180,0.0,0.0025501377
121,181,0.0,0.0026418106
121,182,0.0,0.0017099646
121,183,0.0,0.0014939248
121,184,0.0,0.0015381752
121,185,0.0,0.0035877381
121,186,-0.149631570540519,0.0015574098
121,187,-0.154767057011186,0.002513416
121,188,0.0,0.0018991027
121,189,0.0,0.001623122
121,190,0.152860458972126,0.0017337617
121,191,0.0,0.0020474447
121,192,0.0,0.0028863624
121,193,0.0,0.0015523871
121,194,0.0,0.0027478817
121,195,0.0,0.0027659587
121,196,0.0,0.0017086407
121,197,-0.14091450791653,0.001650874
121,198,0.0,0.0018600137
121,199,0.161879762278939,0.0022143857
121,200,0.0,0.0021159947
121,201,0.0,0.0022166688
121,202,0.0,0.0021191947
121,203,0.0,0.002304134
121,204,0.0,0.002676745
121,205,0.0,0.0015118928
121,206,0.0,0.0027677394
121,207,0.0,0.003555304
121,208,0.0,0.0029108939
121,209,0.0,0.0025833617
121,210,0.0,0.0023736353
121,211,0.0,0.0031410796
121,212,0.0,0.0014871345
121,213,0.0,0.0021180166
121,214,0.0,0.002966493
121,215,0.0,0.0031265453
121,216,0.0,0.0032433532
121,217,0.0,0.0021671522
121,218,0.152737325530479,0.0015688138
121,219,0.0,0.0031865742
121,220,0.0,0.0023474437
121,221,0.0,0.0026819985
121,222,0.0,0.0014713826
121,223,0.0,0.0023843423
121,224,-0.149916150285328,0.0024828142
121,225,0.0,0.0016006511
121,226,0.0,0.0016378667
121,227,0.0,0.0028726985
121,228,0.0,0.0014920225
121,229,0.162478676899707,0.0026155077
121,230,0.0,0.002273397
121,231,0.0,0.0020428752
121,232,0.0,0.0027625016
121,233,0.0,0.0019105654
121,234,0.0,0.0027804305
121,235,0.0,0.0030709463
121,236,0.0,0.0015359363
121,237,0.0,0.0027837525
121,238,0.0,0.0014886269
121,239,0.0,0.0014841659
121,240,0.0,0.0033997605
121,241,0.0,0.0015953076
121,242,0.0,0.001483873
121,243,0.144758588276546,0.0026611271
121,244,0.0,0.0029483358
121,245,0.0,0.002650268
121,246,0.0,0.0022349958
121,247,0.148078830240678,0.0019327765
121,248,0.151019199513331,0.0025545307
121,249,0.0,0.0014902717
121,250,0.0,0.0022026445
121,251,0.0,0.0014886609
121,252,0.0,0.001944874
121,253,0.0,0.0033318535
121,254,0.0,0.0014772383
121,255,0.0,0.0014991332
121,256,0.0,0.0022394876
121,257,0.0,0.003149291
121,258,0.0,0.0034848647
121,259,0.0,0.0026833802
121,260,0.0,0.0017275019
121,261,0.0,0.002960761
121,262,0.0,0.0014756182
121,263,-0.138877594151545,0.0022726068
121,264,-0.138087661495398,0.003459306
121,265,0.0,0.0026484584
121,266,0.0,0.002067638
121,267,0.0,0.0030257753
121,268,0.0,0.0018737977
122,1,0.0,0.002198514
122,2,0.0,0.0017297212
122,3,0.0,0.0017381427
122,4,0.0,0.002787874
122,5,0.0,0.0036316095
122,6,0.0,0.0031278408
122,7,0.0,0.0023893295
122,8,0.0,0.0024832436
122,9,0.0,0.0025943737
122,10,0.0,0.00252843
122,11,0.0,0.0027080807
122,12,0.0,0.00250705
122,13,0.0,0.002313938
122,14,0.139137005583859,0.0027388642
122,15,0.0,0.0031542745
122,16,0.0,0.0016210461
122,17,0.0,0.0034113391
122,18,0.0,0.002672723
122,19,0.0,0.0027487264
122,20,0.0,0.0016745212
122,21,0.0,0.0025431677
122,22,0.0,0.003191004
122,23,0.0,0.0025347513
122,24,0.0,0.0023905938
122,25,0.0,0.0030583264
122,26,0.0,0.0032010172
122,27,0.0,0.0019887243
122,28,0.0,0.0016515558
122,29,0.0,0.0021022102
122,30,0.0,0.0024445895
122,31,0.0,0.003501623
122,32,0.143427740484374,0.0027696104
122,33,0.0,0.0032169265
122,34,0.0,0.002360125
122,35,0.0,0.0035557393
122,36,0.0,0.0015481049
122,37,0.0,0.0021789852
122,38,0.0,0.0024161977
122,39,0.0,0.0024254196
122,40,0.0,0.0026808372
122,41,0.0,0.0027570305
122,42,0.140954714784008,0.0036117532
122,43,0.0,0.0017938484
122,44,0.0,0.0014992971
122,45,0.0,0.002683123
122,46,0.0,0.0023270664
122,47,0.0,0.002589548
122,48,-0.138897180067608,0.0015101763
122,49,-0.137362753910124,0.0027941535
122,50,0.0,0.0022311383
122,51,0.151293329674472,0.0025517014
122,52,0.0,0.002097838
122,53,0.0,0.001876886
122,54,0.0,0.0033724103
122,55,0.0,0.0022720294
122,56,0.0,0.0028470922
122,57,0.0,0.0034534922
122,58,0.0,0.0032417206
122,59,0.152082565561785,0.0027157972
122,60,0.0,0.0023970543
122,61,0.0,0.0027053272
122,62,0.0,0.0027661528
122,63,0.0,0.0027840408
122,64,0.0,0.00235858
122,65,0.0,0.0025853794
122,66,0.0,0.0026388397
122,67,0.0,0.0014935895
122,68,0.0,0.002809235
122,69,0.0,0.0015392108
122,70,0.0,0.0023888391
122,71,0.0,0.0014692293
122,72,0.0,0.0029027588
122,73,0.0,0.0031025358
122,74,-0.146108807620068,0.0026296233
122,75,0.0,0.0024987906
122,76,0.0,0.002653052
122,77,-0.150647164690083,0.0014913338
122,78,0.0,0.0034465343
122,79,0.0,0.0035543353
122,80,0.0,0.0026367763
122,81,0.0,0.0025789333
122,82,0.0,0.0015508784
122,83,0.0,0.0027855225
122,84,0.0,0.0033836197
122,85,0.0,0.0018907543
122,86,0.0,0.0028383322
122,87,0.0,0.0035843374
122,88,0.0,0.002997336
122,89,0.0,0.0024980558
122,90,0.153381625315979,0.0025910633
122,91,0.0,0.0027773357
122,92,0.0,0.0014785323
122,93,0.0,0.0024259905
122,94,0.0,0.0014883298
122,95,0.0,0.0027808687
122,96,0.0,0.0026584049
122,97,-0.151161665270135,0.0019377079
122,98,0.132525700352849,0.0023423652
122,99,0.0,0.0018766383
122,100,0.0,0.002440543
122,101,0.0,0.002044951
122,102,0.0,0.0023052865
122,103,-0.160940906591233,0.0026351777
122,104,0.0,0.0030936794
122,105,0.0,0.0017505116
122,106,0.0,0.002384826
122,107,0.0,0.0024810978
122,108,-0.157642661333501,0.0025253464
122,109,0.0,0.0015110448
122,110,0.0,0.0025264635
122,111,0.0,0.002781813
122,112,0.0,0.002614575
122,113,0.0,0.0024686842
122,114,0.0,0.0027831243
122,115,0.0,0.003573866
122,116,0.0,0.0016877884
122,117,0.0,0.0029305853
122,118,0.0,0.0026232614
122,119,0.0,0.00313626
122,120,0.0,0.0029429984
122,121,0.0,0.003556667
122,122,0.0,0.030703487
122,123,0.0,0.0014927201
122,124,0.0,0.0024752575
122,125,0.0,0.0026286873
122,126,0.0,0.0023120502
122,127,0.0,0.0023190482
122,128,0.0,0.0024566725
122,129,0.150854845768927,0.0017388863
122,130,0.0,0.0020771953
122,131,0.0,0.0025531743
122,132,0.0,0.0018266207
122,133,0.0,0.0026924363
122,134,0.0,0.0028717471
122,135,0.0,0.0021508713
122,136,0.0,0.0021466361
122,137,0.0,0.0035405103
122,138,0.0,0.003631569
122,139,0.0,0.003510971
122,140,0.0,0.0019489396
122,141,0.0,0.0025480473
122,142,0.0,0.003232033
122,143,-0.149615146306024,0.0015544589
122,144,0.0,0.0034582764
122,145,0.0,0.002912826
122,146,0.0,0.0020965668
122,147,-0.15463608369981,0.0025520697
122,148,0.0,0.003339224
122,149,0.0,0.0035056686
122,150,0.0,0.0017197668
122,151,0.0,0.0020652954
122,152,0.0,0.0022510355
122,153,-0.15419702893153,0.002613321
122,154,0.0,0.0018264162
122,155,0.0,0.0016167806
122,156,0.0,0.0021727858
122,157,0.0,0.002011361
122,158,0.0,0.00332464
122,159,0.0,0.0024700798
122,160,0.0,0.0028143488
122,161,-0.143429437671206,0.0018606768
122,162,0.0,0.0018074997
122,163,0.156066292173938,0.002169088
122,164,0.0,0.0026115375
122,165,0.0,0.0034889095
122,166,0.0,0.0023628417
122,167,0.0,0.0025644973
122,168,0.0,0.0035742833
122,169,0.0,0.0029546544
122,170,0.0,0.0026867404
122,171,0.0,0.0032864814
122,172,0.0,0.0022593476
122,173,0.0,0.002317228
122,174,0.0,0.0023214421
122,175,0.0,0.0026137102
122,176,0.0,0.0032254555
122,177,0.0,0.0022635744
122,178,0.0,0.0022446755
122,179,0.0,0.0024603605
122,180,0.0,0.0016940567
122,181,0.0,0.002072242
122,182,0.0,0.002411116
122,183,0.0,0.003105043
122,184,0.0,0.0036185756
122,185,0.0,0.0017950237
122,186,-0.154585784770697,0.002548147
122,187,0.0,0.0014959658
122,188,0.0,0.0036242623
122,189,0.0,0.0027826359
122,190,0.0,0.0023498237
122,191,0.0,0.0025515938
122,192,0.0,0.0017410796
122,193,0.0,0.0016395207
122,194,0.0,0.0027115704
122,195,0.0,0.0022682697
122,196,0.0,0.0014783852
122,197,0.0,0.0019447892
122,198,0.0,0.0036172965
122,199,0.0,0.0014931159
122,200,-0.147272961552922,0.0027480996
122,201,0.0,0.0019241814
122,202,0.0,0.0027951165
122,203,0.0,0.0017578397
122,204,0.0,0.0023297071
122,205,0.0,0.0018317592
122,206,0.0,0.0022529196
122,207,0.0,0.0017944053
122,208,0.0,0.002664905
122,209,0.0,0.0026848922
122,210,0.0,0.0031834329
122,211,0.0,0.0036216443
122,212,0.0,0.0023639463
122,213,0.0,0.00348977
122,214,0.0,0.0032026288
122,215,0.0,0.002467326
122,216,0.0,0.003187451
122,217,0.0,0.0035541528
122,218,0.0,0.0027682772
122,219,0.163149981322318,0.0018989644
122,220,0.0,0.0016590338
122,221,0.0,0.0014830348
122,222,0.158775594783688,0.0027739876
122,223,0.0,0.0026550107
122,224,0.0,0.002538757
122,225,0.0,0.003038541
122,226,0.0,0.0026593595
122,227,0.0,0.0018069032
122,228,0.0,0.0023059845
122,229,0.0,0.0022689863
122,230,0.0,0.002916559
122,231,0.0,0.0025907853
122,232,0.0,0.0018737037
122,233,0.0,0.0016280198
122,234,0.0,0.0020548874
122,235,0.0,0.0024008052
122,236,0.0,0.0014887825
122,237,0.0,0.0036028577
122,238,0.0,0.0026151477
122,239,0.0,0.0032352596
122,240,0.0,0.0020985296
122,241,0.0,0.0025519445
122,242,0.0,0.0024060113
122,243,0.0,0.0022851112
122,244,0.152096947495051,0.0026771137
122,245,0.0,0.0020743748
122,246,0.0,0.0035257763
122,247,0.152981634143066,0.0023032022
122,248,0.0,0.002378665
122,249,0.0,0.002486622
122,250,0.0,0.0023440323
122,251,0.0,0.0017394577
122,252,0.0,0.0027633957
122,253,0.0,0.0018909499
122,254,0.0,0.0027883067
122,255,0.0,0.0035238606
122,256,0.0,0.0024171444
122,257,0.0,0.0027843844
122,258,0.0,0.0031122286
122,259,0.0,0.0035465378
122,260,0.0,0.003409016
122,261,0.0,0.0024084998
122,262,0.0,0.0023112376
122,263,0.0,0.002207789
122,264,0.0,0.0019457988
122,265,0.0,0.002330379
122,266,0.0,0.0027269833
122,267,0.155468303958748,0.0019673235
122,268,0.158614343272866,0.0026156125
123,1,0.0,0.0024896706
123,2,0.0,0.0024932404
123,3,0.0,0.0025073104
123,4,0.0,0.002625632
123,5,0.0,0.0024235412
123,6,0.0,0.0025434615
123,7,0.0,0.0017151497
123,8,0.143790718516273,0.0027531576
123,9,0.0,0.002917266
123,10,0.0,0.0035924963
123,11,0.0,0.0024075704
123,12,0.0,0.002004174
123,13,0.0,0.0020902972
123,14,0.0,0.0034048413
123,15,0.0,0.0016562464
123,16,0.0,0.0025476534
123,17,-0.154266313207886,0.0022873129
123,18,0.0,0.0025376612
123,19,0.0,0.0019926224
123,20,0.0,0.0027853604
123,21,-0.148263848568999,0.0025334824
123,22,0.0,0.0034526368
123,23,0.14787619130703,0.0027538612
123,24,0.0,0.0016665184
123,25,0.0,0.0026257806
123,26,0.0,0.0023476593
123,27,0.0,0.00234093
123,28,0.0,0.0014929888
123,29,0.0,0.0025772522
123,30,0.0,0.0021423232
123,31,0.0,0.0034767403
123,32,-0.143543172894206,0.0019470253
123,33,0.0,0.0027822186
123,34,0.0,0.002414866
123,35,0.0,0.003040359
123,36,0.0,0.003506991
123,37,0.0,0.0019059307
123,38,0.0,0.0034311353
123,39,0.0,0.002590904
123,40,0.0,0.0014919182
123,41,0.0,0.002129301
123,42,0.0,0.0019215452
123,43,0.0,0.0022061258
123,44,0.0,0.0014892812
123,45,0.0,0.0015536081
123,46,0.0,0.002639458
123,47,0.0,0.0023195539
123,48,0.0,0.0020936346
123,49,0.0,0.0027203797
123,50,-0.143987511402947,0.0023683328
123,51,0.0,0.003256551
123,52,0.0,0.0020108004
123,53,0.0,0.0018511699
123,54,0.0,0.0024453541
123,55,0.0,0.003078333
123,56,0.0,0.0032695965
123,57,0.0,0.0036146692
123,58,0.0,0.0029962934
123,59,0.0,0.0015072478
123,60,0.0,0.0029079271
123,61,0.0,0.002725582
123,62,0.0,0.0019016326
123,63,0.0,0.0019328762
123,64,0.156691278471274,0.0027274527
123,65,0.0,0.0025748312
123,66,0.0,0.0018126112
123,67,0.0,0.0020467346
123,68,0.0,0.0028762342
123,69,0.0,0.0024916148
123,70,0.0,0.0026135277
123,71,0.0,0.0024588676
123,72,0.0,0.0020637992
123,73,0.0,0.0034689275
123,74,0.0,0.0026315814
123,75,0.0,0.002168363
123,76,0.0,0.003291641
123,77,0.0,0.002683776
123,78,0.138776526924297,0.0024603675
123,79,-0.165354590315322,0.002676088
123,80,0.0,0.0026029218
123,81,0.151189968315751,0.002530544
123,82,0.0,0.0023102053
123,83,0.0,0.0025905878
123,84,0.0,0.0023842058
123,85,0.0,0.0021618442
123,86,0.0,0.0025188844
123,87,0.0,0.0028072358
123,88,0.0,0.0016664998
123,89,0.0,0.0027672495
123,90,0.0,0.0021464406
123,91,0.0,0.0031367922
123,92,0.0,0.003240169
123,93,0.0,0.0025878018
123,94,0.0,0.003035312
123,95,0.0,0.002261111
123,96,0.0,0.0033003218
123,97,0.0,0.0016996167
123,98,0.0,0.0031607868
123,99,0.0,0.002551897
123,100,0.0,0.0015843264
123,101,0.0,0.002039913
123,102,0.0,0.0020873481
123,103,0.0,0.002081843
123,104,0.0,0.0035797008
123,105,0.0,0.0018029213
123,106,0.0,0.0024810028
123,107,0.0,0.0025780685
123,108,0.0,0.0023696437
123,109,0.0,0.002774708
123,110,0.0,0.0025269524
123,111,0.0,0.002594262
123,112,0.0,0.0018493352
123,113,0.0,0.0025141183
123,114,0.0,0.001606537
123,115,0.0,0.002422682
123,116,0.0,0.0017189663
123,117,0.0,0.0021048891
123,118,0.0,0.0035564573
123,119,0.0,0.0019655675
123,120,0.0,0.0025823284
123,121,0.0,0.0024525733
123,122,0.0,0.0014927201
123,123,0.0,0.030703487
123,124,0.0,0.002592084
123,125,0.0,0.0022786735
123,126,0.0,0.0023694066
123,127,0.0,0.0025924346
123,128,0.0,0.0030354708
123,129,0.0,0.0016010785
123,130,0.0,0.0024232492
123,131,0.0,0.0016375487
123,132,0.0,0.0015749745
123,133,0.0,0.00302131
123,134,0.0,0.0016281195
123,135,0.0,0.0022397335
123,136,0.0,0.0018072063
123,137,0.0,0.0026463512
123,138,0.0,0.0027701529
123,139,0.0,0.0024686893
123,140,0.0,0.0023330566
123,141,0.0,0.002338685
123,142,0.0,0.0025892165
123,143,0.0,0.001668266
123,144,0.0,0.003054398
123,145,0.0,0.0032714284
123,146,0.0,0.0014777887
123,147,0.0,0.0027170712
123,148,0.0,0.0023801848
123,149,0.0,0.0030550603
123,150,0.0,0.0014824118
123,151,0.0,0.0023459294
123,152,0.0,0.0023259083
123,153,0.0,0.002682778
123,154,0.0,0.0034966962
123,155,0.0,0.002607253
123,156,0.0,0.0022419873
123,157,0.0,0.0020489218
123,158,0.0,0.0033690576
123,159,0.0,0.0016127564
123,160,-0.147456594877496,0.0014942815
123,161,0.0,0.0024330872
123,162,0.0,0.001520671
123,163,0.0,0.0021169134
123,164,0.0,0.0016924231
123,165,-0.149101163371648,0.0020942288
123,166,0.0,0.0025495328
123,167,0.0,0.0018610172
123,168,0.0,0.0024384563
123,169,0.0,0.0025110827
123,170,0.0,0.0028506876
123,171,-0.154262016136283,0.0034992448
123,172,0.0,0.0035149688
123,173,0.0,0.0029787226
123,174,0.0,0.0020789253
123,175,0.0,0.0024355557
123,176,0.0,0.0023252326
123,177,0.0,0.002535163
123,178,0.140613243770616,0.002773438
123,179,0.0,0.0025810143
123,180,0.0,0.0032594549
123,181,0.0,0.0019580475
123,182,0.0,0.0023455424
123,183,0.145617831135813,0.0015314855
123,184,0.0,0.0017422047
123,185,0.0,0.0018573105
123,186,0.0,0.0021396629
123,187,0.0,0.0035598557
123,188,0.0,0.003107932
123,189,0.0,0.0017010532
123,190,0.0,0.0025001937
123,191,0.0,0.0025643772
123,192,0.0,0.0025793482
123,193,-0.136480883634909,0.0025687404
123,194,0.0,0.0028971643
123,195,0.0,0.0016243812
123,196,0.0,0.0016049924
123,197,0.0,0.0020562373
123,198,0.135472905458888,0.0019327304
123,199,0.0,0.0026135049
123,200,0.0,0.002443369
123,201,0.0,0.0027778898
123,202,0.0,0.0016271467
123,203,0.0,0.002187321
123,204,0.0,0.0019205827
123,205,0.0,0.0027276413
123,206,0.0,0.0023547057
123,207,0.0,0.0023910603
123,208,0.0,0.0020616003
123,209,0.0,0.0016337554
123,210,0.0,0.0025856835
123,211,0.0,0.0024027075
123,212,0.0,0.0024498603
123,213,0.0,0.0033377823
123,214,0.0,0.0018192763
123,215,0.0,0.002536832
123,216,0.0,0.0023892946
123,217,0.0,0.0027362867
123,218,0.0,0.0016948334
123,219,0.0,0.002771067
123,220,0.0,0.0016827728
123,221,0.0,0.001968864
123,222,0.0,0.0023612012
123,223,0.0,0.002624984
123,224,0.0,0.0022529205
123,225,0.0,0.002669244
123,226,0.0,0.0028035152
123,227,0.0,0.0029646158
123,228,0.0,0.0014597415
123,229,0.0,0.003116406
123,230,0.0,0.0025098505
123,231,0.0,0.0027399124
123,232,0.0,0.0014830097
123,233,0.0,0.0026461445
123,234,0.0,0.0023228438
123,235,0.0,0.0024040681
123,236,0.0,0.002056762
123,237,0.0,0.0024766196
123,238,0.0,0.0015813797
123,239,0.0,0.002274551
123,240,0.143251471908328,0.0026393584
123,241,0.0,0.0027639577
123,242,0.0,0.0018881904
123,243,0.0,0.0027639545
123,244,0.0,0.0027813828
123,245,-0.142668839532283,0.0017931536
123,246,0.0,0.0019003223
123,247,0.0,0.0018975316
123,248,0.0,0.001992072
123,249,0.0,0.0017129472
123,250,0.0,0.0015128665
123,251,0.0,0.00232307
123,252,0.0,0.0025261864
123,253,0.0,0.0023908056
123,254,0.0,0.0025300412
123,255,0.0,0.0023232526
123,256,0.0,0.0023292056
123,257,0.0,0.0025431928
123,258,0.0,0.0015709219
123,259,0.0,0.0023449142
123,260,0.0,0.0021238076
123,261,0.0,0.0035802945
123,262,0.0,0.0016450537
123,263,0.0,0.0021435274
123,264,0.0,0.0027851667
123,265,0.0,0.0025160378
123,266,0.0,0.0021263957
123,267,0.0,0.0020881947
123,268,0.0,0.002984479
124,1,0.0,0.0034906482
124,2,0.0,0.002366025
124,3,0.0,0.0014921986
124,4,0.0,0.002507131
124,5,0.0,0.0024027904
124,6,0.0,0.0025777058
124,7,0.0,0.0022361907
124,8,0.0,0.0030962816
124,9,0.0,0.0014939215
124,10,0.0,0.0030843024
124,11,-0.158902128708574,0.0030945851
124,12,0.0,0.00239219
124,13,0.0,0.0016969023
124,14,0.0,0.0014899531
124,15,0.0,0.002101291
124,16,0.0,0.0026404997
124,17,0.0,0.0027649254
124,18,0.0,0.0020282385
124,19,0.0,0.002312196
124,20,0.0,0.0024105767
124,21,0.0,0.002080772
124,22,0.0,0.0035852953
124,23,0.0,0.0027257646
124,24,0.0,0.0024502776
124,25,0.0,0.003385222
124,26,0.0,0.0027663582
124,27,-0.15089449992939,0.0015117517
124,28,0.0,0.0019683712
124,29,0.0,0.0017427579
124,30,0.0,0.002321119
124,31,0.0,0.0027703438
124,32,0.0,0.001945667
124,33,0.0,0.0026960624
124,34,0.0,0.0029226858
124,35,0.0,0.0016462575
124,36,0.0,0.002064778
124,37,0.0,0.0017373981
124,38,0.0,0.0020535002
124,39,0.0,0.0019947053
124,40,0.0,0.0025712955
124,41,0.0,0.0014923564
124,42,0.0,0.0020335442
124,43,0.0,0.0027139569
124,44,0.0,0.0033073062
124,45,0.0,0.0024223984
124,46,0.0,0.0034670872
124,47,0.0,0.0028300495
124,48,0.0,0.0014951085
124,49,0.0,0.002068433
124,50,0.0,0.0028362288
124,51,0.0,0.001537534
124,52,0.0,0.0031326949
124,53,0.0,0.002872603
124,54,0.0,0.0015836796
124,55,-0.160414643326293,0.0024228133
124,56,0.0,0.0024301652
124,57,0.0,0.0025146422
124,58,0.0,0.0034551169
124,59,0.0,0.002752929
124,60,0.146178426571396,0.0023400034
124,61,0.0,0.0015191911
124,62,0.0,0.0026904359
124,63,0.0,0.0027075084
124,64,0.0,0.0019154628
124,65,0.0,0.0014984077
124,66,0.0,0.0016851998
124,67,0.0,0.003439141
124,68,0.0,0.0018942775
124,69,0.0,0.0027607763
124,70,0.0,0.0023104693
124,71,0.0,0.002679566
124,72,0.0,0.0027483595
124,73,0.0,0.0035779537
124,74,0.0,0.002531055
124,75,0.0,0.003530804
124,76,0.0,0.0022055712
124,77,0.0,0.0016870634
124,78,0.0,0.0025859163
124,79,0.0,0.0021182112
124,80,0.0,0.0020364802
124,81,0.0,0.002629044
124,82,0.0,0.0019741543
124,83,0.0,0.0024401774
124,84,0.0,0.002531895
124,85,0.0,0.0025524236
124,86,0.0,0.0016311873
124,87,0.0,0.002091024
124,88,0.0,0.002442636
124,89,0.0,0.0025759083
124,90,0.0,0.0016255579
124,91,0.152955986114735,0.0025042747
124,92,0.0,0.0023476318
124,93,0.0,0.0030983407
124,94,0.0,0.0023107817
124,95,0.146810229496423,0.0025037094
124,96,0.0,0.0022188108
124,97,0.0,0.002575606
124,98,0.0,0.0018078866
124,99,0.0,0.0026594312
124,100,0.0,0.0026714718
124,101,0.0,0.0029537613
124,102,0.0,0.0025542555
124,103,0.0,0.0029792804
124,104,0.0,0.0026605688
124,105,0.0,0.0026648939
124,106,0.0,0.0026463661
124,107,0.0,0.0015894631
124,108,0.0,0.0023551024
124,109,0.0,0.0027534124
124,110,0.0,0.0014747372
124,111,0.0,0.0027804766
124,112,0.163011727000271,0.0015976988
124,113,0.0,0.0034066974
124,114,0.0,0.001478089
124,115,0.144463233957686,0.0026337425
124,116,0.0,0.0034549376
124,117,0.0,0.003568896
124,118,0.0,0.0027776915
124,119,0.0,0.0027619912
124,120,0.0,0.0026315046
124,121,0.0,0.0015656129
124,122,0.0,0.0024752575
124,123,-0.150475347152668,0.002592084
124,124,0.0,0.030703487
124,125,0.0,0.0024578413
124,126,-0.147727518626743,0.002934596
124,127,0.0,0.002780043
124,128,0.0,0.002387226
124,129,0.0,0.0020704893
124,130,0.0,0.0024307072
124,131,0.0,0.002104999
124,132,0.0,0.0018762262
124,133,0.0,0.0019477801
124,134,0.0,0.0017568516
124,135,0.0,0.0021309177
124,136,0.0,0.0035691536
124,137,0.0,0.0017841966
124,138,0.0,0.0014933236
124,139,0.0,0.0017475644
124,140,0.0,0.0014920179
124,141,0.0,0.0015182174
124,142,0.0,0.0031207744
124,143,0.0,0.0015239427
124,144,0.0,0.0014946731
124,145,0.0,0.0031477315
124,146,0.0,0.0026571313
124,147,0.0,0.0029857676
124,148,0.0,0.0025316235
124,149,0.146225939948866,0.0029025949
124,150,0.0,0.0014613434
124,151,0.145610613701092,0.0018645655
124,152,0.0,0.0024326667
124,153,0.0,0.0028091562
124,154,0.0,0.0024361978
124,155,0.0,0.0023512156
124,156,0.0,0.0035414253
124,157,0.0,0.002437438
124,158,0.0,0.002098747
124,159,0.0,0.0022260197
124,160,0.0,0.002764706
124,161,0.0,0.002645568
124,162,0.145146658837962,0.0014749039
124,163,0.0,0.003141638
124,164,0.0,0.002114107
124,165,0.0,0.003539279
124,166,0.0,0.0017464617
124,167,0.0,0.0025994508
124,168,0.15177112760246,0.0019672094
124,169,0.0,0.0017308583
124,170,0.0,0.002345989
124,171,0.0,0.0035566944
124,172,0.0,0.0025862227
124,173,0.145052152759546,0.002571126
124,174,0.0,0.0018644524
124,175,0.0,0.00257261
124,176,0.0,0.0027643726
124,177,0.0,0.0023328532
124,178,0.0,0.002053908
124,179,0.0,0.0019660043
124,180,0.0,0.0022463738
124,181,0.0,0.0030969842
124,182,0.0,0.0015798965
124,183,0.0,0.0017900798
124,184,0.0,0.0027724328
124,185,0.0,0.0028688828
124,186,0.0,0.0022482374
124,187,0.0,0.003373878
124,188,0.0,0.0021421988
124,189,0.0,0.0017067813
124,190,0.0,0.002574345
124,191,0.0,0.0024921033
124,192,0.0,0.0032786774
124,193,0.0,0.0022367788
124,194,0.0,0.0017423825
124,195,0.0,0.002400016
124,196,0.152339981819627,0.001492329
124,197,0.0,0.0019170716
124,198,0.0,0.0014788453
124,199,0.165041342618462,0.0037770406
124,200,0.0,0.0014785696
124,201,0.0,0.0018527578
124,202,0.0,0.0036015795
124,203,0.0,0.0023615183
124,204,-0.163628855133645,0.0017414154
124,205,0.0,0.0027508703
124,206,0.0,0.0035642986
124,207,0.0,0.0018649157
124,208,0.0,0.0030598883
124,209,0.0,0.0022053584
124,210,0.0,0.002673645
124,211,0.0,0.002287474
124,212,-0.146223453280008,0.0014906679
124,213,0.157159067741269,0.0027826675
124,214,0.0,0.00173085
124,215,0.0,0.0027561323
124,216,0.0,0.0030101305
124,217,0.0,0.002370723
124,218,0.0,0.003082444
124,219,0.0,0.0020478517
124,220,0.0,0.00231128
124,221,0.0,0.0027366672
124,222,0.0,0.0021528779
124,223,0.161275932611577,0.0032555456
124,224,0.0,0.0027702749
124,225,0.0,0.0027295602
124,226,0.0,0.0025515961
124,227,0.150563308379744,0.0017160061
124,228,0.0,0.0016451441
124,229,0.0,0.002224716
124,230,0.0,0.0035955603
124,231,0.0,0.0017118026
124,232,0.142819914315171,0.0026271618
124,233,0.0,0.0025821635
124,234,0.0,0.0035590138
124,235,0.0,0.0020479062
124,236,0.0,0.0019622166
124,237,0.0,0.0015282668
124,238,0.0,0.0014971714
124,239,0.0,0.0021659373
124,240,0.0,0.002393765
124,241,0.0,0.0014839275
124,242,0.0,0.0019920869
124,243,0.0,0.0024026036
124,244,0.0,0.0027056672
124,245,0.0,0.0025345031
124,246,0.0,0.0025300714
124,247,0.0,0.002612234
124,248,0.0,0.0026645553
124,249,-0.157938002934251,0.0030913176
124,250,0.0,0.0023392276
124,251,0.0,0.0015430339
124,252,0.0,0.0023018736
124,253,0.0,0.0026772371
124,254,0.0,0.0014788606
124,255,0.0,0.002774071
124,256,0.0,0.0014794637
124,257,0.0,0.002418816
124,258,0.0,0.0026143347
124,259,0.0,0.0031295186
124,260,0.0,0.0027507078
124,261,0.0,0.001911358
124,262,0.0,0.0023978963
124,263,0.0,0.0026066913
124,264,-0.140784572026822,0.0027518151
124,265,0.0,0.0016656048
124,266,0.0,0.0030348785
124,267,0.0,0.0018870612
124,268,0.0,0.00229936
125,1,0.14455331102593,0.0025196406
125,2,0.0,0.001837214
125,3,0.149122286641913,0.002860691
125,4,0.0,0.0024820995
125,5,0.0,0.0032228907
125,6,0.0,0.002737746
125,7,0.0,0.0020108582
125,8,0.0,0.0025306097
125,9,0.137987803624813,0.002469082
125,10,0.0,0.00231608
125,11,0.0,0.0015015146
125,12,0.0,0.0026203957
125,13,0.0,0.0023394977
125,14,0.134190616696861,0.0027223593
125,15,0.0,0.002381621
125,16,0.0,0.0028615086
125,17,0.0,0.0021858322
125,18,0.0,0.0036110221
125,19,0.0,0.002366182
125,20,0.135285473009831,0.0030405205
125,21,0.0,0.0026703342
125,22,0.0,0.0023645782
125,23,0.0,0.002948509
125,24,0.0,0.0027470817
125,25,0.0,0.0021491554
125,26,0.0,0.0019198041
125,27,0.0,0.0026410678
125,28,0.0,0.0016683429
125,29,0.0,0.0027616667
125,30,0.0,0.0025178287
125,31,0.0,0.0026331022
125,32,0.0,0.0022460609
125,33,0.0,0.0023320876
125,34,0.0,0.0035893633
125,35,0.0,0.0024448438
125,36,0.0,0.0014825729
125,37,0.0,0.0031406675
125,38,0.0,0.0027197958
125,39,0.0,0.0023599085
125,40,0.142858493271238,0.002771995
125,41,0.0,0.0025992226
125,42,0.0,0.0036104294
125,43,0.0,0.0023383829
125,44,0.0,0.002358004
125,45,0.0,0.002406937
125,46,0.0,0.0025503784
125,47,0.0,0.0023668846
125,48,0.0,0.002031852
125,49,0.0,0.0031283437
125,50,0.0,0.0027160728
125,51,0.0,0.0023124283
125,52,0.0,0.0027640914
125,53,0.136599907592431,0.0032235584
125,54,0.0,0.0021662563
125,55,0.0,0.0017396524
125,56,0.0,0.0032419167
125,57,0.0,0.0021812948
125,58,0.0,0.0025434112
125,59,0.0,0.002745288
125,60,0.0,0.0035132733
125,61,0.0,0.0025501656
125,62,0.0,0.0015782602
125,63,0.0,0.0025770776
125,64,0.0,0.0032994808
125,65,0.0,0.001925949
125,66,0.0,0.0024334146
125,67,0.0,0.002650645
125,68,0.0,0.0024095397
125,69,0.148226517602658,0.0026483824
125,70,0.145650020110853,0.0017635198
125,71,0.161244498453902,0.0019829497
125,72,0.0,0.002008256
125,73,0.150938294235734,0.002544785
125,74,0.0,0.0025274535
125,75,0.0,0.002030789
125,76,0.0,0.00253462
125,77,0.0,0.0027141417
125,78,0.0,0.0023834137
125,79,0.0,0.0024211155
125,80,0.0,0.0025476892
125,81,0.0,0.0023080208
125,82,0.0,0.0036134687
125,83,0.0,0.002698558
125,84,0.0,0.0024407953
125,85,0.0,0.0026773526
125,86,0.0,0.002384751
125,87,0.0,0.0033150716
125,88,0.0,0.0016821125
125,89,0.0,0.0014936551
125,90,0.147928833201121,0.002385057
125,91,0.0,0.0036123176
125,92,0.0,0.0018987404
125,93,0.0,0.0020419634
125,94,0.0,0.0019459557
125,95,0.0,0.0020307107
125,96,0.0,0.0025151037
125,97,0.0,0.002744921
125,98,0.0,0.0025784015
125,99,0.0,0.0027968315
125,100,0.0,0.0017336262
125,101,0.0,0.0022056382
125,102,0.0,0.0020528012
125,103,0.0,0.0022167033
125,104,0.0,0.0023444714
125,105,0.0,0.0025248765
125,106,0.0,0.0027418355
125,107,0.0,0.0024488545
125,108,0.0,0.0023070364
125,109,0.0,0.002761751
125,110,0.0,0.0015840242
125,111,0.0,0.0024939743
125,112,-0.152358701597446,0.0018072184
125,113,0.0,0.0027705068
125,114,0.0,0.0014939359
125,115,0.0,0.0033862926
125,116,0.0,0.001851677
125,117,0.0,0.0023474325
125,118,0.0,0.002392382
125,119,0.0,0.002402598
125,120,0.0,0.0027295095
125,121,0.0,0.0015937537
125,122,0.0,0.0026286873
125,123,0.0,0.0022786735
125,124,0.0,0.0024578413
125,125,-0.632290128152818,0.030703487
125,126,0.0,0.002314345
125,127,0.0,0.0030514472
125,128,0.0,0.0019103894
125,129,-0.147961152399912,0.0032920362
125,130,0.0,0.0017610267
125,131,0.0,0.003530811
125,132,0.0,0.0026877094
125,133,0.0,0.0035104435
125,134,0.0,0.0026148972
125,135,0.0,0.00259719
125,136,0.0,0.0027349014
125,137,0.0,0.0024783565
125,138,0.0,0.0015573232
125,139,0.0,0.0035196394
125,140,0.0,0.002848356
125,141,0.0,0.0015225662
125,142,0.0,0.0023114453
125,143,0.0,0.0020496147
125,144,0.0,0.0024967599
125,145,0.0,0.0034362809
125,146,0.149239299911084,0.002260739
125,147,0.0,0.0021943813
125,148,0.0,0.0026365523
125,149,0.0,0.002153256
125,150,0.0,0.0031029815
125,151,0.0,0.0017320719
125,152,0.0,0.002782086
125,153,0.0,0.0026119421
125,154,-0.161990711039235,0.0034386613
125,155,0.0,0.0023758397
125,156,0.147501407380526,0.0035549398
125,157,0.0,0.0017235135
125,158,0.0,0.0014856132
125,159,0.0,0.0027857036
125,160,0.0,0.0025608689
125,161,0.0,0.0026138998
125,162,0.0,0.0018373574
125,163,0.0,0.0023478083
125,164,0.0,0.002384149
125,165,0.0,0.0023763813
125,166,0.0,0.003079718
125,167,0.0,0.0025287657
125,168,0.0,0.0035031433
125,169,0.0,0.0027267928
125,170,0.0,0.0022013802
125,171,0.0,0.0027986853
125,172,0.0,0.0016159564
125,173,0.0,0.0022753002
125,174,0.0,0.003368665
125,175,0.0,0.0036115162
125,176,0.0,0.0031464607
125,177,0.0,0.0032382905
125,178,0.0,0.0027118935
125,179,0.153339391267878,0.0025917715
125,180,0.0,0.0027397922
125,181,0.0,0.0023795022
125,182,0.0,0.0024706512
125,183,0.150420683860753,0.0027559358
125,184,0.0,0.0026662364
125,185,-0.151050072009992,0.0034563453
125,186,0.0,0.0036014467
125,187,0.0,0.0027738945
125,188,0.0,0.0025663818
125,189,0.0,0.0016594422
125,190,0.0,0.0021942249
125,191,0.0,0.0025972365
125,192,0.0,0.002422715
125,193,0.0,0.0024618367
125,194,0.0,0.0017533773
125,195,0.0,0.0027827527
125,196,0.0,0.0033680177
125,197,0.14278759182906,0.0026029916
125,198,0.0,0.0017853482
125,199,-0.164031523534555,0.002791821
125,200,0.0,0.0017776722
125,201,0.0,0.0017425618
125,202,0.0,0.00361396
125,203,0.0,0.002605943
125,204,0.0,0.0023788498
125,205,0.0,0.0025295606
125,206,0.0,0.0020600674
125,207,0.0,0.0023865113
125,208,0.0,0.002234133
125,209,0.0,0.0019666008
125,210,0.0,0.0022478686
125,211,0.0,0.003306835
125,212,0.0,0.0032023205
125,213,0.0,0.003151697
125,214,0.0,0.0020154621
125,215,0.0,0.0025907797
125,216,0.0,0.00249357
125,217,0.0,0.0028054174
125,218,0.0,0.0016490947
125,219,0.0,0.0025645224
125,220,0.156727719637831,0.002470294
125,221,0.0,0.002394821
125,222,0.0,0.00314603
125,223,0.0,0.0034349342
125,224,0.0,0.0022826684
125,225,0.0,0.0023448234
125,226,0.0,0.002332495
125,227,0.0,0.0015488053
125,228,0.0,0.00255006
125,229,0.0,0.0018066368
125,230,0.0,0.002306831
125,231,0.0,0.0022203247
125,232,0.0,0.0023891865
125,233,0.0,0.0034075258
125,234,-0.143895583630535,0.0023303982
125,235,0.0,0.0014853026
125,236,0.0,0.0023745545
125,237,0.0,0.0020517763
125,238,0.0,0.0027684262
125,239,0.0,0.0024982998
125,240,0.0,0.0019631619
125,241,0.0,0.0031262427
125,242,0.0,0.002364419
125,243,0.0,0.0025414685
125,244,0.149179428165986,0.0027745222
125,245,0.0,0.0026409486
125,246,0.0,0.00165383
125,247,0.0,0.0024061855
125,248,-0.153026598448147,0.0027865781
125,249,0.0,0.002390555
125,250,0.0,0.0035679257
125,251,0.0,0.0034820638
125,252,0.0,0.0033394177
125,253,0.0,0.0014851177
125,254,0.0,0.0021172427
125,255,0.0,0.0027242387
125,256,0.0,0.0023305872
125,257,0.0,0.003478547
125,258,0.0,0.002504549
125,259,0.0,0.0017512133
125,260,0.0,0.0024139113
125,261,0.0,0.0023850496
125,262,0.0,0.0023400877
125,263,0.0,0.0023308787
125,264,0.0,0.002928956
125,265,0.154153637714351,0.0025036107
125,266,0.0,0.00279757
125,267,0.0,0.0021447227
125,268,0.155571807443009,0.0025530085
126,1,0.0,0.0026245867
126,2,0.0,0.0034405058
126,3,0.0,0.003445445
126,4,0.0,0.0025046375
126,5,-0.131294308885211,0.002311801
126,6,0.0,0.002600348
126,7,0.0,0.0017389613
126,8,0.0,0.0033247569
126,9,0.0,0.0034709936
126,10,0.0,0.0023686802
126,11,0.0,0.0030458071
126,12,0.0,0.0021191319
126,13,0.0,0.002534571
126,14,0.0,0.0015542526
126,15,0.0,0.003598054
126,16,0.0,0.0035902061
126,17,0.0,0.0031927088
126,18,0.0,0.0018729707
126,19,0.0,0.0026743175
126,20,0.0,0.00214221
126,21,-0.146322981582696,0.0022394294
126,22,0.0,0.0024384833
126,23,0.0,0.0027075806
126,24,0.0,0.0022026096
126,25,0.0,0.0015496239
126,26,0.0,0.002597297
126,27,0.0,0.0023767548
126,28,0.0,0.003050047
126,29,0.0,0.002728317
126,30,-0.151881912654738,0.0023305588
126,31,0.0,0.00278264
126,32,0.0,0.0019737869
126,33,0.0,0.0021565706
126,34,0.0,0.0018543717
126,35,0.0,0.002564563
126,36,0.0,0.0016268212
126,37,0.0,0.0019286694
126,38,0.0,0.002510203
126,39,0.0,0.0020282674
126,40,0.0,0.0023672422
126,41,0.151317090459648,0.0023349165
126,42,0.0,0.0026059845
126,43,0.0,0.0020392267
126,44,0.0,0.0026353798
126,45,0.0,0.0036147255
126,46,0.0,0.0015164916
126,47,0.0,0.001781777
126,48,0.0,0.0024730759
126,49,0.135673693154939,0.0023021977
126,50,0.0,0.0016848724
126,51,0.0,0.0035429238
126,52,0.0,0.0026374068
126,53,0.0,0.00278182
126,54,0.0,0.002210063
126,55,0.0,0.0026713852
126,56,0.0,0.0024750493
126,57,0.0,0.0022444618
126,58,0.148590077925411,0.0019755508
126,59,0.0,0.0016684541
126,60,0.0,0.0021562832
126,61,0.0,0.0014978149
126,62,0.0,0.0026575807
126,63,0.0,0.0020637438
126,64,0.0,0.002588612
126,65,0.0,0.0018040775
126,66,0.0,0.001491358
126,67,0.0,0.0014668382
126,68,0.0,0.002406484
126,69,0.0,0.0014782515
126,70,0.0,0.0025848756
126,71,0.0,0.0016929884
126,72,0.0,0.001678552
126,73,0.0,0.0032538031
126,74,0.0,0.0014616121
126,75,0.0,0.003139242
126,76,0.0,0.0017389646
126,77,0.0,0.0023141857
126,78,0.0,0.0030002338
126,79,0.0,0.0019016848
126,80,0.0,0.0024159532
126,81,0.0,0.002726138
126,82,0.0,0.0014619632
126,83,0.0,0.0018809414
126,84,-0.148600329333311,0.002356005
126,85,0.0,0.0035681222
126,86,0.0,0.002567728
126,87,0.0,0.0027565951
126,88,0.0,0.0034942357
126,89,0.0,0.003574796
126,90,0.0,0.0028015883
126,91,0.0,0.0014814804
126,92,0.0,0.0024840888
126,93,0.0,0.00238404
126,94,0.0,0.0019483101
126,95,0.0,0.0035550068
126,96,0.0,0.0024885586
126,97,0.0,0.0035313494
126,98,0.0,0.0017403355
126,99,0.0,0.0027579195
126,100,0.0,0.0035806205
126,101,0.0,0.0021336805
126,102,0.0,0.0016868431
126,103,0.158961920574361,0.003411091
126,104,0.137731559487283,0.0036185756
126,105,0.0,0.002852623
126,106,0.153995618649932,0.0024037277
126,107,0.0,0.0027895076
126,108,0.155704231700854,0.0014773603
126,109,0.0,0.0024545933
126,110,0.0,0.002533921
126,111,0.0,0.001887707
126,112,0.0,0.0021547726
126,113,0.0,0.0015692017
126,114,0.0,0.0027869334
126,115,0.0,0.0024920488
126,116,0.0,0.0018909941
126,117,0.0,0.0024719252
126,118,0.0,0.002407678
126,119,0.0,0.0024126652
126,120,0.0,0.0023456626
126,121,0.0,0.0025653741
126,122,0.143916816944808,0.0023120502
126,123,-0.144032642969392,0.0023694066
126,124,0.0,0.002934596
126,125,0.0,0.002314345
126,126,-0.474079711129889,0.030703487
126,127,0.0,0.0025741938
126,128,0.0,0.0022387253
126,129,0.0,0.0021492112
126,130,0.154246408084114,0.0017237864
126,131,0.0,0.001690825
126,132,0.0,0.001493141
126,133,0.0,0.0017192545
126,134,0.0,0.00241195
126,135,0.0,0.00327024
126,136,0.0,0.0035744365
126,137,0.0,0.0024714554
126,138,-0.163118089591254,0.002465392
126,139,0.0,0.0015839757
126,140,0.0,0.0024905559
126,141,0.0,0.0015130541
126,142,0.0,0.0015658881
126,143,0.0,0.0035921992
126,144,0.0,0.0018535308
126,145,0.0,0.0036322647
126,146,0.0,0.0030942457
126,147,0.0,0.0035139024
126,148,0.0,0.0023088693
126,149,0.0,0.002042978
126,150,0.0,0.0035222983
126,151,0.0,0.0018487144
126,152,0.0,0.0015949928
126,153,0.0,0.0016202354
126,154,0.0,0.0014968431
126,155,0.0,0.002053882
126,156,0.0,0.0024882564
126,157,0.0,0.0021855766
126,158,0.0,0.0024399497
126,159,0.0,0.00329084
126,160,0.0,0.0024051797
126,161,0.0,0.0014935862
126,162,0.0,0.0014625471
126,163,0.0,0.0035971473
126,164,0.0,0.0022993973
126,165,0.0,0.0032608015
126,166,0.15306383693295,0.0017110412
126,167,0.0,0.0020289253
126,168,0.0,0.0024441844
126,169,0.0,0.0017278516
126,170,0.149394709187628,0.0021718368
126,171,0.0,0.0024890597
126,172,-0.155718954627453,0.0025908886
126,173,0.0,0.002578429
126,174,0.0,0.0020938348
126,175,0.0,0.0014842115
126,176,0.0,0.0014930042
126,177,0.0,0.0018597213
126,178,0.0,0.0019053388
126,179,0.0,0.0015513748
126,180,0.0,0.0016941391
126,181,0.0,0.0027633877
126,182,0.0,0.0017331294
126,183,-0.148713470224225,0.003424535
126,184,0.0,0.0017435178
126,185,0.0,0.0021046856
126,186,0.0,0.0027425364
126,187,0.0,0.0020971731
126,188,0.0,0.002242161
126,189,0.0,0.0020696688
126,190,0.0,0.0034738285
126,191,0.0,0.0034758835
126,192,0.0,0.0021788552
126,193,0.0,0.0022729347
126,194,0.0,0.0025539147
126,195,0.0,0.0020675901
126,196,0.0,0.003299239
126,197,-0.141167010685291,0.0036320784
126,198,0.0,0.0017994521
126,199,0.0,0.003356284
126,200,0.0,0.0014984454
126,201,0.0,0.002641764
126,202,0.0,0.002362187
126,203,0.0,0.0015525171
126,204,0.0,0.0015334608
126,205,0.0,0.0027670562
126,206,0.0,0.0032504136
126,207,0.0,0.0035039736
126,208,0.0,0.0021446291
126,209,0.0,0.002781392
126,210,0.151335598173271,0.0027430789
126,211,0.0,0.0019425848
126,212,0.0,0.0024427613
126,213,0.0,0.0020302748
126,214,0.0,0.0026994478
126,215,0.0,0.001848843
126,216,0.0,0.0024594204
126,217,0.0,0.0029786653
126,218,0.0,0.0014918428
126,219,0.0,0.0020865728
126,220,0.0,0.0026703984
126,221,0.177521159665152,0.002660525
126,222,0.0,0.0021078484
126,223,0.0,0.0022237212
126,224,0.150184782973252,0.0033673523
126,225,0.0,0.0023914203
126,226,0.0,0.002779927
126,227,0.0,0.0026904661
126,228,-0.141850560906011,0.002389364
126,229,0.0,0.0024350015
126,230,0.0,0.002538776
126,231,0.0,0.0026026443
126,232,0.0,0.002267878
126,233,0.0,0.0027603046
126,234,0.0,0.0026019486
126,235,0.0,0.0014938177
126,236,0.0,0.0016477136
126,237,0.0,0.0014934619
126,238,0.0,0.0024982095
126,239,0.149213079194228,0.0027433215
126,240,0.0,0.003562089
126,241,0.0,0.0026966878
126,242,0.0,0.002209554
126,243,0.0,0.0022213962
126,244,0.0,0.0023149606
126,245,0.0,0.0014860281
126,246,0.0,0.002609836
126,247,0.0,0.0021181703
126,248,0.0,0.0023725056
126,249,-0.155190081823544,0.0014874204
126,250,0.0,0.0027522882
126,251,0.0,0.0023142835
126,252,0.0,0.0023806086
126,253,0.0,0.002463549
126,254,-0.146923600977993,0.0014819447
126,255,0.0,0.0017613778
126,256,0.0,0.0026580184
126,257,0.0,0.0024077562
126,258,0.144571063000143,0.0030509862
126,259,0.0,0.003074878
126,260,0.0,0.0027716248
126,261,0.0,0.0018139235
126,262,0.0,0.0026052613
126,263,0.0,0.0014854129
126,264,0.0,0.0017407923
126,265,0.0,0.0017002346
126,266,0.0,0.0029278542
126,267,0.0,0.0036162767
126,268,0.0,0.0022662962
127,1,0.0,0.0023661745
127,2,0.0,0.0032502846
127,3,0.157611503384314,0.0020780936
127,4,0.0,0.0023865756
127,5,0.0,0.0025618454
127,6,0.0,0.0019010897
127,7,0.0,0.0014971588
127,8,0.0,0.0023152796
127,9,0.0,0.0021226518
127,10,0.0,0.0035972851
127,11,0.0,0.0035677813
127,12,-0.144423631770731,0.0031853905
127,13,0.0,0.0021294057
127,14,0.0,0.0014828844
127,15,0.0,0.0036254604
127,16,0.0,0.0022218637
127,17,0.0,0.0023335787
127,18,0.0,0.0023950045
127,19,0.0,0.0027661663
127,20,0.0,0.0015447014
127,21,0.0,0.0023129135
127,22,0.0,0.0016449494
127,23,0.150616906944171,0.0016434402
127,24,0.0,0.0014984468
127,25,0.0,0.0016041845
127,26,0.0,0.00330059
127,27,0.0,0.0016348725
127,28,0.0,0.0016330862
127,29,0.0,0.0015536724
127,30,0.0,0.0014854474
127,31,0.0,0.0018758862
127,32,0.0,0.0014758841
127,33,0.0,0.002442665
127,34,0.0,0.0016455404
127,35,0.0,0.0020214906
127,36,0.0,0.0015716064
127,37,0.0,0.0016318848
127,38,0.0,0.0032360028
127,39,0.0,0.0015862565
127,40,0.0,0.0024862401
127,41,0.0,0.0016176086
127,42,0.0,0.0017398936
127,43,0.0,0.0021347064
127,44,0.0,0.0023609847
127,45,0.0,0.0023257583
127,46,0.0,0.0020618779
127,47,0.0,0.0023607104
127,48,0.0,0.0024914234
127,49,0.0,0.0034591309
127,50,0.0,0.0019550957
127,51,0.0,0.0066549936
127,52,0.0,0.0018758816
127,53,0.0,0.0021725148
127,54,0.0,0.00240921
127,55,0.0,0.0014879284
127,56,0.0,0.0018458422
127,57,0.0,0.0015551802
127,58,0.0,0.0016986327
127,59,0.0,0.001642555
127,60,0.144403278818949,0.0014926726
127,61,0.0,0.0068414677
127,62,0.0,0.0029285485
127,63,0.0,0.0025932514
127,64,0.159595371640797,0.0018100501
127,65,0.0,0.00186445
127,66,0.0,0.002405635
127,67,0.0,0.008448769
127,68,0.0,0.0021913107
127,69,0.0,0.003463075
127,70,0.0,0.0022120848
127,71,0.0,0.0027330653
127,72,0.0,0.003484128
127,73,0.0,0.0018738322
127,74,-0.148936536391742,0.001592957
127,75,0.0,0.0047742054
127,76,0.0,0.0015555457
127,77,0.0,0.0027764253
127,78,0.0,0.00301529
127,79,0.0,0.0020997152
127,80,0.0,0.0014905762
127,81,0.0,0.0030072331
127,82,0.0,0.0020346842
127,83,0.0,0.0027863542
127,84,0.0,0.0021252618
127,85,0.0,0.00282158
127,86,0.0,0.0015477696
127,87,0.0,0.002828482
127,88,0.0,0.0028015203
127,89,0.0,0.0024139811
127,90,0.0,0.0016478333
127,91,0.0,0.0015867464
127,92,0.0,0.002376378
127,93,0.0,0.002860324
127,94,0.150428598531277,0.0020611854
127,95,0.0,0.0014636908
127,96,0.155799177056687,0.0017915969
127,97,0.154087184936067,0.0024682553
127,98,0.0,0.0027981238
127,99,0.0,0.0014846618
127,100,0.0,0.004397547
127,101,0.145251315166335,0.0014660647
127,102,0.0,0.0014941306
127,103,0.0,0.0024486203
127,104,0.0,0.001807957
127,105,0.143265208923489,0.0016699019
127,106,0.0,0.0018022596
127,107,0.0,0.0016106442
127,108,0.0,0.0015219408
127,109,0.0,0.0014921837
127,110,0.0,0.001570947
127,111,0.0,0.0016239136
127,112,0.0,0.0014856304
127,113,0.0,0.0025300267
127,114,0.0,0.0023970613
127,115,0.0,0.0018283743
127,116,0.0,0.0024369322
127,117,0.0,0.0014769332
127,118,0.0,0.0022912002
127,119,0.0,0.0014778208
127,120,0.164007457713992,0.001811293
127,121,0.0,0.0043525817
127,122,0.0,0.0023190482
127,123,0.0,0.0025924346
127,124,0.0,0.002780043
127,125,0.0,0.0030514472
127,126,0.0,0.0025741938
127,127,0.0,0.030703487
127,128,0.0,0.002514623
127,129,0.0,0.0014923662
127,130,0.0,0.0026144097
127,131,0.0,0.0016683768
127,132,0.0,0.0016212901
127,133,0.0,0.0016302518
127,134,0.0,0.0031595267
127,135,0.0,0.001487256
127,136,0.0,0.0027805464
127,137,0.0,0.0014942153
127,138,0.0,0.0024308823
127,139,0.0,0.002369491
127,140,0.0,0.00323545
127,141,0.0,0.0019012643
127,142,0.0,0.001493819
127,143,0.0,0.002182072
127,144,0.0,0.00267995
127,145,-0.148585455741948,0.0024296474
127,146,0.0,0.0023615295
127,147,0.0,0.0014695092
127,148,0.0,0.0026402571
127,149,0.0,0.0031076083
127,150,0.0,0.0019099959
127,151,-0.145125190995691,0.0014953236
127,152,0.0,0.0029109148
127,153,0.0,0.0025515212
127,154,0.0,0.004301319
127,155,0.0,0.0022036955
127,156,-0.147914709694459,0.0034572189
127,157,0.0,0.0027386942
127,158,0.0,0.0018323022
127,159,0.0,0.0023254175
127,160,0.152746899172924,0.0014938456
127,161,0.141072361739577,0.0015421389
127,162,0.0,0.0016923584
127,163,0.0,0.0018872428
127,164,0.0,0.0014770064
127,165,0.0,0.0015921905
127,166,0.0,0.002734759
127,167,0.0,0.001878731
127,168,0.0,0.0033388417
127,169,0.0,0.0014801659
127,170,0.0,0.0035618288
127,171,0.0,0.0018030745
127,172,0.0,0.0029699197
127,173,0.0,0.0031471336
127,174,-0.157805222138756,0.0014746767
127,175,0.0,0.0020712758
127,176,0.0,0.002353521
127,177,0.0,0.0025636405
127,178,0.0,0.0022851927
127,179,0.0,0.0020354977
127,180,0.0,0.0017959704
127,181,0.0,0.003199845
127,182,0.0,0.0014760448
127,183,0.0,0.0016619517
127,184,0.0,0.0018543401
127,185,0.0,0.0027338648
127,186,0.0,0.0021244437
127,187,0.0,0.0024127825
127,188,0.0,0.0025909166
127,189,0.0,0.0014593555
127,190,0.0,0.0026739035
127,191,0.0,0.0025103935
127,192,0.0,0.0014887666
127,193,0.0,0.0016331724
127,194,0.0,0.0024502394
127,195,0.0,0.00148731
127,196,0.0,0.003923475
127,197,0.0,0.0014923923
127,198,0.0,0.0028869119
127,199,0.0,0.0026130658
127,200,0.0,0.00254879
127,201,0.0,0.0018885778
127,202,0.0,0.0015418394
127,203,0.0,0.0016886694
127,204,0.0,0.0014667269
127,205,0.0,0.0014669728
127,206,0.0,0.0014769952
127,207,0.0,0.002789915
127,208,0.0,0.0025762655
127,209,0.0,0.003433372
127,210,0.0,0.0026427833
127,211,0.0,0.0021639876
127,212,0.0,0.0020316816
127,213,-0.15663514590685,0.0018755281
127,214,0.0,0.0019349046
127,215,0.0,0.002657143
127,216,0.0,0.002278299
127,217,0.0,0.002763806
127,218,0.0,0.0016662963
127,219,0.0,0.0020049945
127,220,0.0,0.00231507
127,221,0.0,0.0015351814
127,222,0.0,0.003276688
127,223,0.0,0.002506984
127,224,0.0,0.0017915689
127,225,0.0,0.0014939713
127,226,0.0,0.0014771484
127,227,0.0,0.002608668
127,228,0.0,0.0023696637
127,229,0.0,0.0014846418
127,230,0.0,0.002651007
127,231,0.0,0.002448109
127,232,0.0,0.0030646147
127,233,0.0,0.0021727532
127,234,0.0,0.002954525
127,235,0.0,0.002469717
127,236,0.0,0.007127516
127,237,0.145351777976032,0.004366327
127,238,0.0,0.00288426
127,239,0.0,0.0026138858
127,240,0.0,0.0020851986
127,241,0.147984393816909,0.0019981423
127,242,0.0,0.0027635167
127,243,0.0,0.002146956
127,244,0.0,0.002663373
127,245,0.0,0.0017415239
127,246,0.0,0.0023790216
127,247,0.0,0.0014690142
127,248,-0.153455382473703,0.0023831865
127,249,0.0,0.007711173
127,250,0.0,0.002757791
127,251,0.152201981929871,0.0023050313
127,252,0.0,0.001695639
127,253,0.0,0.0019626375
127,254,0.0,0.0019218358
127,255,0.0,0.0017216406
127,256,0.0,0.0027289726
127,257,0.0,0.002420961
127,258,0.0,0.0014808523
127,259,0.0,0.001467362
127,260,0.0,0.0016175397
127,261,0.0,0.001824636
127,262,0.0,0.0055656955
127,263,0.0,0.00173946
127,264,0.0,0.0018923157
127,265,0.0,0.0016719578
127,266,0.0,0.0027366616
127,267,0.0,0.0035393625
127,268,0.0,0.0035352833
128,1,0.0,0.0028041876
128,2,0.0,0.0027226675
128,3,0.0,0.0024232245
128,4,0.0,0.002647793
128,5,0.0,0.0025632228
128,6,0.0,0.0025946004
128,7,0.0,0.0024291347
128,8,0.13680772221196,0.0033433563
128,9,0.0,0.0028034742
128,10,0.0,0.0024597473
128,11,0.0,0.0026634457
128,12,0.0,0.002474565
128,13,0.0,0.0020420798
128,14,0.0,0.002582184
128,15,0.0,0.0027410188
128,16,0.0,0.0027642553
128,17,0.0,0.0023346138
128,18,-0.142177649744782,0.0024254955
128,19,0.0,0.0025533866
128,20,0.0,0.003614319
128,21,0.0,0.0014940025
128,22,0.0,0.0026338673
128,23,0.0,0.0026672278
128,24,0.0,0.0026076762
128,25,0.0,0.0033416771
128,26,-0.145120368365651,0.0034934562
128,27,0.0,0.002360222
128,28,0.0,0.0022987253
128,29,0.0,0.0023463909
128,30,0.0,0.0014999211
128,31,0.0,0.0023975032
128,32,0.0,0.0036034035
128,33,0.0,0.0021450156
128,34,0.136936029373353,0.0023075189
128,35,0.0,0.0036014128
128,36,0.0,0.0035902616
128,37,0.0,0.0023318962
128,38,-0.137372504297565,0.0019369735
128,39,0.0,0.0021963008
128,40,0.0,0.00298884
128,41,0.0,0.0031551723
128,42,0.0,0.0031138072
128,43,0.0,0.0033887862
128,44,0.0,0.0023637968
128,45,0.0,0.0024844822
128,46,0.0,0.002957258
128,47,0.0,0.0032518422
128,48,0.0,0.0027284157
128,49,0.0,0.0024629869
128,50,0.0,0.002072839
128,51,0.144061828986571,0.0017558094
128,52,0.0,0.0023060576
128,53,0.0,0.0027896948
128,54,0.0,0.0016473383
128,55,0.0,0.00212964
128,56,0.0,0.0023893826
128,57,0.0,0.002802195
128,58,0.0,0.0029084077
128,59,0.0,0.002635418
128,60,0.0,0.0026313816
128,61,0.129815280788576,0.003196042
128,62,0.0,0.002784518
128,63,0.0,0.0018976363
128,64,0.0,0.002700447
128,65,0.0,0.001976035
128,66,0.0,0.0019231997
128,67,0.0,0.00261319
128,68,0.14060007320925,0.0025695004
128,69,0.0,0.0031903768
128,70,0.0,0.0020600283
128,71,0.0,0.0014921068
128,72,0.0,0.0024636984
128,73,0.0,0.0034383642
128,74,0.0,0.0014985544
128,75,0.131869135727399,0.0024451287
128,76,0.0,0.0035913303
128,77,0.0,0.0025801817
128,78,0.0,0.0025505647
128,79,0.0,0.0016245712
128,80,0.0,0.0014843605
128,81,0.0,0.001677366
128,82,0.0,0.0023120162
128,83,0.0,0.00276457
128,84,0.0,0.0026443852
128,85,0.0,0.0027621603
128,86,0.0,0.0027897484
128,87,0.0,0.0023010415
128,88,0.0,0.0020128526
128,89,0.0,0.0022530556
128,90,0.0,0.0025937865
128,91,0.0,0.002827899
128,92,0.0,0.0035784151
128,93,0.0,0.0024253442
128,94,0.0,0.0016431664
128,95,0.0,0.0019204551
128,96,0.0,0.002336061
128,97,0.0,0.0015950091
128,98,0.0,0.0019415729
128,99,0.0,0.0025391704
128,100,0.0,0.0028857333
128,101,0.0,0.0029497445
128,102,0.0,0.0025515426
128,103,0.153248272162273,0.0019640578
128,104,0.0,0.0023057512
128,105,0.0,0.0023352639
128,106,0.0,0.0014867568
128,107,0.0,0.003313099
128,108,0.0,0.00276409
128,109,0.0,0.002752577
128,110,0.0,0.0017734403
128,111,0.0,0.0024200287
128,112,0.0,0.0021048249
128,113,0.0,0.0027010227
128,114,0.0,0.0016959272
128,115,0.133307748719031,0.0027936283
128,116,0.0,0.0015749177
128,117,0.0,0.0015886179
128,118,0.0,0.0025121951
128,119,0.0,0.0035857866
128,120,0.0,0.0031090048
128,121,-0.135598822201058,0.002787096
128,122,0.0,0.0024566725
128,123,0.0,0.0030354708
128,124,0.0,0.002387226
128,125,0.0,0.0019103894
128,126,0.0,0.0022387253
128,127,0.0,0.002514623
128,128,-0.673199766082689,0.030703487
128,129,0.0,0.0018191459
128,130,0.0,0.002469007
128,131,0.0,0.002326246
128,132,0.0,0.0014938693
128,133,0.0,0.002262867
128,134,-0.146422612335634,0.0023232792
128,135,0.0,0.0018352792
128,136,0.0,0.0025012754
128,137,0.0,0.0025022575
128,138,0.0,0.002410526
128,139,0.0,0.0034428244
128,140,0.0,0.0031580403
128,141,0.0,0.0020233835
128,142,0.0,0.0027669086
128,143,0.0,0.002668906
128,144,0.0,0.002421494
128,145,0.0,0.0018143076
128,146,0.0,0.002704742
128,147,0.0,0.002770266
128,148,0.0,0.0023767129
128,149,0.0,0.0027611968
128,150,0.0,0.0020159371
128,151,0.0,0.0026450246
128,152,0.0,0.002378298
128,153,-0.154692408526758,0.002443817
128,154,0.165689377874729,0.0023586703
128,155,0.0,0.0021407357
128,156,0.0,0.0027491846
128,157,0.0,0.002727931
128,158,0.0,0.0026146523
128,159,0.0,0.0021055276
128,160,0.0,0.0025824425
128,161,0.0,0.001531376
128,162,0.0,0.0025753663
128,163,0.0,0.0035471958
128,164,0.0,0.0017332286
128,165,0.0,0.0035188692
128,166,0.0,0.0025754743
128,167,0.0,0.003554366
128,168,0.154286627851757,0.0027520205
128,169,0.0,0.002613219
128,170,0.0,0.0023716982
128,171,0.0,0.0023961999
128,172,0.0,0.002794799
128,173,0.0,0.0016659121
128,174,0.0,0.002422717
128,175,0.0,0.0022566514
128,176,0.0,0.0028672637
128,177,0.0,0.0023087268
128,178,0.0,0.0020959382
128,179,0.0,0.0025783698
128,180,-0.155876924962031,0.002572522
128,181,0.0,0.0015005227
128,182,0.0,0.0030291998
128,183,0.0,0.0035220874
128,184,-0.15088511033316,0.0033748453
128,185,0.0,0.002529434
128,186,0.0,0.0026465277
128,187,0.160404977463763,0.0035118284
128,188,0.0,0.0015656315
128,189,0.0,0.0030733915
128,190,0.0,0.002546804
128,191,0.0,0.0033854176
128,192,0.0,0.0024327757
128,193,0.0,0.0025491267
128,194,0.0,0.0035283603
128,195,0.0,0.0028006104
128,196,0.0,0.0025530527
128,197,0.0,0.0025214627
128,198,0.0,0.002417829
128,199,0.0,0.00233918
128,200,0.0,0.002611341
128,201,0.0,0.0023743212
128,202,0.0,0.00264489
128,203,0.0,0.0016051633
128,204,0.0,0.0022132904
128,205,0.0,0.002629554
128,206,0.0,0.0023084488
128,207,0.0,0.0018094657
128,208,0.0,0.001780387
128,209,0.0,0.0025140778
128,210,0.0,0.0022124248
128,211,0.0,0.0027219444
128,212,0.0,0.001991054
128,213,0.0,0.002464625
128,214,0.0,0.0021512234
128,215,0.0,0.002077762
128,216,0.0,0.0025511621
128,217,0.0,0.0025843899
128,218,0.0,0.00305095
128,219,0.0,0.0022797822
128,220,0.0,0.0026317788
128,221,0.183658880465227,0.002746568
128,222,0.0,0.0028373972
128,223,0.0,0.002401209
128,224,0.0,0.0036275485
128,225,0.0,0.0018677628
128,226,0.0,0.0023363018
128,227,0.0,0.0027420702
128,228,0.0,0.0026389393
128,229,0.0,0.0023670243
128,230,0.0,0.0020118966
128,231,0.0,0.0027709724
128,232,-0.145187054467185,0.0028891768
128,233,0.0,0.0022440334
128,234,0.0,0.001952244
128,235,0.0,0.0024920981
128,236,0.0,0.0032927464
128,237,0.0,0.0031414968
128,238,0.147318660330488,0.0024652458
128,239,0.0,0.0033058873
128,240,0.0,0.0023190887
128,241,0.0,0.0026277797
128,242,0.0,0.002378196
128,243,0.0,0.0020210035
128,244,0.0,0.0020331591
128,245,0.0,0.0019854768
128,246,0.0,0.002450177
128,247,0.0,0.0016569616
128,248,0.0,0.002673109
128,249,-0.160555714827353,0.002434352
128,250,0.0,0.002581839
128,251,0.0,0.0027783774
128,252,0.0,0.0027032727
128,253,0.0,0.0017748103
128,254,0.0,0.0026147305
128,255,0.14780127454788,0.0016615205
128,256,0.0,0.0018653194
128,257,0.0,0.0023304448
128,258,0.0,0.0036324826
128,259,0.0,0.0032025613
128,260,0.0,0.003556666
128,261,0.0,0.0023825746
128,262,0.0,0.0019210144
128,263,0.0,0.0021765986
128,264,0.0,0.001682628
128,265,0.0,0.0034552966
128,266,0.166809224561535,0.0023877313
128,267,0.15596776770341,0.0023134658
128,268,0.0,0.0030249902
129,1,0.0,0.0014754375
129,2,0.0,0.0015927032
129,3,0.0,0.0024255537
129,4,0.0,0.0027736202
129,5,0.0,0.0035213162
129,6,0.0,0.0018309965
129,7,0.0,0.001603574
129,8,0.0,0.002220593
129,9,0.144836290834986,0.0018549948
129,10,0.0,0.0021819156
129,11,0.0,0.0026313504
129,12,0.0,0.0034772395
129,13,0.0,0.0021392275
129,14,0.0,0.0021006754
129,15,0.0,0.0019789515
129,16,0.0,0.0018882714
129,17,0.0,0.0022664522
129,18,0.0,0.0028831395
129,19,0.0,0.0023813099
129,20,0.0,0.002453751
129,21,0.0,0.0036302689
129,22,0.0,0.003572517
129,23,0.0,0.0023682653
129,24,0.0,0.0021942086
129,25,-0.158115721647318,0.0026530703
129,26,0.0,0.0027677906
129,27,0.0,0.0018458036
129,28,0.0,0.0014950321
129,29,0.0,0.0014937567
129,30,0.0,0.001540442
129,31,0.0,0.0023895362
129,32,0.0,0.0024133371
129,33,0.0,0.0020425585
129,34,0.0,0.0014661364
129,35,0.0,0.0026325355
129,36,0.0,0.0015596915
129,37,0.0,0.002445708
129,38,0.0,0.002315349
129,39,0.0,0.0030855522
129,40,0.0,0.0021890323
129,41,0.0,0.0016401131
129,42,0.0,0.0017330633
129,43,0.0,0.0036204783
129,44,0.0,0.0022381684
129,45,0.0,0.0021391339
129,46,0.0,0.0033604018
129,47,0.0,0.0023266058
129,48,0.0,0.0027037342
129,49,0.0,0.0025079092
129,50,0.0,0.0027690115
129,51,0.0,0.002745924
129,52,0.0,0.0025203233
129,53,0.0,0.0016382732
129,54,0.0,0.0026966445
129,55,0.0,0.0025519556
129,56,0.0,0.0029948177
129,57,0.0,0.0018844758
129,58,0.0,0.002614949
129,59,0.0,0.0027105436
129,60,0.0,0.0026528002
129,61,0.0,0.0017426615
129,62,0.146442631826724,0.001730646
129,63,0.0,0.0014784932
129,64,0.0,0.0019158893
129,65,-0.18374792567161,0.003245973
129,66,0.0,0.003470345
129,67,0.0,0.0024365485
129,68,0.0,0.0019004308
129,69,0.0,0.002476477
129,70,0.0,0.00282101
129,71,0.0,0.0016309638
129,72,0.0,0.0032805982
129,73,-0.158429528608949,0.003367959
129,74,0.0,0.0027314988
129,75,0.0,0.0018175286
129,76,0.0,0.0020186324
129,77,0.152502565896185,0.0014945674
129,78,0.0,0.0016806237
129,79,0.0,0.00334595
129,80,0.0,0.0022106091
129,81,0.0,0.0023541106
129,82,0.0,0.0025836453
129,83,0.0,0.0025343457
129,84,0.0,0.0019587842
129,85,0.0,0.0022992035
129,86,0.0,0.0014630407
129,87,0.159892466353339,0.0020572394
129,88,0.0,0.0021284586
129,89,0.0,0.0029237187
129,90,0.0,0.0022328272
129,91,0.0,0.0019470155
129,92,0.0,0.003032092
129,93,0.0,0.0026566857
129,94,0.0,0.0018511494
129,95,0.0,0.0014676261
129,96,0.0,0.0020542126
129,97,0.0,0.0018263562
129,98,0.0,0.001884276
129,99,0.0,0.002728343
129,100,0.0,0.0024837074
129,101,0.0,0.00149028
129,102,0.0,0.002617024
129,103,0.0,0.0025910144
129,104,-0.141163687841681,0.0036173924
129,105,0.0,0.0025466303
129,106,0.0,0.0016162298
129,107,0.0,0.0016124975
129,108,0.0,0.0014913469
129,109,0.0,0.0014943508
129,110,0.0,0.0017997194
129,111,0.0,0.0019385498
129,112,0.0,0.0025849533
129,113,0.0,0.0036298726
129,114,0.0,0.0018644561
129,115,0.0,0.0023845318
129,116,0.0,0.002965293
129,117,0.0,0.0031288872
129,118,0.0,0.0024885996
129,119,0.0,0.0020772964
129,120,0.0,0.0033374163
129,121,0.0,0.0027829097
129,122,0.0,0.0017388863
129,123,0.0,0.0016010785
129,124,0.0,0.0020704893
129,125,-0.142259268750477,0.0032920362
129,126,0.0,0.0021492112
129,127,0.0,0.0014923662
129,128,0.0,0.0018191459
129,129,-0.444620553171262,0.030703487
129,130,0.0,0.0018320149
129,131,0.0,0.0033305236
129,132,0.0,0.0015030573
129,133,0.0,0.002465041
129,134,0.0,0.0027729804
129,135,0.173089731094366,0.0026645986
129,136,-0.152036222810259,0.0027424656
129,137,0.0,0.0019806628
129,138,0.0,0.0023971004
129,139,0.0,0.0019604596
129,140,0.0,0.00250337
129,141,0.0,0.001487432
129,142,0.142153720554742,0.0022477456
129,143,0.0,0.0016073361
129,144,0.160029866825058,0.0030557606
129,145,0.0,0.0031007794
129,146,0.148688603902668,0.0033266172
129,147,0.0,0.0022196844
129,148,0.0,0.002047428
129,149,0.0,0.0025893794
129,150,0.0,0.0015288214
129,151,0.0,0.0019854782
129,152,0.0,0.0017287228
129,153,0.0,0.0018533459
129,154,0.0,0.0016001891
129,155,0.0,0.0014801575
129,156,0.0,0.0015922091
129,157,0.0,0.003042717
129,158,0.0,0.0024596602
129,159,0.0,0.0022993675
129,160,0.0,0.0019958909
129,161,0.0,0.0015112474
129,162,0.0,0.00232794
129,163,0.0,0.0031926893
129,164,0.0,0.0021479917
129,165,0.0,0.0023210282
129,166,0.0,0.0023372937
129,167,0.0,0.0029997765
129,168,0.15028589156346,0.0034778412
129,169,0.0,0.0024802089
129,170,0.0,0.0024999385
129,171,0.0,0.0025911895
129,172,0.0,0.00249265
129,173,0.0,0.0035093934
129,174,0.0,0.001706575
129,175,0.0,0.0022338596
129,176,0.0,0.0022519357
129,177,0.0,0.0014712
129,178,0.0,0.002777969
129,179,-0.152773565840162,0.0018217005
129,180,0.0,0.001474537
129,181,0.0,0.0020128456
129,182,0.0,0.001647423
129,183,0.0,0.0018023276
129,184,0.0,0.0026874854
129,185,0.0,0.0020016097
129,186,0.0,0.0024477104
129,187,0.0,0.0024550166
129,188,0.0,0.001824351
129,189,0.0,0.0035630045
129,190,0.0,0.0026088688
129,191,0.0,0.0029626028
129,192,0.0,0.002287656
129,193,0.0,0.0014574467
129,194,0.0,0.0026069675
129,195,0.0,0.0021721702
129,196,0.0,0.0027177623
129,197,0.0,0.0029317494
129,198,0.139424766636894,0.0032266406
129,199,0.0,0.0038835984
129,200,0.0,0.0024628942
129,201,0.0,0.0027499613
129,202,0.0,0.0014853012
129,203,0.0,0.0025352542
129,204,0.0,0.0031277328
129,205,0.0,0.0017195186
129,206,0.0,0.0016020853
129,207,0.0,0.0025165165
129,208,0.0,0.0023319353
129,209,0.0,0.0026289863
129,210,0.0,0.0025952621
129,211,0.0,0.0026564198
129,212,0.0,0.003556333
129,213,0.0,0.0027558352
129,214,0.0,0.002368235
129,215,0.0,0.0025276043
129,216,-0.141960417718755,0.0022418303
129,217,-0.143554851045115,0.0016107056
129,218,0.0,0.0020688144
129,219,0.0,0.0027373806
129,220,0.0,0.00315306
129,221,0.0,0.002470693
129,222,0.0,0.0024848846
129,223,0.0,0.002665976
129,224,0.151348340273228,0.0035316763
129,225,0.0,0.0019616168
129,226,0.0,0.0027573514
129,227,0.0,0.0018461109
129,228,0.0,0.0023314124
129,229,0.0,0.0014961231
129,230,0.0,0.0030299472
129,231,0.0,0.001791372
129,232,0.0,0.0014941865
129,233,0.0,0.0019601057
129,234,0.0,0.0023300587
129,235,0.0,0.0027271928
129,236,0.0,0.0029682308
129,237,0.0,0.002399574
129,238,0.0,0.0035632737
129,239,0.0,0.0019300967
129,240,0.0,0.0020261095
129,241,0.0,0.0018741628
129,242,0.0,0.001488477
129,243,0.0,0.0014807484
129,244,0.0,0.0015657945
129,245,0.0,0.00533507
129,246,0.0,0.0018615983
129,247,0.0,0.0014923569
129,248,-0.152461927232206,0.0035986053
129,249,0.0,0.0024278527
129,250,0.0,0.0015809992
129,251,0.0,0.0014772401
129,252,0.0,0.002754787
129,253,0.0,0.0020206198
129,254,0.0,0.0018881597
129,255,0.0,0.002194479
129,256,0.0,0.0014870218
129,257,0.0,0.0015817918
129,258,0.0,0.0015266361
129,259,0.0,0.0014921459
129,260,0.0,0.0023668422
129,261,0.0,0.0026734835
129,262,0.0,0.0016168058
129,263,0.0,0.001773356
129,264,0.0,0.0020580995
129,265,0.0,0.0024502925
129,266,0.0,0.002350342
129,267,0.0,0.0024006595
129,268,0.0,0.0014972365
130,1,-0.152445122566474,0.0016973177
130,2,0.0,0.002501416
130,3,0.0,0.0017042779
130,4,0.0,0.002613421
130,5,0.0,0.001642975
130,6,0.0,0.0027780612
130,7,0.0,0.0021198043
130,8,0.0,0.002082706
130,9,-0.145521174762228,0.0021615182
130,10,0.150016957424511,0.0034226608
130,11,0.1566259144906,0.0033318247
130,12,0.0,0.0027724304
130,13,0.0,0.0016772412
130,14,0.0,0.0023898007
130,15,0.0,0.002547827
130,16,0.0,0.002591554
130,17,0.0,0.0024757423
130,18,0.151868314845441,0.0020246068
130,19,0.0,0.0036016204
130,20,0.0,0.0022259112
130,21,0.0,0.0017310763
130,22,0.0,0.0026983023
130,23,0.0,0.0027832608
130,24,0.0,0.0023207697
130,25,0.0,0.0026072878
130,26,0.0,0.0023311246
130,27,0.0,0.0017335247
130,28,0.0,0.0021504061
130,29,0.0,0.001876425
130,30,0.0,0.002310859
130,31,0.0,0.0029820814
130,32,0.145880802275253,0.002785685
130,33,0.0,0.0018141866
130,34,0.0,0.0028543584
130,35,0.0,0.0024923077
130,36,0.0,0.0022095959
130,37,0.0,0.0036290805
130,38,0.0,0.0026361537
130,39,0.0,0.0020927181
130,40,0.0,0.0035382714
130,41,0.0,0.0028133118
130,42,0.0,0.002784594
130,43,0.0,0.0016002394
130,44,0.0,0.0020616949
130,45,-0.152902791883303,0.002153352
130,46,0.0,0.0024315864
130,47,0.0,0.0027514538
130,48,0.0,0.003577422
130,49,0.0,0.0036299438
130,50,0.0,0.0024110493
130,51,0.0,0.0025651604
130,52,0.0,0.002524959
130,53,0.0,0.0025111106
130,54,0.0,0.0028785667
130,55,0.0,0.0025730375
130,56,0.0,0.002099285
130,57,0.0,0.003561363
130,58,0.0,0.002393636
130,59,0.0,0.0024333945
130,60,0.0,0.002025512
130,61,0.0,0.0020726598
130,62,0.0,0.002382454
130,63,0.0,0.0018051509
130,64,0.0,0.0034120302
130,65,0.0,0.0021346658
130,66,0.0,0.0033168406
130,67,0.0,0.0021816036
130,68,0.0,0.0030812938
130,69,0.0,0.0036172047
130,70,0.0,0.0024217828
130,71,0.0,0.0014661308
130,72,0.0,0.002883946
130,73,0.0,0.002450863
130,74,0.148607724022664,0.002802753
130,75,0.0,0.0025503049
130,76,0.0,0.0022755777
130,77,0.0,0.001490688
130,78,0.0,0.002565424
130,79,0.0,0.0033953656
130,80,0.0,0.0018974813
130,81,-0.153652127295022,0.0027690032
130,82,0.0,0.0029786741
130,83,0.0,0.0026464066
130,84,0.0,0.0023206398
130,85,0.0,0.0017769202
130,86,0.0,0.002645427
130,87,0.0,0.0023246375
130,88,0.0,0.0019026664
130,89,0.1472131162335,0.0023214086
130,90,0.0,0.0016138447
130,91,0.0,0.0023795501
130,92,0.0,0.0029083565
130,93,0.0,0.0025959685
130,94,0.0,0.002773974
130,95,0.144707227262031,0.0027506864
130,96,0.0,0.0022738473
130,97,0.0,0.0024188356
130,98,0.0,0.0028598388
130,99,0.0,0.0017467695
130,100,0.0,0.002872446
130,101,0.0,0.0026633735
130,102,0.0,0.0035477965
130,103,0.0,0.0026009334
130,104,0.0,0.0025147605
130,105,0.0,0.002343289
130,106,0.0,0.0026482437
130,107,0.0,0.0027500326
130,108,0.0,0.0031260308
130,109,0.0,0.0026156395
130,110,0.0,0.0020432193
130,111,0.0,0.001976442
130,112,0.0,0.002338218
130,113,0.0,0.0023565376
130,114,0.0,0.0019904226
130,115,0.0,0.0036277454
130,116,0.0,0.0020620823
130,117,0.0,0.0036127907
130,118,0.0,0.0024239528
130,119,0.0,0.0024649552
130,120,0.0,0.0023966278
130,121,0.0,0.0024774359
130,122,0.0,0.0020771953
130,123,0.0,0.0024232492
130,124,0.0,0.0024307072
130,125,0.0,0.0017610267
130,126,0.0,0.0017237864
130,127,0.0,0.0026144097
130,128,0.0,0.002469007
130,129,0.0,0.0018320149
130,130,0.0,0.030703487
130,131,0.0,0.0023279507
130,132,0.0,0.0014917315
130,133,0.0,0.0020450773
130,134,0.0,0.0016802074
130,135,0.0,0.0024093846
130,136,0.0,0.0020684823
130,137,0.0,0.0035347259
130,138,0.0,0.002542565
130,139,0.0,0.0021143341
130,140,0.0,0.003396919
130,141,0.154023291922851,0.002316839
130,142,0.0,0.0027004504
130,143,0.0,0.0023886124
130,144,-0.168742954525496,0.0022735056
130,145,0.0,0.002509763
130,146,0.0,0.0014906982
130,147,0.0,0.0017182827
130,148,0.0,0.002733854
130,149,0.0,0.0020481828
130,150,0.0,0.002002182
130,151,0.0,0.0025370587
130,152,0.0,0.0023954827
130,153,0.0,0.002681394
130,154,-0.170180265717335,0.0017864094
130,155,0.0,0.0027384893
130,156,0.0,0.0016124472
130,157,0.0,0.00301491
130,158,0.0,0.0017257258
130,159,0.150949735848182,0.0023511155
130,160,0.160020744637783,0.0015435512
130,161,0.0,0.0026255804
130,162,0.15155166064715,0.0024218746
130,163,0.0,0.0035481704
130,164,0.0,0.0029241703
130,165,0.0,0.0032028942
130,166,0.0,0.002058636
130,167,0.0,0.002374941
130,168,0.0,0.0020847865
130,169,0.0,0.0024556979
130,170,0.0,0.0027731145
130,171,0.0,0.002386853
130,172,0.0,0.0021734126
130,173,0.0,0.0025455304
130,174,0.0,0.00234323
130,175,0.0,0.003518534
130,176,0.0,0.0024672565
130,177,0.0,0.0026986212
130,178,0.0,0.0023141564
130,179,0.0,0.0025584102
130,180,0.160101853537621,0.0019971072
130,181,0.0,0.0027990309
130,182,0.0,0.0023850817
130,183,0.0,0.002785833
130,184,0.0,0.0023789564
130,185,0.0,0.002325478
130,186,0.0,0.002605538
130,187,0.0,0.0020808904
130,188,0.0,0.0035242145
130,189,0.0,0.0019351598
130,190,0.0,0.0028278902
130,191,0.0,0.002777588
130,192,0.0,0.0022452516
130,193,0.0,0.0026198132
130,194,0.0,0.0022627204
130,195,-0.157036444639937,0.0024081413
130,196,0.0,0.0026705828
130,197,0.0,0.0027264492
130,198,0.0,0.0023760218
130,199,0.0,0.0014598416
130,200,0.0,0.0023073102
130,201,0.0,0.0016719154
130,202,0.0,0.002697152
130,203,0.0,0.0024465243
130,204,0.0,0.0025607678
130,205,0.0,0.002457166
130,206,0.0,0.0023961626
130,207,0.0,0.002367766
130,208,0.0,0.002656132
130,209,0.0,0.002321681
130,210,0.0,0.0021464261
130,211,0.0,0.0025065849
130,212,0.0,0.002017398
130,213,0.0,0.0023142942
130,214,0.0,0.001564261
130,215,0.150641731413313,0.0024056346
130,216,0.0,0.0036192485
130,217,-0.151370929579672,0.0026346226
130,218,0.162591945686975,0.0022474206
130,219,0.0,0.0021763416
130,220,0.0,0.0016595712
130,221,0.0,0.0017282837
130,222,0.0,0.0026229299
130,223,0.0,0.0032904292
130,224,0.0,0.0033461857
130,225,0.0,0.0017801225
130,226,0.0,0.002500908
130,227,0.0,0.001945572
130,228,0.0,0.0026098806
130,229,-0.172961809551241,0.0030233911
130,230,0.0,0.0022801538
130,231,0.0,0.0020366916
130,232,0.0,0.0026136683
130,233,0.0,0.0023613633
130,234,0.0,0.0028020004
130,235,0.0,0.0015784386
130,236,0.0,0.002517813
130,237,0.0,0.0021824436
130,238,0.0,0.0024084942
130,239,0.0,0.0026424956
130,240,0.0,0.0033862004
130,241,0.0,0.0035167895
130,242,0.0,0.0016672881
130,243,0.0,0.002082964
130,244,0.0,0.0031201867
130,245,0.0,0.0017874665
130,246,0.0,0.0027219104
130,247,0.0,0.0024834368
130,248,0.0,0.0027614045
130,249,0.0,0.0034824614
130,250,0.0,0.0016676299
130,251,0.0,0.0026505035
130,252,0.0,0.00204449
130,253,0.0,0.0026976857
130,254,0.0,0.0015434786
130,255,0.0,0.0024446999
130,256,0.0,0.002220606
130,257,0.0,0.0025220728
130,258,0.0,0.0023114579
130,259,0.0,0.0026343642
130,260,0.0,0.0023542163
130,261,0.0,0.0014846572
130,262,0.154215881075426,0.001992383
130,263,0.0,0.0022381512
130,264,0.0,0.0017403336
130,265,0.0,0.0024661552
130,266,0.0,0.0029460718
130,267,0.0,0.0027568033
130,268,0.0,0.0033841268
131,1,0.0,0.0021770075
131,2,0.0,0.0035767606
131,3,0.0,0.0027756384
131,4,0.0,0.002556705
131,5,0.0,0.0026988871
131,6,0.0,0.002330814
131,7,0.0,0.0017691869
131,8,0.140877056224123,0.0024471898
131,9,0.0,0.0022965358
131,10,0.0,0.0033479836
131,11,0.0,0.0027864268
131,12,0.0,0.0026222337
131,13,0.136863059149656,0.0035369317
131,14,0.0,0.0016868571
131,15,0.0,0.0018145763
131,16,0.0,0.0019140025
131,17,0.0,0.0027024252
131,18,0.0,0.0025302828
131,19,0.0,0.0018721549
131,20,0.0,0.0022137528
131,21,0.0,0.0024802135
131,22,0.0,0.0023842696
131,23,0.0,0.0024794177
131,24,0.0,0.0022586468
131,25,0.0,0.0024558413
131,26,0.0,0.0027400912
131,27,0.143384143826377,0.0032877848
131,28,-0.14612855288749,0.0025626407
131,29,0.0,0.0025996892
131,30,0.0,0.0021797055
131,31,0.0,0.0025378736
131,32,0.0,0.0021208893
131,33,0.0,0.003955887
131,34,0.0,0.0019958378
131,35,0.0,0.0036214073
131,36,0.156541678574194,0.0023762705
131,37,0.0,0.0018200744
131,38,0.0,0.0027899896
131,39,0.0,0.0024822126
131,40,0.0,0.0024272418
131,41,0.0,0.0016772775
131,42,0.0,0.0017417008
131,43,0.0,0.001642101
131,44,0.0,0.0014924882
131,45,0.0,0.0025283583
131,46,0.0,0.0023429869
131,47,0.0,0.003742671
131,48,0.0,0.0026319898
131,49,0.0,0.0020220298
131,50,0.0,0.0034098178
131,51,0.0,0.001486544
131,52,0.0,0.0021586018
131,53,0.0,0.0019024792
131,54,0.0,0.0024535148
131,55,0.0,0.002421253
131,56,0.141794011838724,0.0014660847
131,57,0.0,0.0014915466
131,58,0.147510165987592,0.0026707505
131,59,0.0,0.0027781562
131,60,-0.138902799967092,0.001626147
131,61,0.0,0.003558041
131,62,0.0,0.0034574643
131,63,0.0,0.0014858162
131,64,0.0,0.0036132513
131,65,0.177977480945481,0.0026302682
131,66,0.0,0.0021179994
131,67,0.0,0.0014928104
131,68,0.0,0.0026853108
131,69,0.0,0.0024601896
131,70,0.0,0.0022402667
131,71,0.0,0.0032248357
131,72,0.0,0.0014859685
131,73,0.0,0.0035070088
131,74,0.0,0.0015691379
131,75,0.0,0.0027603698
131,76,0.0,0.0022871895
131,77,0.0,0.002514563
131,78,0.135964468276095,0.0027636643
131,79,0.0,0.003513625
131,80,0.0,0.0023962324
131,81,0.148126373431613,0.0019422146
131,82,0.0,0.00238455
131,83,0.0,0.0033481815
131,84,0.0,0.0027115238
131,85,0.0,0.0027283872
131,86,0.140783376452631,0.0018683337
131,87,0.0,0.0023416323
131,88,0.0,0.0023662574
131,89,0.0,0.002785136
131,90,0.0,0.0046581132
131,91,0.0,0.0016207821
131,92,0.0,0.003044324
131,93,0.0,0.002528029
131,94,0.0,0.0024861596
131,95,0.0,0.0024374248
131,96,0.0,0.0028378195
131,97,0.0,0.0024316711
131,98,0.0,0.0034584426
131,99,0.0,0.0030169552
131,100,0.0,0.0022092974
131,101,0.0,0.0029830975
131,102,0.0,0.0016754367
131,103,0.0,0.0033737174
131,104,0.0,0.0021776701
131,105,-0.137808080398876,0.0016661305
131,106,0.0,0.0024596811
131,107,0.0,0.0029489677
131,108,0.0,0.0025922973
131,109,0.0,0.0032749567
131,110,0.0,0.002535658
131,111,0.0,0.0027791564
131,112,0.0,0.0018254309
131,113,0.0,0.0031462628
131,114,0.0,0.0022867662
131,115,0.0,0.0017082226
131,116,0.0,0.0036054258
131,117,0.0,0.003092846
131,118,0.0,0.0018359455
131,119,0.0,0.0030594287
131,120,-0.157760234243162,0.0024664034
131,121,0.0,0.002280028
131,122,0.0,0.0025531743
131,123,0.0,0.0016375487
131,124,0.0,0.002104999
131,125,0.0,0.003530811
131,126,0.0,0.001690825
131,127,0.0,0.0016683768
131,128,0.0,0.002326246
131,129,0.0,0.0033305236
131,130,0.0,0.0023279507
131,131,0.0,0.030703487
131,132,0.0,0.0017069946
131,133,0.0,0.0018820576
131,134,0.0,0.001466027
131,135,0.0,0.0023775701
131,136,-0.158610705247546,0.0016665547
131,137,0.0,0.002684692
131,138,0.0,0.0018873345
131,139,0.0,0.002023235
131,140,0.0,0.003200295
131,141,0.0,0.0014854409
131,142,-0.148300855243483,0.0034246254
131,143,0.0,0.0015123105
131,144,0.0,0.0031077499
131,145,0.0,0.0022979365
131,146,0.0,0.0031134253
131,147,0.0,0.003408343
131,148,0.0,0.0016658176
131,149,0.0,0.0024835141
131,150,0.15051125863131,0.0014779535
131,151,0.0,0.0023479848
131,152,0.0,0.0025226856
131,153,-0.157197035331474,0.0024096929
131,154,0.0,0.0014714645
131,155,0.0,0.0024728947
131,156,0.0,0.0021709614
131,157,0.0,0.0014933846
131,158,0.0,0.0019656941
131,159,0.0,0.0019068047
131,160,0.0,0.0028708456
131,161,0.0,0.0031996034
131,162,0.0,0.0014686957
131,163,0.0,0.0022200863
131,164,0.0,0.0024455003
131,165,0.0,0.0020283088
131,166,0.0,0.0025389506
131,167,0.0,0.0027496298
131,168,0.0,0.0019153338
131,169,0.0,0.0025014132
131,170,0.0,0.003586586
131,171,0.0,0.002138095
131,172,0.0,0.0025504623
131,173,0.0,0.0025842278
131,174,0.0,0.0024243975
131,175,0.0,0.0020672465
131,176,0.0,0.002538755
131,177,0.0,0.0028686537
131,178,0.0,0.0020673582
131,179,0.0,0.0016366909
131,180,0.158400730287804,0.002767046
131,181,0.0,0.0024673156
131,182,0.0,0.0018716971
131,183,0.0,0.0014648209
131,184,0.0,0.0029438403
131,185,0.0,0.0018147598
131,186,0.0,0.0020145588
131,187,0.0,0.0026145563
131,188,-0.143599543783004,0.0026853024
131,189,0.0,0.002938813
131,190,0.0,0.0023232964
131,191,0.152086762289402,0.0024870192
131,192,0.0,0.0016292846
131,193,0.0,0.0016367538
131,194,0.0,0.001477485
131,195,0.0,0.0023688683
131,196,0.0,0.0016349885
131,197,0.0,0.0022511706
131,198,0.0,0.0023366436
131,199,0.0,0.002387594
131,200,0.0,0.002074859
131,201,0.0,0.0027366057
131,202,-0.158704059436187,0.0024971883
131,203,0.0,0.0033066971
131,204,-0.169034116422937,0.0023674425
131,205,0.0,0.0022312547
131,206,0.0,0.0021233424
131,207,0.0,0.0026143878
131,208,0.0,0.0016180663
131,209,0.0,0.0030551106
131,210,0.0,0.0034360127
131,211,0.0,0.002768796
131,212,0.0,0.0018578824
131,213,0.0,0.0023727324
131,214,0.0,0.0024219127
131,215,0.0,0.0017227735
131,216,0.0,0.002410945
131,217,0.0,0.0034566503
131,218,0.0,0.0015044641
131,219,0.0,0.0021619182
131,220,0.0,0.0015400886
131,221,0.0,0.0014921497
131,222,0.0,0.0023104101
131,223,0.0,0.0021387348
131,224,-0.15789307669621,0.0015093517
131,225,0.0,0.0026472071
131,226,0.0,0.0022757482
131,227,0.0,0.00294584
131,228,0.0,0.0014933613
131,229,0.0,0.002752447
131,230,0.0,0.0025621164
131,231,0.0,0.0020833444
131,232,0.0,0.002536361
131,233,-0.152879784869253,0.003215543
131,234,0.0,0.002529671
131,235,0.0,0.00336992
131,236,0.0,0.0019971821
131,237,0.0,0.0024057091
131,238,0.149703898681953,0.0014820704
131,239,0.0,0.0018655276
131,240,0.0,0.0014921506
131,241,-0.153384198701609,0.0014639376
131,242,0.162771789198989,0.0015461282
131,243,0.0,0.0021972898
131,244,0.0,0.0026393249
131,245,0.0,0.0024806685
131,246,0.0,0.0022294517
131,247,0.155957994223953,0.0017394293
131,248,0.0,0.0023517963
131,249,0.0,0.0014880272
131,250,0.0,0.002651548
131,251,0.0,0.002142495
131,252,0.0,0.0024360195
131,253,0.0,0.0027094684
131,254,0.0,0.001495616
131,255,0.0,0.0035200026
131,256,0.0,0.0027298895
131,257,0.0,0.0026139896
131,258,0.0,0.002422521
131,259,0.0,0.0023443107
131,260,0.0,0.0023688166
131,261,0.0,0.0025948272
131,262,0.0,0.0014852467
131,263,0.0,0.0026856046
131,264,0.0,0.0035518087
131,265,0.0,0.0015582815
131,266,0.0,0.002307367
131,267,0.0,0.0023225239
131,268,0.0,0.0026351055
132,1,0.0,0.001841607
132,2,0.0,0.0027865134
132,3,0.0,0.002761528
132,4,0.0,0.0024178075
132,5,0.0,0.002852941
132,6,0.0,0.0019094422
132,7,0.150520389681606,0.001565828
132,8,0.0,0.0016888375
132,9,0.0,0.002796215
132,10,-0.150491610488395,0.0026394483
132,11,0.0,0.0025975388
132,12,0.0,0.0022129454
132,13,0.0,0.0015925257
132,14,0.0,0.0035684784
132,15,0.0,0.0019156625
132,16,0.0,0.0015983479
132,17,0.0,0.0023579313
132,18,0.0,0.001528739
132,19,0.0,0.002568088
132,20,0.0,0.0016824263
132,21,-0.151155100824427,0.0027406574
132,22,-0.165309432940949,0.0023692208
132,23,0.150759883965538,0.0023347219
132,24,0.0,0.00157212
132,25,0.0,0.0036246018
132,26,0.0,0.002918946
132,27,0.0,0.0021517002
132,28,0.0,0.0017677816
132,29,0.0,0.0015104944
132,30,0.0,0.0025571543
132,31,0.0,0.0035925987
132,32,0.0,0.0023899996
132,33,0.0,0.0027777012
132,34,0.0,0.0021771924
132,35,0.0,0.0025364556
132,36,0.0,0.0024720174
132,37,0.0,0.002015925
132,38,0.0,0.0025622202
132,39,-0.154765648267168,0.00306042
132,40,0.0,0.002238505
132,41,0.0,0.0014932188
132,42,0.0,0.0024551582
132,43,0.0,0.002444446
132,44,0.0,0.0015821867
132,45,0.0,0.0020398065
132,46,0.0,0.0019475846
132,47,0.0,0.002340245
132,48,0.0,0.0026513836
132,49,0.0,0.0023840843
132,50,0.0,0.003382496
132,51,0.0,0.0014934964
132,52,0.0,0.0027496582
132,53,-0.144513304667256,0.0021676873
132,54,0.0,0.0017416053
132,55,0.0,0.003506977
132,56,0.0,0.0026918412
132,57,0.0,0.0024336264
132,58,0.0,0.0026006782
132,59,0.0,0.0022830064
132,60,0.0,0.0018471889
132,61,0.139102071304292,0.0024213167
132,62,0.0,0.002053537
132,63,0.0,0.0020554615
132,64,0.0,0.0032245019
132,65,0.0,0.0026270784
132,66,0.0,0.0014582206
132,67,0.0,0.001484843
132,68,0.0,0.0023330934
132,69,0.0,0.002774248
132,70,0.0,0.0018095062
132,71,0.0,0.0018571904
132,72,0.0,0.002413848
132,73,0.0,0.002827241
132,74,0.0,0.0036324183
132,75,0.0,0.002074155
132,76,0.0,0.0020438656
132,77,0.0,0.0022348524
132,78,0.0,0.0035453672
132,79,0.0,0.0024589757
132,80,0.0,0.00202223
132,81,0.0,0.0027594534
132,82,0.0,0.00289013
132,83,0.0,0.0030675586
132,84,0.0,0.0025778455
132,85,0.0,0.0015724087
132,86,0.0,0.0031146035
132,87,0.0,0.0017812755
132,88,0.153934426657832,0.0023439997
132,89,0.0,0.0015377654
132,90,0.0,0.0016812715
132,91,0.151241967893747,0.001904835
132,92,0.0,0.0023140097
132,93,0.0,0.0023573725
132,94,0.0,0.002229907
132,95,0.0,0.0015517576
132,96,0.0,0.0021023485
132,97,0.0,0.0026245206
132,98,-0.135218785566013,0.002375462
132,99,0.0,0.0024706204
132,100,0.0,0.0023476644
132,101,-0.145389198759973,0.0021792958
132,102,0.0,0.0027862699
132,103,0.0,0.002368413
132,104,0.0,0.0036070156
132,105,0.0,0.001695422
132,106,0.0,0.0023456286
132,107,0.0,0.0015255045
132,108,0.160846154082989,0.001947199
132,109,0.0,0.0018483456
132,110,0.0,0.001500553
132,111,0.0,0.0026339772
132,112,0.0,0.0023323554
132,113,0.0,0.0029318668
132,114,0.0,0.0025900486
132,115,0.0,0.002735232
132,116,0.0,0.0019326382
132,117,0.0,0.0024610762
132,118,0.0,0.0035618637
132,119,0.0,0.0033604633
132,120,0.0,0.002426641
132,121,0.0,0.0017938442
132,122,0.0,0.0018266207
132,123,0.0,0.0015749745
132,124,0.0,0.0018762262
132,125,0.0,0.0026877094
132,126,0.0,0.001493141
132,127,0.0,0.0016212901
132,128,0.0,0.0014938693
132,129,0.0,0.0015030573
132,130,0.15121218765989,0.0014917315
132,131,0.0,0.0017069946
132,132,0.0,0.030703487
132,133,-0.162957561422765,0.0024410738
132,134,0.0,0.0014763894
132,135,0.0,0.002226858
132,136,0.0,0.0024248296
132,137,0.0,0.0023312853
132,138,0.0,0.0033136555
132,139,0.0,0.0015842756
132,140,0.0,0.0023245234
132,141,0.0,0.0023373351
132,142,0.0,0.0027001505
132,143,-0.154548411669602,0.0014983844
132,144,0.0,0.002320421
132,145,-0.156049234940364,0.0035508424
132,146,0.0,0.0017685625
132,147,0.0,0.0025341455
132,148,0.0,0.0032148357
132,149,0.153059234471199,0.0032014786
132,150,0.0,0.0016095061
132,151,0.0,0.0034373067
132,152,0.0,0.002318514
132,153,0.0,0.0027887626
132,154,0.0,0.0014923532
132,155,0.0,0.0017998116
132,156,0.0,0.002517474
132,157,0.0,0.0032191258
132,158,0.0,0.0027446225
132,159,-0.151326091849729,0.0026661418
132,160,0.0,0.0023132432
132,161,0.0,0.001474096
132,162,0.0,0.0016905591
132,163,0.0,0.0021507945
132,164,0.0,0.0020998362
132,165,0.0,0.0025878092
132,166,0.0,0.003027822
132,167,-0.159904801461689,0.0026891516
132,168,0.158863554672902,0.002423049
132,169,0.0,0.001480185
132,170,0.0,0.001973976
132,171,0.0,0.0026426753
132,172,0.0,0.0032950132
132,173,0.0,0.0018424597
132,174,0.0,0.002234994
132,175,0.0,0.002872216
132,176,0.0,0.002250027
132,177,0.0,0.00204296
132,178,0.0,0.0029229284
132,179,0.161493214545522,0.0017401748
132,180,0.0,0.0016301586
132,181,0.0,0.002556413
132,182,0.0,0.0023895511
132,183,0.0,0.002049889
132,184,0.0,0.0019715987
132,185,0.0,0.002792227
132,186,-0.159682947167284,0.0018069539
132,187,0.0,0.0014973446
132,188,0.0,0.0023014508
132,189,0.160267992280068,0.0025634137
132,190,0.0,0.0017214506
132,191,0.0,0.0023948918
132,192,0.0,0.0028285314
132,193,0.0,0.0015790043
132,194,0.0,0.0023260769
132,195,0.0,0.00278875
132,196,0.0,0.0014931345
132,197,0.0,0.0023546861
132,198,0.0,0.0021775123
132,199,0.0,0.0017875996
132,200,0.0,0.0020557474
132,201,0.0,0.0023258515
132,202,0.0,0.0026967651
132,203,0.0,0.0014744252
132,204,0.0,0.00257626
132,205,0.0,0.0022366028
132,206,0.0,0.0016590087
132,207,0.0,0.0026815468
132,208,0.0,0.0025102496
132,209,0.0,0.0036248048
132,210,0.0,0.0023018257
132,211,0.0,0.0024841572
132,212,0.0,0.0025115013
132,213,0.0,0.0021190946
132,214,0.0,0.002562676
132,215,0.0,0.0033488572
132,216,0.0,0.002350315
132,217,0.0,0.0014849883
132,218,0.0,0.0017400393
132,219,0.0,0.0020815325
132,220,0.0,0.0027698162
132,221,0.0,0.0025536837
132,222,0.0,0.003612802
132,223,0.0,0.0018977011
132,224,0.0,0.0025518052
132,225,0.0,0.0014822343
132,226,0.0,0.0024128482
132,227,0.0,0.0017373352
132,228,0.0,0.0023375698
132,229,0.0,0.00183282
132,230,0.0,0.0027255528
132,231,0.0,0.002484365
132,232,0.0,0.0021235696
132,233,-0.15490687827835,0.0028270013
132,234,0.0,0.0027063177
132,235,0.0,0.00202878
132,236,0.0,0.0015919353
132,237,0.0,0.0019828114
132,238,0.0,0.0017310856
132,239,-0.15895152096757,0.0025034454
132,240,0.0,0.002076516
132,241,0.1554179803328,0.0021377113
132,242,0.0,0.0027869004
132,243,0.0,0.0025980347
132,244,0.0,0.0030549285
132,245,0.0,0.0014581936
132,246,0.0,0.0026010456
132,247,0.0,0.0016057128
132,248,0.0,0.0027603908
132,249,0.0,0.0014788671
132,250,0.0,0.0024053496
132,251,0.0,0.0024226387
132,252,0.0,0.003291042
132,253,0.0,0.0016913405
132,254,-0.156512619185918,0.0014728308
132,255,0.0,0.0021167519
132,256,0.0,0.0033141328
132,257,0.0,0.0025910158
132,258,0.0,0.0027714977
132,259,0.0,0.0023775594
132,260,0.148761686870936,0.002415414
132,261,0.0,0.0026426674
132,262,0.0,0.0015501743
132,263,0.148206581335158,0.0014938577
132,264,0.0,0.0020059985
132,265,0.0,0.0017398223
132,266,0.171757635350861,0.0035746759
132,267,0.0,0.0023739366
132,268,0.163844339467464,0.0017779972
133,1,0.0,0.003627921
133,2,0.0,0.0027615875
133,3,0.0,0.003585359
133,4,0.0,0.0027859043
133,5,0.0,0.0024594269
133,6,0.0,0.0020481143
133,7,0.0,0.0018921508
133,8,0.147169524883994,0.0016719028
133,9,0.0,0.0016152062
133,10,-0.151081673106427,0.0020203674
133,11,0.0,0.0026065512
133,12,-0.145127537889298,0.0028080153
133,13,0.0,0.0015127179
133,14,0.0,0.0016609565
133,15,0.0,0.002884678
133,16,0.0,0.0022176611
133,17,0.0,0.0026752502
133,18,0.0,0.002264048
133,19,0.0,0.002146659
133,20,0.0,0.0024783933
133,21,0.0,0.002614583
133,22,0.0,0.0016760584
133,23,0.0,0.0026265066
133,24,0.0,0.0015007071
133,25,0.0,0.0028366386
133,26,0.156111769994048,0.0021083048
133,27,0.0,0.002245965
133,28,0.0,0.0026380583
133,29,0.0,0.0024005524
133,30,0.0,0.0014929888
133,31,0.139753747254368,0.0025712731
133,32,0.0,0.0019210735
133,33,0.0,0.002321038
133,34,0.0,0.0022058766
133,35,0.0,0.003029977
133,36,0.0,0.0021920502
133,37,0.0,0.0017921198
133,38,0.0,0.0025733407
133,39,0.0,0.002398179
133,40,0.0,0.0033572474
133,41,0.0,0.002659232
133,42,0.0,0.0036124792
133,43,0.0,0.0021635098
133,44,0.0,0.0023866822
133,45,0.0,0.0032145553
133,46,0.0,0.0025761453
133,47,0.0,0.0017534643
133,48,0.0,0.003181119
133,49,0.0,0.0024488862
133,50,0.0,0.0023169797
133,51,0.0,0.00218589
133,52,0.0,0.0022909907
133,53,0.0,0.002665596
133,54,0.0,0.0014951597
133,55,0.0,0.0025420017
133,56,0.0,0.002443824
133,57,0.0,0.0018178266
133,58,0.0,0.0022191647
133,59,0.0,0.0024468973
133,60,0.0,0.0022842893
133,61,0.0,0.0020154994
133,62,0.0,0.0027566194
133,63,0.151594196365688,0.0024280194
133,64,0.0,0.00226455
133,65,0.0,0.001987901
133,66,0.0,0.0026701982
133,67,-0.1471787183735,0.001587878
133,68,0.0,0.0027329503
133,69,0.0,0.0025314083
133,70,0.0,0.0014966442
133,71,0.0,0.0018970887
133,72,0.0,0.0025704363
133,73,0.0,0.0025871228
133,74,0.0,0.0015264498
133,75,0.0,0.0027599805
133,76,0.0,0.0026443051
133,77,0.0,0.0026584654
133,78,0.0,0.0023833863
133,79,-0.169240106351782,0.0027656676
133,80,0.0,0.0017955545
133,81,0.0,0.0022000019
133,82,0.0,0.003410562
133,83,0.0,0.0025628884
133,84,0.0,0.0027284273
133,85,0.0,0.002240304
133,86,0.0,0.0016481266
133,87,0.0,0.0030190996
133,88,0.0,0.0027619568
133,89,0.0,0.0023387386
133,90,0.0,0.0018477761
133,91,0.0,0.003487629
133,92,0.0,0.003547016
133,93,0.0,0.0026435861
133,94,0.0,0.0023775818
133,95,0.145734258184385,0.0021502296
133,96,0.0,0.0025947513
133,97,-0.154838190231665,0.0036225272
133,98,0.0,0.0022830232
133,99,0.0,0.0023084679
133,100,0.0,0.0021505863
133,101,0.0,0.002769093
133,102,0.0,0.0023055687
133,103,0.0,0.0032423697
133,104,0.0,0.0017417399
133,105,0.0,0.0016612732
133,106,0.0,0.0025539207
133,107,0.0,0.0014665741
133,108,0.0,0.002116355
133,109,0.0,0.0023025572
133,110,-0.141760598180811,0.0025909408
133,111,0.0,0.0018685246
133,112,0.0,0.002154707
133,113,0.0,0.0026452248
133,114,0.0,0.0028249584
133,115,0.0,0.0029366976
133,116,0.0,0.0017407173
133,117,0.0,0.0015678047
133,118,0.0,0.0026832595
133,119,0.0,0.0015188772
133,120,0.0,0.0024271356
133,121,0.0,0.0025477624
133,122,0.0,0.0026924363
133,123,0.0,0.00302131
133,124,0.0,0.0019477801
133,125,0.0,0.0035104435
133,126,0.0,0.0017192545
133,127,0.0,0.0016302518
133,128,0.0,0.002262867
133,129,0.0,0.002465041
133,130,0.0,0.0020450773
133,131,0.0,0.0018820576
133,132,0.0,0.0024410738
133,133,0.0,0.030703487
133,134,-0.149150372839344,0.0024441965
133,135,0.0,0.0025332524
133,136,0.158991292115611,0.0026699896
133,137,0.0,0.0023383466
133,138,-0.171901681652459,0.002328727
133,139,0.0,0.0021003634
133,140,0.0,0.003487317
133,141,0.0,0.00253289
133,142,0.0,0.002247313
133,143,0.0,0.0025502946
133,144,0.0,0.0015554535
133,145,0.0,0.0027014967
133,146,0.0,0.0035757548
133,147,0.0,0.0024245582
133,148,0.0,0.0017832909
133,149,0.0,0.0021164985
133,150,0.0,0.0023868755
133,151,0.0,0.0035079038
133,152,0.0,0.002235468
133,153,0.0,0.0014940542
133,154,-0.168776066014229,0.0016641077
133,155,0.0,0.0033122231
133,156,0.0,0.0025768052
133,157,0.0,0.0024817218
133,158,0.0,0.0025498243
133,159,0.0,0.0026012436
133,160,0.158700373670185,0.0016535837
133,161,0.0,0.0019740853
133,162,0.0,0.0019127894
133,163,0.0,0.0029527913
133,164,0.0,0.002461514
133,165,0.0,0.0021987418
133,166,0.0,0.0023579835
133,167,0.0,0.0025922963
133,168,0.0,0.0033433428
133,169,0.0,0.0022956687
133,170,-0.157439323889129,0.002592354
133,171,0.0,0.0031793
133,172,0.0,0.0025420329
133,173,0.0,0.0023915004
133,174,0.0,0.001959904
133,175,-0.160972769417507,0.0031864517
133,176,0.0,0.0025988799
133,177,0.151265539350974,0.0018002884
133,178,0.0,0.0024388079
133,179,0.0,0.003626809
133,180,0.0,0.002769303
133,181,0.0,0.0027711717
133,182,0.0,0.0017572511
133,183,0.0,0.0020841835
133,184,0.0,0.0014794087
133,185,0.0,0.0017007976
133,186,0.0,0.0027880757
133,187,0.0,0.0035933359
133,188,0.0,0.001966721
133,189,0.0,0.002132364
133,190,0.0,0.0035809302
133,191,0.0,0.002770537
133,192,0.0,0.0014976654
133,193,0.0,0.0021438873
133,194,0.0,0.0036250572
133,195,0.155740697873937,0.0032865098
133,196,0.0,0.0017619766
133,197,0.0,0.001664965
133,198,0.0,0.0019589327
133,199,0.0,0.0034650587
133,200,0.0,0.0025153384
133,201,0.0,0.0023250151
133,202,0.0,0.0026210435
133,203,0.0,0.0014859941
133,204,0.0,0.0020241807
133,205,0.0,0.002570774
133,206,0.0,0.0034294724
133,207,0.0,0.002455507
133,208,0.0,0.0015568258
133,209,0.152376695070313,0.0027802684
133,210,0.0,0.0025718804
133,211,0.0,0.0019930033
133,212,0.0,0.002385891
133,213,0.0,0.0027707885
133,214,0.0,0.0023097754
133,215,0.149398749016768,0.0023671142
133,216,0.0,0.0034140567
133,217,0.0,0.0024274033
133,218,0.0,0.0014863405
133,219,0.0,0.0034413696
133,220,0.0,0.0024296753
133,221,0.187080329053648,0.0025518248
133,222,0.0,0.0026142974
133,223,0.0,0.00256351
133,224,0.0,0.0033365092
133,225,0.158294099848865,0.0022029472
133,226,0.0,0.0022101328
133,227,0.0,0.0027134693
133,228,0.0,0.0028574932
133,229,-0.17153465863808,0.0015193294
133,230,0.0,0.00351508
133,231,0.0,0.0022358513
133,232,0.0,0.002406076
133,233,0.0,0.0025383243
133,234,0.0,0.0023672865
133,235,0.0,0.0024592606
133,236,0.0,0.0021922165
133,237,0.0,0.0016487688
133,238,0.0,0.0019014888
133,239,0.0,0.0029187026
133,240,0.0,0.0023607463
133,241,0.0,0.001687258
133,242,0.0,0.0023623337
133,243,0.0,0.0024582595
133,244,0.0,0.0025929883
133,245,0.0,0.0025239126
133,246,0.0,0.0023525124
133,247,0.0,0.002502304
133,248,-0.159436470868764,0.002450171
133,249,0.0,0.0016401727
133,250,0.0,0.0018396815
133,251,0.0,0.0018286388
133,252,0.0,0.0020999792
133,253,0.0,0.0034822067
133,254,0.0,0.0016726502
133,255,0.0,0.0022257958
133,256,0.0,0.0035939505
133,257,0.0,0.002523324
133,258,0.0,0.0026235841
133,259,0.0,0.0022729915
133,260,0.0,0.0033509838
133,261,0.0,0.002397304
133,262,0.0,0.002784253
133,263,0.0,0.0019831136
133,264,0.0,0.0031720544
133,265,0.0,0.0022937013
133,266,0.0,0.0034254505
133,267,0.0,0.0018577911
133,268,0.0,0.0017426959
134,1,0.0,0.0017623799
134,2,0.0,0.0031876294
134,3,0.0,0.002767596
134,4,0.0,0.0023240391
134,5,0.0,0.0023747985
134,6,0.0,0.0015378501
134,7,0.0,0.0026410217
134,8,0.0,0.0023015249
134,9,0.0,0.0023220475
134,10,0.0,0.0027313102
134,11,0.0,0.0029481403
134,12,0.0,0.0035259407
134,13,0.0,0.0023295875
134,14,0.0,0.0026605185
134,15,0.0,0.001970171
134,16,0.0,0.0015444919
134,17,0.0,0.002770272
134,18,0.0,0.0022425246
134,19,0.0,0.0026538372
134,20,0.0,0.0016900972
134,21,-0.145108386039158,0.0023991996
134,22,0.0,0.0022357348
134,23,0.0,0.0027748258
134,24,0.0,0.0027396777
134,25,0.0,0.0024652053
134,26,0.0,0.0016032839
134,27,0.0,0.0027825944
134,28,0.0,0.0024926094
134,29,0.0,0.0024982914
134,30,0.0,0.003345923
134,31,0.0,0.0031778393
134,32,0.0,0.0027512992
134,33,0.0,0.0028571011
134,34,0.0,0.0020320541
134,35,-0.143707065352128,0.0034308243
134,36,0.0,0.0016576634
134,37,0.0,0.0027861865
134,38,0.0,0.0018652375
134,39,0.0,0.0019211718
134,40,0.0,0.0034558084
134,41,0.0,0.0016128304
134,42,0.0,0.0021508443
134,43,0.0,0.0023952192
134,44,0.0,0.0014921688
134,45,0.0,0.0019181943
134,46,0.0,0.0022741337
134,47,0.0,0.0031990306
134,48,0.0,0.0024828333
134,49,0.0,0.0021903324
134,50,0.0,0.0023439173
134,51,0.0,0.002558
134,52,0.0,0.002564916
134,53,0.0,0.0021837433
134,54,0.0,0.0019182321
134,55,0.0,0.0024206508
134,56,0.0,0.0026823157
134,57,0.0,0.0027656746
134,58,0.0,0.0025971988
134,59,0.0,0.0025499421
134,60,0.0,0.0026146304
134,61,0.133537518426952,0.0027861302
134,62,0.0,0.0027667345
134,63,0.0,0.001487385
134,64,0.0,0.003328729
134,65,-0.177792273711515,0.003066822
134,66,0.0,0.0017755884
134,67,0.0,0.0025080945
134,68,0.0,0.0023458232
134,69,0.0,0.0028353436
134,70,0.0,0.0030387356
134,71,0.0,0.0025463724
134,72,0.0,0.0014938298
134,73,0.0,0.001637971
134,74,0.0,0.0021135937
134,75,0.135650264246037,0.0017130203
134,76,0.0,0.0019656303
134,77,0.0,0.00166371
134,78,0.0,0.0026532817
134,79,0.0,0.0018617944
134,80,0.0,0.0023060786
134,81,0.147972229908764,0.0025799135
134,82,0.0,0.0021551587
134,83,0.0,0.0023561185
134,84,0.147366830016771,0.002612939
134,85,0.0,0.0026022159
134,86,0.0,0.0016075661
134,87,0.0,0.0022487924
134,88,-0.147776529447899,0.0030295933
134,89,0.0,0.0025845063
134,90,0.0,0.0038203308
134,91,0.0,0.0028432994
134,92,0.0,0.0021666987
134,93,0.143616836226253,0.0025805715
134,94,0.0,0.0025654114
134,95,0.0,0.0017300979
134,96,0.0,0.0017839111
134,97,0.0,0.0024006316
134,98,0.0,0.0035100398
134,99,0.0,0.0021821084
134,100,0.0,0.0034232447
134,101,0.0,0.0024067373
134,102,0.143007475935251,0.001492532
134,103,0.0,0.0029130052
134,104,0.136588279487461,0.0025921664
134,105,-0.137664674315965,0.0027678357
134,106,0.0,0.0018723714
134,107,0.0,0.0020697806
134,108,0.0,0.0015129624
134,109,0.0,0.0023200116
134,110,0.0,0.0017025536
134,111,0.0,0.00252411
134,112,0.0,0.0025695558
134,113,-0.154065799296732,0.0031852047
134,114,0.0,0.0023022434
134,115,0.0,0.0024306863
134,116,0.0,0.002359211
134,117,0.0,0.0018830965
134,118,0.141044684761715,0.003113897
134,119,0.0,0.0023600967
134,120,0.0,0.0027616662
134,121,0.0,0.0017131255
134,122,0.0,0.0028717471
134,123,0.0,0.0016281195
134,124,0.0,0.0017568516
134,125,0.0,0.0026148972
134,126,-0.140967232133572,0.00241195
134,127,0.0,0.0031595267
134,128,0.0,0.0023232792
134,129,0.0,0.0027729804
134,130,0.0,0.0016802074
134,131,0.0,0.001466027
134,132,0.0,0.0014763894
134,133,0.0,0.0024441965
134,134,0.0,0.030703487
134,135,0.0,0.001482625
134,136,0.0,0.0021101017
134,137,0.0,0.0022882558
134,138,0.0,0.0026935078
134,139,0.0,0.0024272278
134,140,0.0,0.0014788778
134,141,0.0,0.0018531261
134,142,0.0,0.0031595952
134,143,0.0,0.0019470742
134,144,0.0,0.0021887887
134,145,0.0,0.0022637746
134,146,0.0,0.0025278595
134,147,0.0,0.0017543361
134,148,0.0,0.0016308418
134,149,0.0,0.0017644982
134,150,0.0,0.0014929641
134,151,0.0,0.0017975005
134,152,0.0,0.0026991013
134,153,0.0,0.0026619202
134,154,0.0,0.0023738882
134,155,0.0,0.0024197372
134,156,0.0,0.0015857145
134,157,0.0,0.0014959509
134,158,0.0,0.00229603
134,159,0.0,0.0022362554
134,160,-0.146827556741893,0.0018304368
134,161,0.0,0.002255423
134,162,0.139056721073048,0.0018806946
134,163,0.0,0.0023655286
134,164,-0.136027374148865,0.0025055357
134,165,0.0,0.0029614153
134,166,0.0,0.002528979
134,167,0.0,0.0026460253
134,168,0.0,0.0027797855
134,169,0.0,0.0023637735
134,170,0.0,0.0027702386
134,171,0.0,0.0036323164
134,172,0.0,0.0024941652
134,173,0.0,0.0027311058
134,174,0.0,0.00218273
134,175,0.0,0.002517675
134,176,0.0,0.00234597
134,177,0.0,0.0019865055
134,178,0.0,0.0035911552
134,179,0.0,0.002451342
134,180,0.0,0.0014772532
134,181,0.0,0.0023250263
134,182,0.0,0.0023011002
134,183,0.0,0.0015975283
134,184,0.0,0.0022843396
134,185,0.0,0.001758425
134,186,0.0,0.0014852341
134,187,0.0,0.0022399453
134,188,0.0,0.001633808
134,189,0.0,0.0033394066
134,190,0.0,0.0019324888
134,191,0.0,0.0035958425
134,192,0.0,0.002385974
134,193,0.0,0.0017166911
134,194,0.0,0.0025498276
134,195,0.0,0.0026201042
134,196,0.0,0.0019493615
134,197,0.0,0.0017330325
134,198,0.0,0.003110359
134,199,0.0,0.0034665233
134,200,0.0,0.0023443494
134,201,0.0,0.0026736856
134,202,0.0,0.0023732078
134,203,0.0,0.0022862502
134,204,0.0,0.0018822579
134,205,0.0,0.0023136656
134,206,0.0,0.0027697794
134,207,0.0,0.0027022706
134,208,0.0,0.0027406425
134,209,0.0,0.0025365185
134,210,0.0,0.0027322867
134,211,0.0,0.002541028
134,212,0.0,0.0016256897
134,213,0.0,0.0025524916
134,214,-0.151284140559585,0.0029372005
134,215,0.0,0.0014716117
134,216,0.137348258985441,0.0023947065
134,217,0.0,0.0019064797
134,218,-0.149186770660061,0.0024339505
134,219,0.0,0.002754576
134,220,0.0,0.0023040944
134,221,0.0,0.0021651927
134,222,0.0,0.0027819937
134,223,0.0,0.0016241744
134,224,0.0,0.0032193144
134,225,-0.146451677396602,0.0021001291
134,226,0.0,0.002253096
134,227,0.0,0.0018353844
134,228,0.0,0.001824616
134,229,0.0,0.0034856796
134,230,0.0,0.0026752348
134,231,0.0,0.0025970004
134,232,-0.136827600081189,0.0020123129
134,233,0.0,0.0030555595
134,234,0.0,0.0035212487
134,235,0.0,0.0036247591
134,236,0.0,0.002962945
134,237,0.0,0.0015795943
134,238,0.0,0.0014937073
134,239,0.0,0.0027708826
134,240,0.0,0.00207928
134,241,0.142249610942795,0.0021791956
134,242,0.0,0.0018134471
134,243,0.0,0.002425822
134,244,-0.143800139990899,0.0031852443
134,245,0.0,0.0035911123
134,246,0.0,0.0027115904
134,247,0.0,0.0027702763
134,248,0.0,0.0023840922
134,249,0.0,0.002535983
134,250,0.0,0.0036110212
134,251,0.0,0.0017976654
134,252,0.0,0.0024849363
134,253,0.0,0.002614222
134,254,0.143251502426943,0.0033154134
134,255,0.0,0.0027725268
134,256,0.0,0.0027587
134,257,0.0,0.002631274
134,258,0.0,0.0023070378
134,259,0.0,0.00348891
134,260,0.0,0.0025575776
134,261,0.0,0.0025910432
134,262,0.0,0.0014896146
134,263,0.0,0.0024689483
134,264,0.0,0.0022160402
134,265,0.0,0.0027148984
134,266,0.0,0.0014986666
134,267,0.0,0.0023106239
134,268,0.0,0.0022990843
135,1,0.0,0.002384605
135,2,0.0,0.0025176061
135,3,0.0,0.0034843679
135,4,0.0,0.0026685842
135,5,0.0,0.002735518
135,6,0.0,0.0020690449
135,7,0.0,0.0027438109
135,8,0.0,0.0024062241
135,9,0.0,0.002264583
135,10,0.0,0.0023887428
135,11,0.0,0.0027514528
135,12,0.0,0.0028322493
135,13,0.0,0.0021393644
135,14,0.0,0.003485924
135,15,0.0,0.0020443741
135,16,0.143329926843456,0.0016071536
135,17,0.0,0.0024369038
135,18,0.0,0.0033247015
135,19,0.0,0.0022815508
135,20,0.0,0.0021912172
135,21,0.0,0.0025241096
135,22,0.0,0.001727304
135,23,0.0,0.0015837508
135,24,0.0,0.0025751814
135,25,0.0,0.0024575987
135,26,0.0,0.001805102
135,27,0.0,0.0016841716
135,28,0.15589111951512,0.0026031318
135,29,0.0,0.002101155
135,30,0.0,0.0024343096
135,31,0.0,0.002433518
135,32,0.0,0.003457998
135,33,0.0,0.003340484
135,34,0.0,0.0025749588
135,35,0.0,0.0027650967
135,36,0.0,0.0026044166
135,37,0.0,0.0020795944
135,38,0.0,0.003573161
135,39,0.0,0.0025992664
135,40,0.0,0.003207367
135,41,0.0,0.0014936496
135,42,0.0,0.0031885887
135,43,0.0,0.0025547314
135,44,0.0,0.0014934731
135,45,0.0,0.0026016352
135,46,0.0,0.0024504447
135,47,0.0,0.0018846514
135,48,0.0,0.0026783892
135,49,0.0,0.002619863
135,50,0.0,0.0031108656
135,51,0.0,0.0017909966
135,52,0.0,0.002478714
135,53,0.0,0.0019409647
135,54,0.0,0.002784716
135,55,0.0,0.0034163645
135,56,0.0,0.0021214904
135,57,0.0,0.0024290155
135,58,0.0,0.0025530434
135,59,-0.159083274516827,0.0027665286
135,60,0.0,0.0015906869
135,61,0.0,0.0019411184
135,62,0.0,0.0028466005
135,63,0.154807232813203,0.0025565191
135,64,0.0,0.001596434
135,65,0.0,0.0026179324
135,66,0.0,0.0031262222
135,67,0.0,0.001989426
135,68,0.0,0.0027410854
135,69,0.0,0.0018543811
135,70,0.0,0.0016833539
135,71,0.0,0.0018197615
135,72,0.0,0.0029011234
135,73,0.0,0.0026609339
135,74,0.0,0.0026701675
135,75,0.0,0.0026131598
135,76,0.0,0.0022571967
135,77,0.0,0.0031761047
135,78,0.0,0.0019612634
135,79,0.0,0.0027456945
135,80,0.0,0.0023405529
135,81,0.0,0.0017397241
135,82,0.0,0.0020142663
135,83,0.0,0.002949723
135,84,-0.15737589232304,0.0026340294
135,85,0.0,0.0026050722
135,86,0.0,0.002057474
135,87,0.0,0.0028007086
135,88,0.0,0.0031081843
135,89,0.151400256591836,0.0036128354
135,90,0.0,0.0016764635
135,91,0.0,0.001982519
135,92,0.0,0.0025678887
135,93,0.0,0.0021998966
135,94,0.0,0.0027784063
135,95,0.0,0.0026130904
135,96,0.0,0.002298771
135,97,0.0,0.0016431147
135,98,0.0,0.0025542444
135,99,0.0,0.0033147852
135,100,0.0,0.0025909594
135,101,0.0,0.0032890565
135,102,0.0,0.0017051082
135,103,0.0,0.0034035593
135,104,0.0,0.0024536732
135,105,-0.147014772315929,0.003587605
135,106,0.0,0.002128126
135,107,0.0,0.0026035756
135,108,0.0,0.0018989095
135,109,0.0,0.0024304865
135,110,0.0,0.0024187225
135,111,0.0,0.0024070423
135,112,0.0,0.003475326
135,113,0.164529851378539,0.0017013722
135,114,0.0,0.002444407
135,115,-0.146443918964651,0.001775559
135,116,0.0,0.0023352462
135,117,0.0,0.0035763797
135,118,0.0,0.0032083262
135,119,0.0,0.0023399717
135,120,0.0,0.0026422325
135,121,0.0,0.0033035995
135,122,0.0,0.0021508713
135,123,0.0,0.0022397335
135,124,0.0,0.0021309177
135,125,0.0,0.00259719
135,126,0.0,0.00327024
135,127,0.0,0.001487256
135,128,0.0,0.0018352792
135,129,0.154292980069433,0.0026645986
135,130,0.0,0.0024093846
135,131,-0.149447542441411,0.0023775701
135,132,0.155513072457539,0.002226858
135,133,0.0,0.0025332524
135,134,0.0,0.001482625
135,135,0.874307103222236,0.030703487
135,136,0.0,0.001825701
135,137,0.0,0.0033015986
135,138,0.0,0.0025040908
135,139,0.0,0.0023199008
135,140,0.0,0.0025468306
135,141,0.0,0.0024684477
135,142,0.0,0.0017842753
135,143,0.0,0.0027333861
135,144,0.0,0.002156559
135,145,0.0,0.0029168813
135,146,0.174584949301438,0.0017436873
135,147,0.0,0.0027946583
135,148,0.0,0.0024001068
135,149,0.0,0.003432997
135,150,0.0,0.0023355167
135,151,0.0,0.0036243764
135,152,0.0,0.0024602236
135,153,0.0,0.0020258962
135,154,0.18950196155395,0.002598816
135,155,0.0,0.0021937885
135,156,0.0,0.0025608134
135,157,0.0,0.002439273
135,158,0.0,0.0035789963
135,159,0.0,0.0023394586
135,160,0.0,0.0026573855
135,161,0.0,0.0036321902
135,162,0.0,0.0032064817
135,163,0.0,0.0017327443
135,164,0.0,0.0015888559
135,165,0.0,0.0024672966
135,166,0.0,0.0024264962
135,167,0.0,0.0024762843
135,168,0.0,0.0026424737
135,169,0.0,0.0031972975
135,170,0.0,0.0026718741
135,171,0.0,0.0016476898
135,172,0.184256292546299,0.0024347673
135,173,0.0,0.0024413597
135,174,-0.184089817687988,0.0015498656
135,175,0.0,0.0027587265
135,176,0.17809512958575,0.0035050525
135,177,0.0,0.0028553233
135,178,0.0,0.0024934802
135,179,0.179381368489169,0.0025027934
135,180,0.0,0.0029398217
135,181,0.0,0.0033803154
135,182,0.0,0.0022204723
135,183,0.0,0.0018252921
135,184,0.0,0.001724503
135,185,0.0,0.0026358464
135,186,0.0,0.0018496606
135,187,0.0,0.0031188773
135,188,0.0,0.002550229
135,189,-0.178020431763134,0.0035194801
135,190,0.0,0.0027409433
135,191,0.0,0.0015760944
135,192,0.0,0.001647797
135,193,0.0,0.001768739
135,194,0.0,0.0014854572
135,195,0.174865835173595,0.0035806075
135,196,0.0,0.0029906929
135,197,-0.167037532976925,0.003194848
135,198,0.0,0.0027829357
135,199,0.0,0.0027836794
135,200,0.0,0.0024773749
135,201,0.0,0.0015397929
135,202,0.0,0.0025093541
135,203,0.0,0.0018639364
135,204,0.0,0.0031760624
135,205,0.0,0.0027808836
135,206,0.0,0.002769419
135,207,0.169750329191821,0.0021990119
135,208,0.0,0.00294438
135,209,0.0,0.002662839
135,210,0.0,0.002586178
135,211,0.0,0.0031294296
135,212,0.0,0.0014941618
135,213,0.0,0.0025917254
135,214,0.0,0.0023149648
135,215,0.167745087683208,0.0032783076
135,216,0.0,0.0027679023
135,217,0.0,0.0023930813
135,218,0.0,0.0025564549
135,219,0.0,0.0014929906
135,220,0.0,0.0019608545
135,221,0.0,0.0020096488
135,222,0.0,0.0021200245
135,223,0.0,0.0019446961
135,224,0.0,0.002742698
135,225,0.0,0.0024476233
135,226,0.0,0.0024667694
135,227,0.0,0.0036288276
135,228,0.0,0.0019271197
135,229,0.0,0.002236843
135,230,0.0,0.002602886
135,231,0.0,0.0023091664
135,232,0.0,0.0025647245
135,233,0.0,0.003583929
135,234,0.0,0.00278336
135,235,0.0,0.0015864591
135,236,0.0,0.0030694748
135,237,0.0,0.0024546734
135,238,0.0,0.0026809452
135,239,0.176558138587058,0.0024318458
135,240,0.0,0.0021173283
135,241,0.0,0.0035584099
135,242,0.0,0.0032525822
135,243,0.0,0.0015028431
135,244,0.0,0.0021098978
135,245,0.0,0.0024531675
135,246,0.0,0.0033236807
135,247,0.0,0.0024953936
135,248,0.0,0.003601632
135,249,0.183630497553582,0.003609553
135,250,0.0,0.001706108
135,251,0.0,0.0022679726
135,252,0.0,0.0030113957
135,253,0.0,0.0024520122
135,254,0.0,0.0019812426
135,255,0.0,0.0024391068
135,256,0.0,0.0025913883
135,257,0.0,0.0024398775
135,258,0.171065418090004,0.0025745393
135,259,0.0,0.0027686493
135,260,0.0,0.0025474415
135,261,0.0,0.0023456318
135,262,0.0,0.0024592471
135,263,0.0,0.0025794716
135,264,0.0,0.003446958
135,265,0.0,0.0018066433
135,266,0.0,0.0034146062
135,267,0.0,0.0031209183
135,268,0.0,0.0018909071
136,1,0.0,0.0017744387
136,2,0.0,0.0027747964
136,3,0.0,0.0018125847
136,4,0.0,0.0023063873
136,5,0.0,0.0027112244
136,6,0.0,0.0017360416
136,7,0.0,0.0030503967
136,8,0.0,0.0025505745
136,9,0.0,0.0025358857
136,10,0.0,0.002939541
136,11,0.0,0.0027731531
136,12,0.0,0.002614892
136,13,0.0,0.0025540623
136,14,0.0,0.002434201
136,15,0.0,0.0024387352
136,16,0.0,0.0035417597
136,17,0.0,0.002434962
136,18,0.0,0.0029269704
136,19,0.0,0.0027238373
136,20,0.0,0.0023420248
136,21,0.0,0.002341778
136,22,-0.153489892196018,0.0022923718
136,23,0.0,0.0021830564
136,24,-0.130386624885947,0.0022998252
136,25,0.0,0.0021868767
136,26,0.0,0.0023723599
136,27,0.0,0.0022123554
136,28,0.0,0.0023673582
136,29,0.0,0.0032418515
136,30,0.0,0.0025309771
136,31,0.0,0.0024774107
136,32,0.0,0.0023350772
136,33,0.0,0.0017628223
136,34,0.0,0.0016002776
136,35,-0.138992242296586,0.0035749786
136,36,0.0,0.0026576687
136,37,0.0,0.0022794302
136,38,0.0,0.0028169607
136,39,0.0,0.0027822084
136,40,0.0,0.002451716
136,41,0.0,0.0027532377
136,42,0.0,0.002433951
136,43,0.0,0.001720882
136,44,0.0,0.0016426849
136,45,0.0,0.00336529
136,46,0.0,0.002423028
136,47,0.0,0.0019882335
136,48,0.0,0.0033885138
136,49,0.0,0.0034940382
136,50,0.136299577229154,0.0022684876
136,51,0.0,0.0024064807
136,52,0.0,0.0019575204
136,53,0.0,0.0023503657
136,54,0.0,0.0030975873
136,55,0.0,0.0035113427
136,56,0.0,0.002107617
136,57,0.0,0.0015481482
136,58,0.0,0.003457175
136,59,0.0,0.0023470344
136,60,0.0,0.0030983048
136,61,0.129156343645346,0.0017461823
136,62,0.0,0.0020380262
136,63,0.0,0.0024034847
136,64,0.0,0.0018816809
136,65,0.0,0.0024289424
136,66,0.0,0.0028749732
136,67,0.0,0.0032761204
136,68,0.0,0.0016712858
136,69,0.0,0.003519162
136,70,0.0,0.0027141105
136,71,0.0,0.002619254
136,72,0.132463643292212,0.0019562687
136,73,0.0,0.0027694884
136,74,0.0,0.0016959421
136,75,0.0,0.0034754444
136,76,0.0,0.0021482394
136,77,0.0,0.0031504463
136,78,0.131366823169671,0.0026797708
136,79,0.0,0.0014820909
136,80,0.0,0.0015685223
136,81,0.0,0.0031443476
136,82,0.0,0.0026412932
136,83,0.0,0.002672825
136,84,0.0,0.0026185075
136,85,0.0,0.0035614134
136,86,0.0,0.0021648393
136,87,0.0,0.0024372395
136,88,0.0,0.00233394
136,89,0.137119931533592,0.0025311345
136,90,0.0,0.0016465234
136,91,0.0,0.0022320016
136,92,0.0,0.003551037
136,93,0.138904973459142,0.0029967776
136,94,0.0,0.0024891593
136,95,0.0,0.002485992
136,96,0.0,0.0024496517
136,97,0.0,0.003296398
136,98,0.0,0.0027236352
136,99,0.0,0.0024303803
136,100,0.0,0.0025356235
136,101,0.0,0.0031195213
136,102,0.13831560540681,0.0025644843
136,103,0.0,0.0025976775
136,104,0.0,0.0025327462
136,105,0.0,0.003447977
136,106,0.0,0.0024805367
136,107,0.0,0.0026385044
136,108,0.0,0.0036054784
136,109,0.0,0.0026806914
136,110,0.0,0.0034595225
136,111,0.0,0.003182278
136,112,0.0,0.0026550135
136,113,0.0,0.0015102057
136,114,0.0,0.0027916385
136,115,0.0,0.002567925
136,116,0.0,0.0031919563
136,117,0.0,0.0020607184
136,118,0.0,0.0018823752
136,119,0.0,0.0023246831
136,120,0.0,0.0024366076
136,121,0.0,0.0019798633
136,122,0.0,0.0021466361
136,123,0.0,0.0018072063
136,124,0.0,0.0035691536
136,125,0.0,0.0027349014
136,126,-0.136342299083058,0.0035744365
136,127,0.0,0.0027805464
136,128,0.0,0.0025012754
136,129,0.0,0.0027424656
136,130,0.0,0.0020684823
136,131,0.0,0.0016665547
136,132,0.0,0.0024248296
136,133,0.0,0.0026699896
136,134,0.135210551034524,0.0021101017
136,135,0.0,0.001825701
136,136,0.0,0.030703487
136,137,0.0,0.0027159452
136,138,0.0,0.0018297331
136,139,0.0,0.0021659979
136,140,0.0,0.0026552351
136,141,0.0,0.002755065
136,142,-0.146609838890952,0.0020036534
136,143,0.150786814991776,0.0023596846
136,144,0.0,0.0032555824
136,145,0.0,0.0030246791
136,146,0.0,0.0014797393
136,147,0.0,0.0023817783
136,148,0.0,0.0030324236
136,149,0.0,0.0020701601
136,150,0.0,0.002576685
136,151,0.0,0.0024223756
136,152,0.0,0.0023848591
136,153,0.0,0.0016359882
136,154,0.0,0.0035069245
136,155,0.0,0.0027244855
136,156,0.0,0.0018276768
136,157,0.0,0.0020958707
136,158,0.0,0.00205643
136,159,0.0,0.0033556372
136,160,0.0,0.0022968533
136,161,0.0,0.0022455412
136,162,0.0,0.002698204
136,163,0.0,0.0021621478
136,164,0.0,0.002393946
136,165,0.0,0.0034239911
136,166,0.0,0.0026838654
136,167,0.0,0.003623101
136,168,0.0,0.002356703
136,169,0.0,0.0026011495
136,170,0.0,0.0027721971
136,171,0.0,0.0032884758
136,172,0.0,0.002434575
136,173,-0.148135147968932,0.0024619554
136,174,0.0,0.0025076736
136,175,0.0,0.0031207567
136,176,0.156432797208282,0.0032953904
136,177,0.0,0.0022606011
136,178,0.0,0.002836206
136,179,0.0,0.0033020545
136,180,0.0,0.0033409726
136,181,0.157292865051395,0.0031786845
136,182,0.0,0.002310413
136,183,0.0,0.002575547
136,184,0.0,0.0018341881
136,185,0.0,0.002389195
136,186,0.0,0.0024312446
136,187,0.0,0.00244394
136,188,0.0,0.0032891915
136,189,0.0,0.0015864414
136,190,0.0,0.0024615224
136,191,0.0,0.0025904602
136,192,0.161636380804142,0.002642834
136,193,0.0,0.0027498435
136,194,0.0,0.0024093552
136,195,0.0,0.0026467093
136,196,0.0,0.002391432
136,197,0.0,0.002336423
136,198,-0.14379533996208,0.0023765028
136,199,0.16854919589029,0.0025988407
136,200,0.0,0.00359181
136,201,0.0,0.0027731066
136,202,0.0,0.0026729796
136,203,0.0,0.0023347782
136,204,0.0,0.002733245
136,205,0.0,0.0023120674
136,206,-0.164000871050557,0.0031513218
136,207,0.0,0.0035886425
136,208,0.0,0.0014892686
136,209,0.0,0.0034242403
136,210,0.0,0.002699891
136,211,0.0,0.0028527593
136,212,0.0,0.0027667885
136,213,-0.160499388058755,0.003497962
136,214,0.0,0.0023853877
136,215,0.0,0.0019136835
136,216,0.0,0.0027814643
136,217,0.0,0.0026544319
136,218,0.0,0.003427336
136,219,0.0,0.0024664733
136,220,0.0,0.002236913
136,221,0.0,0.0016565379
136,222,0.0,0.0024793851
136,223,0.0,0.0027061133
136,224,0.0,0.002293996
136,225,0.0,0.0026473538
136,226,0.0,0.0024398756
136,227,0.0,0.0031488081
136,228,0.0,0.0021327976
136,229,0.0,0.003272369
136,230,0.0,0.0017882311
136,231,0.0,0.0029927567
136,232,0.0,0.0025709574
136,233,0.151136556782261,0.0025856495
136,234,0.0,0.0025089192
136,235,0.0,0.0024764203
136,236,0.0,0.0028529852
136,237,0.0,0.0017443816
136,238,0.0,0.002773459
136,239,0.0,0.0018148306
136,240,0.0,0.002774164
136,241,0.0,0.0027396474
136,242,0.0,0.003632702
136,243,0.0,0.0024565966
136,244,0.153288051704606,0.0023836065
136,245,0.0,0.0016831593
136,246,0.0,0.0018030438
136,247,0.0,0.0026274705
136,248,0.0,0.002568962
136,249,0.0,0.0030365968
136,250,0.0,0.0023912364
136,251,0.0,0.0035657478
136,252,0.0,0.0027854103
136,253,0.0,0.002180418
136,254,0.0,0.0036294982
136,255,0.0,0.003447514
136,256,0.0,0.0015372946
136,257,0.0,0.0021678065
136,258,0.150258134063902,0.0024286811
136,259,0.0,0.0033120639
136,260,0.145140934893764,0.003175911
136,261,0.0,0.0022117132
136,262,0.0,0.0026088948
136,263,0.0,0.0022827876
136,264,0.0,0.0033500018
136,265,0.0,0.0023733424
136,266,0.0,0.0028433069
136,267,0.0,0.002776062
136,268,0.0,0.0030142292
137,1,0.0,0.0016363161
137,2,0.0,0.0027603488
137,3,0.0,0.0026772767
137,4,0.0,0.0027730367
137,5,0.0,0.002162993
137,6,0.0,0.0031095464
137,7,0.0,0.0022455212
137,8,0.0,0.0030838544
137,9,0.0,0.0028508347
137,10,0.0,0.0022254782
137,11,0.0,0.0030012717
137,12,0.0,0.0034677526
137,13,0.0,0.0022000363
137,14,-0.14017164764754,0.0016965391
137,15,0.0,0.0018244749
137,16,0.0,0.0023904312
137,17,0.0,0.0035476019
137,18,0.0,0.0015574577
137,19,0.0,0.0021351818
137,20,0.0,0.003241728
137,21,0.0,0.0019067838
137,22,0.0,0.001977929
137,23,0.0,0.0015291008
137,24,0.0,0.0017897319
137,25,0.0,0.0033387402
137,26,0.0,0.0015392457
137,27,0.0,0.0016826978
137,28,0.0,0.0018823547
137,29,0.0,0.0022773468
137,30,0.0,0.0023275926
137,31,0.0,0.0024435236
137,32,0.0,0.0025536912
137,33,0.0,0.0034410483
137,34,0.0,0.002487564
137,35,0.0,0.0020200335
137,36,0.0,0.0017691925
137,37,0.0,0.0021176715
137,38,0.0,0.0024748063
137,39,0.0,0.0025980314
137,40,0.0,0.0027405848
137,41,0.0,0.0018936973
137,42,0.0,0.0014898614
137,43,0.0,0.002785583
137,44,0.0,0.0027550426
137,45,0.0,0.0024614297
137,46,0.0,0.0025121346
137,47,0.0,0.0014888984
137,48,0.0,0.0024871882
137,49,0.0,0.0024008183
137,50,0.0,0.001786191
137,51,0.0,0.0017334116
137,52,-0.153275980441036,0.0026983987
137,53,0.0,0.0017009214
137,54,0.0,0.0020861677
137,55,0.0,0.0024648923
137,56,0.0,0.0026137736
137,57,-0.150762887096239,0.00243718
137,58,0.0,0.0025888472
137,59,0.0,0.0021587247
137,60,0.0,0.0027820962
137,61,0.0,0.0020561083
137,62,0.0,0.0025728801
137,63,0.0,0.002512116
137,64,0.0,0.0015862291
137,65,0.0,0.002077052
137,66,0.0,0.0023175487
137,67,0.0,0.0018476811
137,68,0.148755807342042,0.0018971795
137,69,0.0,0.0030487608
137,70,0.0,0.0014824918
137,71,0.0,0.0024957308
137,72,0.0,0.0019039335
137,73,0.0,0.002553496
137,74,0.147195292970271,0.0016904008
137,75,0.0,0.002361604
137,76,0.0,0.0024275584
137,77,0.0,0.0015957477
137,78,0.0,0.002617042
137,79,0.0,0.0019116942
137,80,0.0,0.0023517981
137,81,0.0,0.0015818449
137,82,0.0,0.0026025707
137,83,0.1643815591917,0.0031196205
137,84,0.0,0.0025333893
137,85,0.0,0.0016690977
137,86,0.0,0.0022630459
137,87,0.159121673910756,0.0023615118
137,88,0.0,0.0022523734
137,89,-0.145813940127041,0.0024975836
137,90,0.0,0.0014918549
137,91,0.0,0.002036177
137,92,0.0,0.0020059366
137,93,0.0,0.0022494905
137,94,0.14866991114711,0.0016052974
137,95,0.0,0.0026031327
137,96,0.153977701287927,0.002303367
137,97,0.0,0.002272734
137,98,0.0,0.0035102079
137,99,0.0,0.003235674
137,100,0.146081271432982,0.002433713
137,101,0.0,0.0026141475
137,102,0.0,0.001482897
137,103,0.0,0.0026496933
137,104,0.0,0.0025307522
137,105,0.0,0.0031186515
137,106,0.0,0.002543903
137,107,0.0,0.0026847185
137,108,0.0,0.0035492405
137,109,0.0,0.0024848245
137,110,0.0,0.0020520547
137,111,0.0,0.0021696994
137,112,0.0,0.002263357
137,113,0.0,0.0023559672
137,114,0.0,0.0023656553
137,115,0.0,0.002539385
137,116,0.0,0.0026795901
137,117,0.0,0.0021215356
137,118,0.145066663587509,0.0022676643
137,119,0.0,0.0014955848
137,120,0.0,0.0018260805
137,121,0.0,0.0025573554
137,122,0.0,0.0035405103
137,123,0.0,0.0026463512
137,124,0.0,0.0017841966
137,125,0.0,0.0024783565
137,126,0.0,0.0024714554
137,127,0.0,0.0014942153
137,128,0.0,0.0025022575
137,129,0.0,0.0019806628
137,130,0.149302609805878,0.0035347259
137,131,0.0,0.002684692
137,132,0.0,0.0023312853
137,133,0.0,0.0023383466
137,134,0.0,0.0022882558
137,135,0.0,0.0033015986
137,136,0.0,0.0027159452
137,137,-0.893822001526132,0.030703487
137,138,0.173127001883082,0.0023790644
137,139,0.0,0.0020054649
137,140,0.0,0.0029290747
137,141,0.0,0.0016781134
137,142,0.0,0.0018892973
137,143,0.0,0.003264917
137,144,0.0,0.0035865162
137,145,0.0,0.002661372
137,146,0.0,0.0014926628
137,147,0.0,0.001847472
137,148,0.0,0.0025097248
137,149,0.0,0.0021753153
137,150,0.0,0.0016108248
137,151,0.0,0.0023636213
137,152,0.0,0.0020332756
137,153,0.0,0.002629247
137,154,0.0,0.003318733
137,155,0.0,0.0023089866
137,156,0.0,0.0024316516
137,157,0.0,0.0029547513
137,158,0.0,0.0027741846
137,159,0.0,0.0032865736
137,160,0.0,0.002075221
137,161,-0.147615569622211,0.0034950199
137,162,0.0,0.0019545467
137,163,0.0,0.0035961894
137,164,0.0,0.0025900537
137,165,0.0,0.0021553133
137,166,0.0,0.0025823917
137,167,0.0,0.003533308
137,168,0.0,0.0021515964
137,169,0.0,0.0014813174
137,170,0.0,0.0023325877
137,171,0.0,0.0029834346
137,172,0.0,0.0032761442
137,173,0.151273961565152,0.0021449137
137,174,0.0,0.0025868388
137,175,0.0,0.0024911538
137,176,0.0,0.0029101963
137,177,0.0,0.0015800353
137,178,0.0,0.0025207736
137,179,0.0,0.0024288506
137,180,0.0,0.0027187397
137,181,0.0,0.0026025283
137,182,0.0,0.0014793058
137,183,0.0,0.0016006399
137,184,-0.154791553976024,0.0020461092
137,185,0.0,0.0019480605
137,186,0.0,0.003045625
137,187,0.0,0.0029603606
137,188,0.0,0.0024968581
137,189,0.0,0.0021252776
137,190,0.0,0.0017861342
137,191,0.0,0.0018493701
137,192,0.0,0.002108951
137,193,0.0,0.0020648213
137,194,0.0,0.0035466854
137,195,0.0,0.00309199
137,196,0.0,0.002198597
137,197,0.0,0.0023620701
137,198,0.0,0.0018041478
137,199,0.172120559708709,0.0017710058
137,200,0.0,0.0017188615
137,201,0.0,0.0036294805
137,202,0.0,0.0021682372
137,203,0.0,0.0023407317
137,204,0.0,0.0022392552
137,205,0.0,0.0025602481
137,206,0.0,0.0026038075
137,207,0.0,0.0014898852
137,208,0.0,0.0024681622
137,209,0.0,0.003582627
137,210,0.160621537780235,0.0027709766
137,211,0.0,0.0025637452
137,212,0.0,0.002777698
137,213,0.0,0.0025384594
137,214,0.0,0.0022596167
137,215,0.0,0.0030680038
137,216,0.0,0.0014941804
137,217,0.0,0.0027561304
137,218,0.162399756390905,0.0014753323
137,219,0.0,0.0014819279
137,220,0.0,0.0025782972
137,221,0.0,0.0016088365
137,222,0.0,0.0023712069
137,223,0.0,0.0022026156
137,224,0.0,0.0023533823
137,225,0.159422424837129,0.0014926423
137,226,0.0,0.002314717
137,227,0.0,0.0021645967
137,228,-0.150554499422043,0.002686758
137,229,0.172757362717887,0.003495433
137,230,0.0,0.002768136
137,231,0.0,0.0014899345
137,232,0.0,0.002362031
137,233,0.0,0.0036038752
137,234,0.0,0.0016700788
137,235,0.0,0.0021054326
137,236,0.0,0.0020900602
137,237,0.152093473427075,0.0020252252
137,238,0.151132767917727,0.0016880422
137,239,0.0,0.00233499
137,240,0.0,0.0023563104
137,241,0.0,0.0027528666
137,242,0.0,0.0022016154
137,243,0.0,0.0019662208
137,244,0.0,0.0022802302
137,245,0.0,0.0019419063
137,246,0.0,0.0023073968
137,247,0.0,0.0025000423
137,248,0.0,0.0022342536
137,249,0.0,0.0017595938
137,250,0.0,0.002481375
137,251,0.159261403035718,0.0016662898
137,252,0.0,0.0019380753
137,253,0.0,0.0024681888
137,254,-0.155938820807218,0.002230004
137,255,0.0,0.0015519015
137,256,0.0,0.0021590022
137,257,0.0,0.0034861187
137,258,0.0,0.0027736286
137,259,0.0,0.0024109492
137,260,0.0,0.0034463573
137,261,0.0,0.002005382
137,262,0.0,0.0023498917
137,263,0.0,0.0029485915
137,264,0.0,0.0024440028
137,265,0.161755556692968,0.0022209054
137,266,0.0,0.0033836677
137,267,0.0,0.0020251903
137,268,0.0,0.0026905765
138,1,0.0,0.002704918
138,2,0.0,0.00245183
138,3,0.0,0.0023882147
138,4,0.0,0.0027393005
138,5,0.0,0.002651563
138,6,0.0,0.0023305141
138,7,0.0,0.0018945583
138,8,0.0,0.0015051453
138,9,0.133808674720303,0.0019700872
138,10,0.0,0.0031160107
138,11,0.0,0.0017410233
138,12,0.0,0.0019963006
138,13,0.0,0.0027687177
138,14,0.0,0.0027583814
138,15,0.0,0.001555833
138,16,0.0,0.002454618
138,17,0.144160001836106,0.002195442
138,18,0.0,0.001972556
138,19,0.14150171773323,0.0022239569
138,20,0.0,0.0023808805
138,21,0.0,0.0023983372
138,22,0.0,0.0021170187
138,23,0.0,0.0034600776
138,24,0.0,0.0016925056
138,25,0.0,0.001544198
138,26,0.0,0.0024090656
138,27,0.0,0.0024495632
138,28,0.0,0.003508463
138,29,0.0,0.0015973225
138,30,0.143814429685429,0.0025551226
138,31,0.0,0.0025288532
138,32,0.0,0.003438923
138,33,0.0,0.001489724
138,34,0.0,0.0025572125
138,35,0.0,0.0024781348
138,36,0.0,0.0020712027
138,37,0.0,0.002825249
138,38,0.0,0.001949559
138,39,0.0,0.0014779544
138,40,0.0,0.0027815374
138,41,0.0,0.0031504962
138,42,0.0,0.0023373142
138,43,0.0,0.0032353043
138,44,0.0,0.0023958744
138,45,0.0,0.0035629314
138,46,0.0,0.003105157
138,47,0.0,0.0014911783
138,48,0.0,0.0026138588
138,49,-0.128467139130308,0.0028105443
138,50,0.0,0.0027914583
138,51,0.0,0.002177589
138,52,0.0,0.0025096163
138,53,0.0,0.002790661
138,54,0.0,0.002161454
138,55,0.145390487183269,0.0022406625
138,56,0.0,0.0034261341
138,57,0.0,0.002587624
138,58,0.0,0.0026457626
138,59,0.142233695475437,0.0017208494
138,60,0.0,0.0018147542
138,61,0.0,0.0035214229
138,62,0.0,0.0027411976
138,63,0.0,0.0026598396
138,64,0.0,0.002603036
138,65,0.0,0.0020032525
138,66,0.0,0.0023616585
138,67,0.0,0.0025242479
138,68,0.0,0.0026054406
138,69,0.0,0.0027431264
138,70,0.141238831636234,0.0015756385
138,71,0.0,0.0014887135
138,72,-0.13076776205952,0.0023847837
138,73,0.0,0.002320591
138,74,0.0,0.0025209226
138,75,0.0,0.0022667414
138,76,0.0,0.0015396872
138,77,0.0,0.0033187293
138,78,0.0,0.0026517767
138,79,0.0,0.0024574678
138,80,0.0,0.0023148418
138,81,0.0,0.0032440904
138,82,0.0,0.0022761668
138,83,0.0,0.0023270608
138,84,0.0,0.0022729877
138,85,0.0,0.0023150337
138,86,0.0,0.001957858
138,87,0.0,0.003109408
138,88,0.0,0.0026319516
138,89,0.0,0.0025498895
138,90,0.0,0.001492233
138,91,0.0,0.0017407117
138,92,0.0,0.0027424283
138,93,0.0,0.0033124504
138,94,0.0,0.0022058468
138,95,0.0,0.002968418
138,96,0.142943157039225,0.0027157865
138,97,0.0,0.00239794
138,98,0.0,0.002552534
138,99,0.0,0.0027889377
138,100,-0.135612611100668,0.002585405
138,101,0.0,0.0027725133
138,102,0.0,0.0026264722
138,103,0.0,0.002541829
138,104,0.0,0.002693647
138,105,0.0,0.0027288995
138,106,0.0,0.0022975267
138,107,0.0,0.0035597403
138,108,0.0,0.001987514
138,109,0.0,0.0021772902
138,110,0.0,0.002642403
138,111,0.0,0.002906588
138,112,0.0,0.0014966163
138,113,0.0,0.0026339283
138,114,0.0,0.0027077463
138,115,-0.130933059037859,0.0023720842
138,116,0.0,0.002570636
138,117,0.0,0.0030369423
138,118,0.0,0.0034885919
138,119,0.0,0.00256739
138,120,0.0,0.002837943
138,121,0.0,0.0034502423
138,122,0.136272414465241,0.003631569
138,123,0.136382088180675,0.0027701529
138,124,0.140617389958525,0.0014933236
138,125,0.0,0.0015573232
138,126,0.0,0.002465392
138,127,0.0,0.0024308823
138,128,0.0,0.002410526
138,129,0.0,0.0023971004
138,130,0.0,0.002542565
138,131,0.0,0.0018873345
138,132,0.0,0.0033136555
138,133,0.0,0.002328727
138,134,0.0,0.0026935078
138,135,0.0,0.0025040908
138,136,0.0,0.0018297331
138,137,0.0,0.0023790644
138,138,0.0,0.030703487
138,139,0.0,0.0017404249
138,140,0.0,0.0027906434
138,141,0.0,0.0025402815
138,142,0.0,0.0027659484
138,143,0.0,0.0025723102
138,144,0.0,0.0026763119
138,145,0.0,0.0024230774
138,146,0.0,0.0026052305
138,147,0.0,0.0035700137
138,148,0.0,0.0017533298
138,149,0.0,0.0025787833
138,150,0.0,0.0017853556
138,151,0.160780640952513,0.003110515
138,152,0.173046466258942,0.0027717296
138,153,0.16802372110225,0.0035105743
138,154,0.0,0.0026924568
138,155,0.168932104428223,0.0029609958
138,156,0.0,0.001493121
138,157,0.0,0.0026693856
138,158,0.0,0.003052169
138,159,0.159631804991094,0.0017133281
138,160,0.0,0.0023924499
138,161,0.0,0.0026013441
138,162,0.0,0.001752438
138,163,0.0,0.002330874
138,164,-0.156776908577663,0.0028790561
138,165,0.0,0.0028766366
138,166,0.0,0.0023248284
138,167,-0.168681367317804,0.0035362807
138,168,0.0,0.00201674
138,169,0.0,0.002638129
138,170,0.167879868629816,0.0024665287
138,171,0.0,0.0026528887
138,172,0.0,0.002236628
138,173,0.0,0.0017731511
138,174,0.0,0.002712015
138,175,0.0,0.002236694
138,176,0.0,0.0024115192
138,177,0.0,0.0023403494
138,178,0.0,0.0026447587
138,179,-0.17035696234933,0.0024130736
138,180,-0.169310318557527,0.0027825567
138,181,0.0,0.0027894913
138,182,0.0,0.0022059744
138,183,0.0,0.002766246
138,184,0.0,0.002465128
138,185,0.0,0.0014931811
138,186,0.0,0.0031252168
138,187,0.0,0.0024231002
138,188,0.0,0.002833319
138,189,0.0,0.0031119487
138,190,0.172082248714287,0.001693489
138,191,0.162561486457895,0.002306878
138,192,0.0,0.0023076436
138,193,0.0,0.0026185717
138,194,0.0,0.0036218604
138,195,0.0,0.002422262
138,196,0.168211089130726,0.0017617284
138,197,-0.158634126587082,0.0014784914
138,198,0.0,0.0026069651
138,199,0.0,0.0023232573
138,200,0.0,0.0036315024
138,201,0.0,0.0023235618
138,202,0.0,0.0021537938
138,203,0.0,0.0026311427
138,204,0.0,0.0027695242
138,205,0.0,0.0032947604
138,206,0.0,0.0025065942
138,207,0.0,0.00242385
138,208,-0.168757352201922,0.002402165
138,209,0.0,0.0030931598
138,210,0.0,0.0022227676
138,211,0.0,0.003511413
138,212,0.0,0.0025502066
138,213,0.0,0.0024676216
138,214,0.0,0.0027691568
138,215,0.0,0.0019655526
138,216,0.0,0.0026681586
138,217,0.160077224224396,0.0025163405
138,218,0.0,0.0024237474
138,219,0.0,0.0027079466
138,220,0.0,0.0027370877
138,221,0.0,0.0023262221
138,222,0.0,0.00229565
138,223,0.0,0.0022063316
138,224,0.0,0.0014693108
138,225,0.0,0.0023493078
138,226,0.0,0.0019172328
138,227,0.0,0.0032720477
138,228,0.0,0.0018363027
138,229,0.0,0.002667211
138,230,0.0,0.0017740843
138,231,0.0,0.003395848
138,232,0.0,0.0033275592
138,233,0.0,0.0026143412
138,234,0.0,0.0027752006
138,235,0.0,0.003514811
138,236,0.0,0.0030294722
138,237,0.0,0.0032729018
138,238,0.0,0.0026059477
138,239,0.0,0.0021775179
138,240,0.0,0.001739304
138,241,0.0,0.003326964
138,242,0.0,0.002451093
138,243,0.0,0.0024383496
138,244,0.0,0.0034675952
138,245,0.0,0.00208651
138,246,0.168341809424379,0.0029867743
138,247,0.0,0.0023198961
138,248,0.0,0.002752284
138,249,0.0,0.0035774424
138,250,0.0,0.002447126
138,251,0.0,0.0016766703
138,252,0.0,0.0019226391
138,253,0.0,0.0027166558
138,254,0.0,0.0024237935
138,255,0.0,0.0025722147
138,256,0.0,0.00336918
138,257,0.0,0.0023834538
138,258,0.0,0.002320895
138,259,0.0,0.0014907266
138,260,0.0,0.0024886122
138,261,0.0,0.002855625
138,262,0.0,0.0020167278
138,263,0.0,0.0022062357
138,264,0.0,0.0026171943
138,265,0.0,0.0027798954
138,266,0.0,0.0018949108
138,267,0.0,0.0025322726
138,268,0.0,0.0026625916
139,1,0.0,0.0035043568
139,2,0.0,0.002465956
139,3,0.0,0.0026341584
139,4,0.140977362925063,0.0018589688
139,5,0.0,0.003294752
139,6,0.0,0.0028657378
139,7,0.0,0.0020151339
139,8,0.133560415822925,0.00345005
139,9,0.0,0.0021833638
139,10,0.0,0.0033460287
139,11,0.0,0.0035491283
139,12,0.0,0.0018840763
139,13,0.0,0.0023322906
139,14,0.0,0.0014785421
139,15,0.0,0.002474052
139,16,0.0,0.0025058212
139,17,0.0,0.0023962902
139,18,0.0,0.0019837013
139,19,0.0,0.002317064
139,20,0.0,0.0022252384
139,21,0.0,0.0016719261
139,22,0.0,0.0024642781
139,23,0.0,0.0023869397
139,24,0.0,0.0026043407
139,25,0.0,0.0021668454
139,26,0.0,0.0036188378
139,27,0.0,0.0015714578
139,28,0.0,0.0024807863
139,29,0.0,0.0019295495
139,30,0.0,0.0021347417
139,31,0.0,0.0026363484
139,32,0.133330482371312,0.0025827414
139,33,0.0,0.0027387827
139,34,0.133685677449621,0.0022776364
139,35,0.0,0.0016062036
139,36,0.0,0.0030792812
139,37,0.0,0.0027594059
139,38,0.134111792082856,0.0026092352
139,39,0.0,0.0020745206
139,40,0.0,0.003610381
139,41,0.0,0.0030563204
139,42,0.0,0.0023869444
139,43,0.13789779253132,0.0023257881
139,44,0.126449916901928,0.0024890518
139,45,0.0,0.0022151945
139,46,0.0,0.0020199325
139,47,0.0,0.0027461722
139,48,0.0,0.0025865166
139,49,0.0,0.0025601503
139,50,0.0,0.0023257313
139,51,0.0,0.0016455441
139,52,0.0,0.002240243
139,53,0.0,0.002953929
139,54,0.0,0.0026505073
139,55,0.0,0.002110418
139,56,0.0,0.0020331577
139,57,0.0,0.0018713903
139,58,0.0,0.0033471459
139,59,0.0,0.0026022387
139,60,0.0,0.0023874948
139,61,0.0,0.0026371386
139,62,0.0,0.0027189082
139,63,0.0,0.00314515
139,64,0.0,0.0023631058
139,65,0.0,0.0023227418
139,66,0.0,0.0016981177
139,67,0.0,0.0033361968
139,68,0.0,0.0022564004
139,69,0.0,0.0028163707
139,70,0.0,0.002418437
139,71,0.0,0.0029406738
139,72,0.0,0.0021245745
139,73,0.0,0.002773384
139,74,0.0,0.0018306803
139,75,0.0,0.0036164843
139,76,0.0,0.0026009362
139,77,0.0,0.0036302498
139,78,0.0,0.002814589
139,79,0.0,0.002080936
139,80,0.0,0.0027498025
139,81,0.0,0.0022302074
139,82,0.0,0.0024983576
139,83,0.0,0.0023851944
139,84,0.0,0.0017910227
139,85,0.0,0.0018592612
139,86,0.0,0.0030722595
139,87,0.0,0.0024014264
139,88,0.0,0.0023853094
139,89,0.0,0.0025546183
139,90,0.0,0.001668374
139,91,0.0,0.0014939741
139,92,0.0,0.0035451087
139,93,0.0,0.0027487027
139,94,0.0,0.0014824192
139,95,0.0,0.0028851484
139,96,0.0,0.0022518532
139,97,0.0,0.003047648
139,98,0.0,0.0022264775
139,99,0.0,0.00356243
139,100,0.0,0.0025862912
139,101,0.0,0.0023177066
139,102,0.0,0.0026233592
139,103,0.0,0.0033441046
139,104,0.0,0.0035014218
139,105,0.0,0.0017385674
139,106,0.0,0.0034531103
139,107,0.0,0.0017064842
139,108,0.0,0.0019712388
139,109,0.0,0.0024675978
139,110,0.0,0.00284113
139,111,0.0,0.0018500993
139,112,0.0,0.0019872347
139,113,0.0,0.0025962493
139,114,0.0,0.0020278567
139,115,0.0,0.0025843303
139,116,0.0,0.0014778674
139,117,0.0,0.0025287103
139,118,0.0,0.0014831126
139,119,0.0,0.003035789
139,120,0.0,0.0022181491
139,121,0.0,0.002547502
139,122,0.0,0.003510971
139,123,0.0,0.0024686893
139,124,0.0,0.0017475644
139,125,0.0,0.0035196394
139,126,0.0,0.0015839757
139,127,0.0,0.002369491
139,128,0.128976421764558,0.0034428244
139,129,0.0,0.0019604596
139,130,0.13776730634765,0.0021143341
139,131,0.0,0.002023235
139,132,0.0,0.0015842756
139,133,0.0,0.0021003634
139,134,0.0,0.0024272278
139,135,0.0,0.0023199008
139,136,0.0,0.0021659979
139,137,0.0,0.0020054649
139,138,0.0,0.0017404249
139,139,0.0,0.030703487
139,140,0.0,0.0036289264
139,141,0.150360306533142,0.0016441555
139,142,0.0,0.0025801784
139,143,0.0,0.0022086673
139,144,0.0,0.0025764862
139,145,0.0,0.0027725655
139,146,0.0,0.0020724102
139,147,0.0,0.0015973812
139,148,0.0,0.002924121
139,149,0.0,0.0019398374
139,150,0.0,0.0014811554
139,151,0.148420363134005,0.002550684
139,152,0.0,0.001986599
139,153,0.0,0.0022422126
139,154,0.0,0.0020121005
139,155,0.0,0.0023679514
139,156,-0.151273219866869,0.0027715503
139,157,0.0,0.0020455732
139,158,0.0,0.0017115893
139,159,0.0,0.0023751026
139,160,0.156215127692833,0.0018039718
139,161,0.0,0.0025454038
139,162,0.0,0.0014928649
139,163,0.0,0.0020739585
139,164,0.0,0.0014914926
139,165,0.0,0.0020647384
139,166,0.158779976553395,0.0017403122
139,167,0.0,0.0025062659
139,168,0.154699752301406,0.0035223542
139,169,0.0,0.0025579468
139,170,0.0,0.0019700974
139,171,0.0,0.0024268874
139,172,0.0,0.0030030757
139,173,0.147851125949754,0.0023803925
139,174,0.0,0.0027326383
139,175,0.0,0.0019109994
139,176,0.0,0.0035306467
139,177,0.0,0.0018248698
139,178,0.0,0.001771796
139,179,0.0,0.0023074918
139,180,0.0,0.0020506163
139,181,0.0,0.002555944
139,182,0.0,0.0032593608
139,183,0.0,0.0014919797
139,184,0.0,0.002766286
139,185,0.0,0.0014867494
139,186,0.0,0.0020803665
139,187,0.0,0.002852695
139,188,0.0,0.002135728
139,189,0.156067379699638,0.0017568064
139,190,0.0,0.002139464
139,191,0.0,0.002329932
139,192,0.0,0.0016863463
139,193,0.0,0.003128877
139,194,0.0,0.0024485192
139,195,0.0,0.0017402107
139,196,0.0,0.002162057
139,197,0.0,0.0024553319
139,198,0.0,0.0014864067
139,199,0.0,0.0018494753
139,200,0.0,0.0014702575
139,201,0.0,0.0025593853
139,202,0.0,0.0023505562
139,203,0.0,0.0023622112
139,204,0.0,0.0021366747
139,205,0.0,0.002195876
139,206,0.0,0.0024453774
139,207,0.148817126313727,0.0017059469
139,208,0.0,0.0018751179
139,209,0.0,0.0025627855
139,210,0.0,0.0022247778
139,211,0.0,0.0017976328
139,212,0.0,0.0014817864
139,213,0.0,0.00306592
139,214,0.160956647783495,0.0024717888
139,215,0.0,0.0026109344
139,216,0.0,0.0027285856
139,217,0.0,0.002540045
139,218,-0.158725180380893,0.0035736524
139,219,0.0,0.0015280917
139,220,0.0,0.0026629716
139,221,0.0,0.002074393
139,222,0.0,0.0019102087
139,223,0.0,0.0016435138
139,224,0.0,0.003226737
139,225,0.0,0.0017864243
139,226,0.0,0.002685506
139,227,0.0,0.0027208622
139,228,-0.147147942884827,0.0027715499
139,229,0.0,0.0018530278
139,230,-0.155355248212792,0.0018492136
139,231,0.0,0.00263611
139,232,0.0,0.0033372515
139,233,0.0,0.002439287
139,234,0.147575190277725,0.0023240675
139,235,0.0,0.001494023
139,236,0.0,0.002558764
139,237,0.0,0.002054873
139,238,0.0,0.0035800142
139,239,0.0,0.002379031
139,240,0.0,0.0031504845
139,241,0.0,0.0014797598
139,242,0.0,0.0031282115
139,243,0.0,0.0023199571
139,244,0.152994149936134,0.0024702349
139,245,0.151142992307936,0.0027954266
139,246,0.155400254268058,0.0016066837
139,247,0.0,0.0035701105
139,248,-0.156939697617976,0.0025387858
139,249,0.0,0.0027700788
139,250,0.0,0.0027635465
139,251,0.0,0.002424858
139,252,0.0,0.0015499699
139,253,0.0,0.0022233333
139,254,0.0,0.002330938
139,255,0.0,0.0030315067
139,256,0.0,0.0019779974
139,257,0.0,0.0021052659
139,258,0.0,0.002613361
139,259,0.0,0.0024665445
139,260,0.0,0.0026592016
139,261,0.0,0.00188429
139,262,0.0,0.002341338
139,263,0.0,0.0024844403
139,264,0.0,0.0018351446
139,265,0.0,0.0016430104
139,266,0.0,0.0018893564
139,267,0.0,0.002253422
139,268,0.0,0.0025339113
140,1,0.0,0.0018676436
140,2,0.0,0.0028948705
140,3,0.0,0.0014888411
140,4,0.0,0.0026718602
140,5,0.0,0.0036033606
140,6,0.0,0.0033423756
140,7,0.0,0.0030925423
140,8,0.0,0.002442839
140,9,0.0,0.0015468602
140,10,0.0,0.0029578083
140,11,0.0,0.0022494486
140,12,0.0,0.001483711
140,13,0.142282504964248,0.0043234504
140,14,0.0,0.0028035943
140,15,0.0,0.0025226674
140,16,0.0,0.002645235
140,17,0.0,0.0024226508
140,18,0.0,0.002462225
140,19,0.0,0.0017539347
140,20,0.0,0.001588494
140,21,0.0,0.003441154
140,22,0.165152355272386,0.0016850899
140,23,0.0,0.0024831942
140,24,0.0,0.001971696
140,25,0.159214612639909,0.0025588437
140,26,0.0,0.0032763835
140,27,0.0,0.0033932962
140,28,0.0,0.0016654078
140,29,0.0,0.0015447638
140,30,0.0,0.0019967556
140,31,0.0,0.0023313202
140,32,0.0,0.0024538143
140,33,0.0,0.002517405
140,34,0.0,0.0023603137
140,35,0.0,0.0034285556
140,36,0.0,0.002086958
140,37,0.0,0.0025149416
140,38,0.147060057304695,0.0017419383
140,39,0.0,0.0015925486
140,40,0.0,0.0024206047
140,41,0.156165603115773,0.001528081
140,42,0.0,0.0024464377
140,43,0.0,0.0017067879
140,44,0.0,0.0024515889
140,45,0.0,0.0025587822
140,46,0.0,0.002454123
140,47,0.0,0.0031099198
140,48,0.0,0.0027757892
140,49,0.0,0.0024686996
140,50,-0.146655886455885,0.0024589226
140,51,0.0,0.0021832362
140,52,0.0,0.0027748076
140,53,0.0,0.002077126
140,54,0.0,0.0026571369
140,55,0.0,0.002489821
140,56,0.0,0.0025711376
140,57,0.0,0.0019309116
140,58,0.0,0.0018188865
140,59,0.0,0.0019671922
140,60,0.0,0.0017530909
140,61,0.0,0.0033287648
140,62,0.0,0.0028938302
140,63,0.0,0.0034837779
140,64,0.0,0.0014904891
140,65,0.0,0.0018183999
140,66,0.0,0.002441003
140,67,0.0,0.0019208705
140,68,0.0,0.0015624724
140,69,0.0,0.0017490694
140,70,0.0,0.0020456426
140,71,0.170423495252387,0.0015383358
140,72,0.0,0.0030406462
140,73,0.0,0.0020577535
140,74,0.0,0.0023280885
140,75,0.0,0.0025393805
140,76,0.0,0.0015287194
140,77,0.0,0.002716897
140,78,0.0,0.0026253504
140,79,0.0,0.0023413007
140,80,0.0,0.0014836253
140,81,0.0,0.0015951986
140,82,0.0,0.0018964834
140,83,0.0,0.002460618
140,84,0.0,0.0014897343
140,85,0.0,0.0014919424
140,86,0.0,0.0016621207
140,87,0.161003705572489,0.0023199208
140,88,0.0,0.0028805002
140,89,0.0,0.0017144191
140,90,0.0,0.0021631997
140,91,0.0,0.002420552
140,92,0.0,0.0014833515
140,93,0.0,0.0014782678
140,94,0.0,0.0030293656
140,95,0.0,0.0026065684
140,96,0.155798891964863,0.0014783521
140,97,0.154086902976962,0.003495031
140,98,0.0,0.002579006
140,99,0.0,0.0033066375
140,100,0.0,0.0026164278
140,101,0.0,0.001924092
140,102,0.0,0.0015787557
140,103,0.164055389404652,0.0022910219
140,104,0.0,0.002296403
140,105,0.0,0.0020312034
140,106,0.158929956891196,0.0015703682
140,107,0.0,0.0033925567
140,108,0.0,0.0024686293
140,109,0.0,0.002760644
140,110,0.0,0.002147914
140,111,0.0,0.0020840568
140,112,0.0,0.0016555348
140,113,0.0,0.0027759438
140,114,0.0,0.0024077687
140,115,0.0,0.0025663106
140,116,0.0,0.0017246981
140,117,0.0,0.0015563602
140,118,0.0,0.0018234053
140,119,0.143866061570836,0.0014584204
140,120,0.0,0.0014669504
140,121,0.0,0.0023840568
140,122,0.0,0.0019489396
140,123,0.0,0.0023330566
140,124,0.0,0.0014920179
140,125,0.0,0.002848356
140,126,0.0,0.0024905559
140,127,0.0,0.00323545
140,128,0.0,0.0031580403
140,129,0.0,0.00250337
140,130,0.0,0.003396919
140,131,0.0,0.003200295
140,132,0.151546485405898,0.0023245234
140,133,0.0,0.003487317
140,134,0.0,0.0014788778
140,135,0.0,0.0025468306
140,136,0.0,0.0026552351
140,137,0.149632685884424,0.0029290747
140,138,0.0,0.0027906434
140,139,0.0,0.0036289264
140,140,0.0,0.030703487
140,141,0.0,0.0035200366
140,142,0.0,0.0022738809
140,143,0.0,0.0014706487
140,144,0.0,0.0032158718
140,145,0.0,0.0035642963
140,146,0.0,0.0014569145
140,147,0.0,0.0034650932
140,148,0.0,0.0024414994
140,149,0.0,0.0028049373
140,150,0.0,0.002132791
140,151,0.0,0.0014944724
140,152,0.0,0.0014645844
140,153,0.0,0.0022239857
140,154,0.0,0.002178803
140,155,0.0,0.0017398614
140,156,0.0,0.0017097071
140,157,0.0,0.0014826092
140,158,0.147415034156481,0.0015886868
140,159,0.0,0.0031901048
140,160,0.0,0.0035333433
140,161,-0.139705472607984,0.0025123633
140,162,0.143261105106297,0.002605867
140,163,0.0,0.0023070788
140,164,0.0,0.001675671
140,165,0.0,0.002339549
140,166,0.0,0.0015422967
140,167,0.0,0.0028609666
140,168,0.0,0.0021453355
140,169,0.0,0.0014878623
140,170,0.0,0.0032765362
140,171,0.0,0.003458926
140,172,0.0,0.0024814513
140,173,0.0,0.0019428926
140,174,0.0,0.0018905532
140,175,0.0,0.0014897981
140,176,0.0,0.0016891463
140,177,0.0,0.0023679105
140,178,0.0,0.0014906619
140,179,0.0,0.002659076
140,180,0.0,0.0032134783
140,181,0.0,0.003407463
140,182,0.0,0.0014616819
140,183,0.0,0.003523591
140,184,0.0,0.0014574551
140,185,-0.150005650892034,0.0017503216
140,186,0.0,0.0022949711
140,187,0.0,0.0024358341
140,188,0.0,0.0025834572
140,189,0.0,0.0024313102
140,190,0.0,0.0017899517
140,191,-0.145310899862888,0.0023732497
140,192,0.0,0.0021380824
140,193,0.0,0.0029344591
140,194,0.0,0.0036295652
140,195,0.148445846815629,0.0026969132
140,196,0.0,0.0017613107
140,197,0.0,0.002614548
140,198,0.0,0.0023307907
140,199,0.0,0.0016170219
140,200,0.0,0.0029717595
140,201,0.0,0.0015896712
140,202,0.0,0.0042670043
140,203,0.0,0.0031042984
140,204,0.0,0.0014783484
140,205,0.0,0.0029465877
140,206,-0.15850153465546,0.002678872
140,207,0.0,0.0020313705
140,208,0.0,0.002445987
140,209,0.0,0.002335121
140,210,0.0,0.0025118585
140,211,0.0,0.0025225743
140,212,0.0,0.002455276
140,213,0.0,0.0016861642
140,214,0.0,0.0014875829
140,215,0.0,0.0014842055
140,216,0.0,0.0016054017
140,217,0.0,0.0033019488
140,218,0.0,0.0026427167
140,219,0.0,0.0015411722
140,220,0.155644040974319,0.003618665
140,221,0.0,0.0030128532
140,222,0.0,0.00290403
140,223,0.0,0.0025351364
140,224,0.0,0.0033595087
140,225,0.0,0.0021235123
140,226,0.0,0.0029935362
140,227,0.0,0.0019129841
140,228,0.0,0.0021331683
140,229,0.163500022841627,0.0035498487
140,230,0.0,0.002292409
140,231,0.0,0.002255559
140,232,0.0,0.0027736565
140,233,0.0,0.0014914349
140,234,0.0,0.002810801
140,235,0.0,0.002568814
140,236,0.0,0.0016973997
140,237,-0.143943424396895,0.0017391262
140,238,0.0,0.0014743218
140,239,0.0,0.0014861599
140,240,0.0,0.0026463084
140,241,0.0,0.0035772608
140,242,0.0,0.0015795557
140,243,0.0,0.0025017979
140,244,0.0,0.0015839483
140,245,0.0,0.0015738895
140,246,0.0,0.0026135459
140,247,0.0,0.0016532745
140,248,0.0,0.0023336946
140,249,0.0,0.001786625
140,250,0.0,0.0014819624
140,251,0.0,0.002790072
140,252,0.0,0.0022214185
140,253,0.0,0.003318348
140,254,0.0,0.002833549
140,255,0.0,0.0027062902
140,256,0.0,0.0019099279
140,257,0.0,0.002549895
140,258,0.0,0.0023126183
140,259,0.0,0.0028872383
140,260,0.0,0.0035656388
140,261,0.0,0.002254298
140,262,0.0,0.002460075
140,263,0.0,0.0025935182
140,264,0.0,0.0025013057
140,265,0.0,0.0033398052
140,266,0.0,0.0015107011
140,267,0.0,0.0014639972
140,268,0.0,0.0032296358
141,1,0.0,0.0021698913
141,2,0.0,0.002637763
141,3,0.0,0.002096069
141,4,0.0,0.002885953
141,5,0.0,0.0020519271
141,6,0.0,0.002613441
141,7,0.0,0.0016320245
141,8,0.0,0.0026034946
141,9,0.0,0.0014821053
141,10,0.0,0.0027904352
141,11,0.0,0.0026233536
141,12,0.0,0.0024231286
141,13,0.0,0.0018612519
141,14,0.0,0.0014732294
141,15,0.0,0.0019783238
141,16,0.0,0.0017004409
141,17,0.0,0.0027973093
141,18,0.0,0.0023994455
141,19,0.170910911273272,0.002532526
141,20,0.0,0.0027906187
141,21,0.0,0.0019670445
141,22,0.0,0.0023681903
141,23,0.0,0.0025780387
141,24,0.0,0.0025132815
141,25,0.0,0.0025959834
141,26,0.172159253305137,0.0025420515
141,27,0.0,0.0014953604
141,28,0.0,0.0014934842
141,29,0.0,0.0023548673
141,30,0.0,0.0015430995
141,31,0.0,0.0030051875
141,32,0.0,0.0017406642
141,33,0.0,0.00254553
141,34,0.0,0.002274271
141,35,0.0,0.0017815162
141,36,0.0,0.0023766584
141,37,0.0,0.0023853206
141,38,0.0,0.001805718
141,39,0.0,0.0027708365
141,40,0.167323796723301,0.0028597312
141,41,0.0,0.0020115902
141,42,0.0,0.0020708274
141,43,0.0,0.0026117605
141,44,0.0,0.0027696905
141,45,0.0,0.0027907128
141,46,0.0,0.0036238316
141,47,0.0,0.001931062
141,48,0.0,0.0017410163
141,49,0.0,0.0020550187
141,50,0.0,0.0027846587
141,51,0.0,0.0014694897
141,52,0.0,0.0020336458
141,53,0.0,0.002498094
141,54,0.0,0.002281963
141,55,0.0,0.0023596697
141,56,0.0,0.0023117503
141,57,0.0,0.0027682
141,58,0.16993948355025,0.0017926488
141,59,0.0,0.0034059114
141,60,0.160023344371242,0.0025909115
141,61,0.0,0.001482171
141,62,0.0,0.0022711055
141,63,0.0,0.002546832
141,64,0.0,0.0023073298
141,65,0.205039435709087,0.0014918349
141,66,0.0,0.0014895024
141,67,0.0,0.0016561099
141,68,0.0,0.0014940482
141,69,0.0,0.0015876968
141,70,0.0,0.002506629
141,71,0.0,0.0017371457
141,72,0.0,0.00147577
141,73,0.0,0.0017439481
141,74,0.0,0.0022848458
141,75,0.0,0.002233326
141,76,0.0,0.0022707377
141,77,0.0,0.0025969567
141,78,0.0,0.0024624881
141,79,0.18663711480509,0.0014792476
141,80,0.0,0.0016194242
141,81,-0.170649386993825,0.0023283446
141,82,0.0,0.0014916062
141,83,-0.184317559423887,0.0033089449
141,84,0.0,0.0020393548
141,85,0.0,0.002077974
141,86,0.0,0.0027213604
141,87,0.0,0.0015571788
141,88,0.0,0.0021439837
141,89,0.0,0.0019822847
141,90,0.0,0.0034462619
141,91,0.167442823224851,0.0015937835
141,92,0.0,0.0015755305
141,93,0.0,0.0025026933
141,94,0.0,0.0035843016
141,95,0.0,0.0022508954
141,96,0.0,0.0022599543
141,97,0.0,0.002596517
141,98,0.0,0.0017401753
141,99,-0.16888784246393,0.0033501703
141,100,-0.163797834504451,0.0022245464
141,101,0.0,0.003386429
141,102,0.0,0.0026616962
141,103,0.0,0.0018268065
141,104,0.0,0.0026829499
141,105,0.0,0.0014861757
141,106,0.0,0.002737326
141,107,0.0,0.0017395834
141,108,0.0,0.0021723905
141,109,0.0,0.0021852227
141,110,0.0,0.0014593704
141,111,0.0,0.003259256
141,112,0.0,0.0015578228
141,113,0.0,0.002386042
141,114,0.161063585709181,0.0014719921
141,115,0.0,0.0029604384
141,116,0.0,0.0018666657
141,117,0.0,0.0027442211
141,118,0.0,0.0027627698
141,119,0.0,0.0018220469
141,120,0.0,0.0027718754
141,121,0.0,0.0014781896
141,122,0.0,0.0025480473
141,123,0.0,0.002338685
141,124,0.0,0.0015182174
141,125,0.0,0.0015225662
141,126,0.162570853765213,0.0015130541
141,127,0.0,0.0019012643
141,128,0.0,0.0020233835
141,129,0.0,0.001487432
141,130,0.0,0.002316839
141,131,0.0,0.0014854409
141,132,0.0,0.0023373351
141,133,0.0,0.00253289
141,134,0.0,0.0018531261
141,135,0.0,0.0024684477
141,136,0.0,0.002755065
141,137,0.0,0.0016781134
141,138,0.0,0.0025402815
141,139,0.0,0.0016441555
141,140,0.0,0.0035200366
141,141,0.102926567895338,0.030703487
141,142,0.0,0.0025494
141,143,0.0,0.0022512581
141,144,0.0,0.0015342487
141,145,0.0,0.0032297065
141,146,0.0,0.0020754691
141,147,0.149731568242952,0.0026195566
141,148,0.0,0.002597793
141,149,0.0,0.0034247776
141,150,0.0,0.0015046974
141,151,0.0,0.0024211826
141,152,0.0,0.0018067034
141,153,0.0,0.0015108096
141,154,0.0,0.0020078067
141,155,0.0,0.0023206803
141,156,0.0,0.0024991012
141,157,0.149189592766075,0.0023568799
141,158,0.0,0.0014958335
141,159,0.0,0.002741566
141,160,0.150373494496465,0.0016185739
141,161,0.0,0.0035608476
141,162,0.0,0.0015008524
141,163,0.15111641550901,0.0024387105
141,164,0.0,0.0014859019
141,165,0.0,0.002466674
141,166,0.0,0.0014942093
141,167,0.0,0.0027742963
141,168,0.0,0.0016954606
141,169,0.0,0.002737103
141,170,0.0,0.0035644309
141,171,0.0,0.0030646417
141,172,0.0,0.0020752666
141,173,-0.142322262911811,0.0025710636
141,174,0.0,0.002794921
141,175,0.0,0.0017254907
141,176,-0.150294308930495,0.0017443062
141,177,0.0,0.0030018687
141,178,0.0,0.0020941352
141,179,0.0,0.00240849
141,180,0.0,0.0032995506
141,181,0.0,0.0026321304
141,182,0.0,0.003866945
141,183,0.0,0.0014576111
141,184,0.0,0.0023237378
141,185,-0.149119702189537,0.002898979
141,186,0.0,0.002310515
141,187,0.0,0.0025643446
141,188,0.0,0.0019020038
141,189,0.0,0.0028105709
141,190,0.0,0.0024942053
141,191,0.0,0.0034899744
141,192,0.0,0.0041510137
141,193,0.0,0.0017267587
141,194,0.0,0.0023552426
141,195,0.0,0.0014989385
141,196,0.0,0.0022423482
141,197,0.0,0.0020091329
141,198,0.0,0.001459145
141,199,0.0,0.0017846534
141,200,0.0,0.0018181549
141,201,0.0,0.001726022
141,202,0.0,0.0032478245
141,203,0.0,0.002414675
141,204,0.0,0.0016364018
141,205,0.0,0.0016890727
141,206,0.0,0.0021963008
141,207,0.0,0.0016765995
141,208,0.0,0.0024971222
141,209,0.0,0.0024634372
141,210,0.0,0.0021506646
141,211,0.143471929372204,0.0018025758
141,212,0.0,0.0016817208
141,213,0.0,0.002869844
141,214,0.0,0.002499903
141,215,0.0,0.0028384584
141,216,0.0,0.0026066029
141,217,0.0,0.0018826253
141,218,0.0,0.0020790752
141,219,0.0,0.0020480817
141,220,0.0,0.0026431866
141,221,0.0,0.0027084928
141,222,0.0,0.0023865397
141,223,0.0,0.0014768485
141,224,0.0,0.0015806239
141,225,0.0,0.0044782814
141,226,0.0,0.001633584
141,227,0.0,0.0017340342
141,228,0.0,0.0024552308
141,229,0.0,0.0023696055
141,230,0.0,0.002482954
141,231,0.0,0.0014972873
141,232,0.0,0.003606041
141,233,0.0,0.0028683157
141,234,0.0,0.0027533802
141,235,0.0,0.0018476476
141,236,0.0,0.0034478926
141,237,0.0,0.0014926093
141,238,0.0,0.0032139844
141,239,-0.148997243701827,0.0020779949
141,240,0.0,0.0029294952
141,241,0.0,0.0014906339
141,242,0.154601364611754,0.0014700294
141,243,0.0,0.0024406458
141,244,0.0,0.0028297636
141,245,0.0,0.0027423063
141,246,0.0,0.0019711037
141,247,-0.148129592036732,0.0023712404
141,248,0.0,0.0031703645
141,249,0.0,0.0030589611
141,250,0.0,0.001468692
141,251,0.0,0.0014921683
141,252,0.0,0.002884976
141,253,0.0,0.0017225551
141,254,0.0,0.0014902046
141,255,0.0,0.0025054873
141,256,0.0,0.0014779363
141,257,0.0,0.002906802
141,258,0.0,0.0029042894
141,259,0.0,0.0025997185
141,260,0.0,0.0026879641
141,261,0.0,0.002907136
141,262,0.0,0.0025951792
141,263,0.0,0.0025222134
141,264,0.138134998293637,0.002701458
141,265,0.0,0.002556196
141,266,0.161001380145603,0.003588615
141,267,0.0,0.0014966079
141,268,0.0,0.0015191915
142,1,0.156909550383011,0.0017002281
142,2,-0.160790226466842,0.0032644938
142,3,0.0,0.0015625218
142,4,0.0,0.0025825663
142,5,0.0,0.0018617492
142,6,0.0,0.0023830528
142,7,0.0,0.0020494983
142,8,0.0,0.0029927855
142,9,0.0,0.0016977824
142,10,0.0,0.0023411629
142,11,0.0,0.002774816
142,12,0.0,0.0031011556
142,13,0.0,0.002359815
142,14,0.0,0.0016542622
142,15,0.0,0.0025065262
142,16,0.0,0.0024696402
142,17,0.0,0.0026513827
142,18,0.0,0.0029470692
142,19,0.0,0.001577897
142,20,0.0,0.0014918693
142,21,0.0,0.002073817
142,22,0.0,0.001546314
142,23,0.0,0.0026401593
142,24,0.0,0.0017506769
142,25,-0.163515789814319,0.0029646535
142,26,0.0,0.0024029515
142,27,-0.153088708342555,0.0015007281
142,28,0.0,0.0019517234
142,29,0.146089491437795,0.0020119203
142,30,0.0,0.0023638182
142,31,0.0,0.0026920214
142,32,0.0,0.0014636982
142,33,0.0,0.0036249682
142,34,0.0,0.0018172823
142,35,-0.15359331847526,0.0020411303
142,36,0.0,0.0021009683
142,37,0.0,0.0014614165
142,38,0.0,0.0016935924
142,39,0.0,0.0029561594
142,40,0.0,0.002800176
142,41,0.0,0.002703628
142,42,0.0,0.0019920869
142,43,0.0,0.003540235
142,44,0.0,0.0014911899
142,45,0.0,0.003199648
142,46,0.148936832162461,0.002556194
142,47,0.0,0.0023822547
142,48,0.0,0.003631935
142,49,0.0,0.002542758
142,50,0.0,0.0018545254
142,51,0.0,0.0016415189
142,52,0.0,0.0024051121
142,53,0.0,0.0017954716
142,54,0.0,0.0014921091
142,55,0.0,0.0017401055
142,56,0.0,0.002349306
142,57,0.0,0.00172971
142,58,0.0,0.0017040912
142,59,0.0,0.0034586387
142,60,0.0,0.0019518854
142,61,0.0,0.004886984
142,62,0.0,0.0017926698
142,63,0.0,0.0020826715
142,64,0.0,0.0014929697
142,65,0.0,0.0022816877
142,66,0.0,0.0015575425
142,67,0.0,0.0014871685
142,68,0.0,0.002743132
142,69,0.0,0.0022425936
142,70,0.0,0.0014773551
142,71,0.0,0.0036012847
142,72,0.0,0.0022947858
142,73,0.0,0.0022797715
142,74,0.0,0.002147425
142,75,0.0,0.0020154174
142,76,0.0,0.0015994068
142,77,0.0,0.0027695103
142,78,0.0,0.0019076332
142,79,0.0,0.0023670923
142,80,0.0,0.002114885
142,81,0.0,0.0027891924
142,82,0.0,0.0016512889
142,83,0.0,0.0024486887
142,84,0.0,0.0022992203
142,85,0.0,0.0026145107
142,86,-0.150311915125947,0.0022155559
142,87,0.0,0.0025195028
142,88,0.0,0.0034600296
142,89,0.0,0.0027680937
142,90,0.0,0.0015914077
142,91,0.155180171301962,0.0025325706
142,92,0.0,0.0032905648
142,93,0.0,0.002527473
142,94,0.0,0.002043135
142,95,0.0,0.0027185343
142,96,0.0,0.002550757
142,97,0.0,0.00309361
142,98,0.0,0.0023133545
142,99,0.0,0.0020284061
142,100,0.0,0.001966299
142,101,0.14917500137844,0.0014911364
142,102,0.0,0.0015324331
142,103,0.0,0.0021311473
142,104,0.0,0.0018707439
142,105,0.0,0.0023710863
142,106,0.0,0.0018097693
142,107,0.0,0.0016622483
142,108,0.0,0.0026766951
142,109,0.162923486126781,0.0017263317
142,110,0.0,0.002269911
142,111,0.0,0.0023700367
142,112,0.0,0.0014922791
142,113,0.0,0.002049544
142,114,0.0,0.0035226159
142,115,0.0,0.002670372
142,116,0.0,0.002558427
142,117,0.0,0.00148847
142,118,0.0,0.0015156008
142,119,0.0,0.0014926204
142,120,0.0,0.0016346555
142,121,0.0,0.0018157507
142,122,0.0,0.003232033
142,123,0.0,0.0025892165
142,124,0.0,0.0031207744
142,125,-0.147117797305618,0.0023114453
142,126,0.0,0.0015658881
142,127,0.0,0.001493819
142,128,-0.145249571839957,0.0027669086
142,129,0.0,0.0022477456
142,130,0.0,0.0027004504
142,131,0.0,0.0034246254
142,132,0.0,0.0027001505
142,133,0.0,0.002247313
142,134,0.0,0.0031595952
142,135,0.0,0.0017842753
142,136,0.0,0.0020036534
142,137,0.0,0.0018892973
142,138,0.0,0.0027659484
142,139,0.0,0.0025801784
142,140,0.0,0.0022738809
142,141,0.0,0.0025494
142,142,-0.9607003913261,0.030703487
142,143,0.0,0.0023786854
142,144,0.0,0.0014765863
142,145,0.0,0.0026975758
142,146,0.0,0.0019193115
142,147,0.0,0.0024767704
142,148,0.0,0.0036290148
142,149,0.0,0.0025368915
142,150,0.0,0.0017206026
142,151,0.0,0.0022700126
142,152,0.149646687545863,0.0016256687
142,153,0.0,0.0025807265
142,154,0.0,0.0016553714
142,155,0.0,0.0014939639
142,156,0.0,0.0019300473
142,157,0.0,0.0022939239
142,158,0.0,0.002660018
142,159,0.0,0.0018908256
142,160,0.0,0.0014947322
142,161,0.0,0.0027758959
142,162,0.0,0.0016234573
142,163,0.0,0.0014848402
142,164,0.0,0.0016997494
142,165,0.0,0.0028502531
142,166,0.148744313732905,0.0032990575
142,167,0.0,0.001482063
142,168,0.144921979396973,0.0030351141
142,169,0.0,0.0014794199
142,170,0.0,0.0027783485
142,171,0.0,0.0019870866
142,172,0.0,0.0033916188
142,173,0.0,0.0019164174
142,174,0.0,0.0027503716
142,175,0.0,0.0024335901
142,176,0.0,0.0028032502
142,177,0.0,0.0014828686
142,178,0.0,0.0024951124
142,179,0.0,0.0017810529
142,180,0.0,0.002035866
142,181,0.0,0.002557017
142,182,0.0,0.0014774911
142,183,0.144516716126951,0.0025629373
142,184,0.0,0.0027860831
142,185,0.0,0.0024703112
142,186,0.0,0.0022145128
142,187,0.0,0.0024563149
142,188,0.0,0.0023276657
142,189,0.0,0.0014571268
142,190,0.0,0.002386278
142,191,0.0,0.0017628446
142,192,0.0,0.003596757
142,193,0.0,0.001749109
142,194,0.0,0.0027870606
142,195,0.0,0.0031224354
142,196,0.0,0.0027325065
142,197,0.0,0.0023492887
142,198,0.0,0.002539399
142,199,-0.157593334334651,0.0016069189
142,200,0.0,0.0021798266
142,201,0.134650183932676,0.0035403115
142,202,0.0,0.003498762
142,203,0.0,0.0023580054
142,204,0.0,0.0022690347
142,205,0.0,0.003099612
142,206,0.0,0.0016882196
142,207,0.0,0.0022855476
142,208,0.0,0.0020681177
142,209,0.0,0.0031769676
142,210,0.147064846567923,0.002438371
142,211,0.0,0.0025709565
142,212,0.0,0.0014931378
142,213,0.0,0.0026571476
142,214,0.0,0.0014845533
142,215,0.0,0.0016567358
142,216,0.0,0.003507568
142,217,0.0,0.0023833378
142,218,0.0,0.0015183454
142,219,0.0,0.001475858
142,220,0.0,0.002548329
142,221,0.0,0.0014709048
142,222,0.0,0.0040633064
142,223,0.0,0.0019942308
142,224,0.0,0.0027818014
142,225,0.0,0.001650569
142,226,0.0,0.0025694636
142,227,0.0,0.0024478552
142,228,0.0,0.0016645407
142,229,0.0,0.0014924407
142,230,0.0,0.0024858154
142,231,0.0,0.0032780007
142,232,0.0,0.0024234005
142,233,0.0,0.003632586
142,234,0.0,0.0014731912
142,235,0.0,0.0026095924
142,236,0.0,0.0025530374
142,237,0.0,0.0022674743
142,238,0.13837694267139,0.001724646
142,239,0.0,0.0020064125
142,240,0.0,0.0027022287
142,241,0.0,0.0020180992
142,242,0.0,0.0026964834
142,243,0.0,0.0025653732
142,244,-0.143324179354231,0.0024679345
142,245,0.141590023845491,0.0019546975
142,246,0.0,0.002566195
142,247,0.144157838345425,0.0014788765
142,248,0.0,0.0028999448
142,249,0.0,0.0032782014
142,250,0.0,0.0021867845
142,251,-0.145819509172462,0.002029392
142,252,0.0,0.0025729947
142,253,0.0,0.0023162537
142,254,0.0,0.0015819585
142,255,0.138830263925756,0.0022268612
142,256,0.0,0.0024223886
142,257,0.0,0.0026864912
142,258,0.0,0.0025386014
142,259,0.0,0.0015835594
142,260,0.0,0.0027205958
142,261,0.0,0.002705575
142,262,0.141032933513839,0.0026648128
142,263,0.0,0.002632725
142,264,0.0,0.0022277413
142,265,0.0,0.0015055714
142,266,0.0,0.0024955524
142,267,0.0,0.002506277
142,268,0.0,0.0024062628
143,1,0.0,0.0021897494
143,2,0.0,0.0024565891
143,3,0.16244996618682,0.0017426214
143,4,0.0,0.0021083602
143,5,0.0,0.0022908882
143,6,0.0,0.0025661984
143,7,0.0,0.0027080853
143,8,0.0,0.003604841
143,9,0.0,0.0035940413
143,10,0.0,0.0024781413
143,11,0.0,0.0026306584
143,12,0.0,0.0023371163
143,13,0.0,0.0016089417
143,14,0.0,0.0035519265
143,15,0.0,0.0017695548
143,16,0.143962160177801,0.0020078407
143,17,0.0,0.0022831382
143,18,0.0,0.0016632816
143,19,0.0,0.0017073397
143,20,-0.14737649891856,0.0028768578
143,21,0.0,0.0026719822
143,22,0.0,0.002652138
143,23,0.0,0.0024977135
143,24,0.0,0.00362609
143,25,0.164102589042986,0.0034910683
143,26,0.0,0.0029946263
143,27,0.0,0.0035166605
143,28,0.0,0.0024627745
143,29,0.0,0.0025473577
143,30,0.0,0.0036065723
143,31,0.0,0.0025472278
143,32,0.0,0.0016937195
143,33,0.0,0.0029402724
143,34,0.0,0.002589677
143,35,0.0,0.0019213641
143,36,0.0,0.0014781766
143,37,0.0,0.0025817868
143,38,0.0,0.0023091817
143,39,0.0,0.0023018979
143,40,0.0,0.0024920516
143,41,0.0,0.0025077718
143,42,0.0,0.0025214748
143,43,0.0,0.002352023
143,44,0.0,0.002689185
143,45,0.157945405088753,0.002565944
143,46,0.0,0.0035336227
143,47,0.0,0.0023177913
143,48,0.0,0.0022082487
143,49,0.0,0.0026561646
143,50,0.0,0.002410293
143,51,0.158955788595153,0.0016808081
143,52,0.0,0.0020748083
143,53,0.0,0.0018868605
143,54,0.0,0.0017408263
143,55,0.0,0.003376192
143,56,0.0,0.0021539927
143,57,0.0,0.0033975905
143,58,0.0,0.0035760081
143,59,0.0,0.0024479823
143,60,0.0,0.0015728576
143,61,0.0,0.0033931104
143,62,0.0,0.0027818852
143,63,0.0,0.0020993012
143,64,0.0,0.0014858106
143,65,0.190705326578767,0.0014874679
143,66,0.0,0.002772959
143,67,0.0,0.003557547
143,68,0.0,0.0031402847
143,69,0.0,0.0014939033
143,70,0.0,0.0017558876
143,71,0.175655590532534,0.0021219887
143,72,0.0,0.0027695228
143,73,0.0,0.0024024076
143,74,0.0,0.0027647777
143,75,0.0,0.002250283
143,76,0.0,0.0016545118
143,77,0.158276897695753,0.0015546978
143,78,0.0,0.0014817561
143,79,0.173589494174783,0.0021938505
143,80,0.142218665485626,0.002774254
143,81,0.0,0.002399893
143,82,0.0,0.0016951445
143,83,0.0,0.0018764772
143,84,0.0,0.0018448737
143,85,0.0,0.0035400689
143,86,0.0,0.0028596735
143,87,0.0,0.0014915331
143,88,0.0,0.0018107351
143,89,0.0,0.0025983006
143,90,0.0,0.0022920095
143,91,0.0,0.0033367747
143,92,0.144639642488107,0.0020026611
143,93,0.0,0.0018497142
143,94,0.0,0.0023870007
143,95,0.149479557224932,0.001493047
143,96,0.0,0.0023141103
143,97,0.0,0.0019473112
143,98,0.0,0.0024442477
143,99,0.0,0.0023847995
143,100,0.0,0.0024684193
143,101,0.0,0.001984436
143,102,0.0,0.002407622
143,103,0.0,0.0021794438
143,104,0.0,0.0026754104
143,105,0.0,0.0023794896
143,106,0.0,0.0019110772
143,107,0.0,0.002669719
143,108,0.0,0.002426263
143,109,0.0,0.0019964795
143,110,0.0,0.0021465858
143,111,0.0,0.0017617615
143,112,0.0,0.002996971
143,113,0.0,0.0027179504
143,114,0.149803785824871,0.0026866416
143,115,0.14708988822746,0.00270514
143,116,0.0,0.0019844314
143,117,0.0,0.002183036
143,118,0.0,0.00247801
143,119,0.0,0.0036313245
143,120,0.0,0.002342767
143,121,0.149617826367819,0.0016423399
143,122,0.0,0.0015544589
143,123,0.0,0.001668266
143,124,0.0,0.0015239427
143,125,0.0,0.0020496147
143,126,0.0,0.0035921992
143,127,0.0,0.002182072
143,128,0.0,0.002668906
143,129,0.154973571816067,0.0016073361
143,130,0.0,0.0023886124
143,131,0.0,0.0015123105
143,132,0.0,0.0014983844
143,133,0.0,0.0025502946
143,134,0.0,0.0019470742
143,135,0.0,0.0027333861
143,136,0.145030893377139,0.0023596846
143,137,0.0,0.003264917
143,138,0.0,0.0025723102
143,139,0.0,0.0022086673
143,140,0.0,0.0014706487
143,141,0.0,0.0022512581
143,142,0.160266327293963,0.0023786854
143,143,0.0,0.030703487
143,144,0.0,0.0022755591
143,145,0.0,0.002599475
143,146,0.0,0.0014867196
143,147,0.0,0.0014962405
143,148,0.0,0.002340368
143,149,0.0,0.0028513214
143,150,0.0,0.0021323906
143,151,0.0,0.002575229
143,152,0.0,0.0023532268
143,153,0.0,0.001493209
143,154,0.0,0.003501149
143,155,0.0,0.0020029726
143,156,0.0,0.0025611036
143,157,0.0,0.0014892179
143,158,0.0,0.003125533
143,159,0.0,0.0017134673
143,160,0.0,0.0032946826
143,161,0.0,0.0014978168
143,162,0.0,0.003587537
143,163,0.0,0.0023278412
143,164,0.0,0.0036256583
143,165,0.0,0.0025114273
143,166,0.0,0.0025892914
143,167,0.0,0.0027362178
143,168,0.0,0.0026998273
143,169,0.0,0.002728335
143,170,0.0,0.0026810947
143,171,0.0,0.002792547
143,172,0.155635801801927,0.0026713824
143,173,0.0,0.0023375992
143,174,0.0,0.0019210656
143,175,0.0,0.0020809486
143,176,0.0,0.0035821982
143,177,0.143459736651244,0.002621741
143,178,0.0,0.0014765491
143,179,0.0,0.0021977709
143,180,0.0,0.0017525498
143,181,0.0,0.0034507602
143,182,0.155325161433613,0.0018024938
143,183,0.0,0.0015970105
143,184,0.0,0.0020504259
143,185,0.0,0.0027312324
143,186,0.0,0.0023236005
143,187,0.0,0.0021714377
143,188,0.136516118552763,0.0029659849
143,189,0.0,0.0024027824
143,190,0.0,0.0023105508
143,191,0.0,0.0028774007
143,192,0.155435612325349,0.0026011728
143,193,0.0,0.0020964001
143,194,0.0,0.0035944292
143,195,0.0,0.0018972475
143,196,0.0,0.0014937641
143,197,0.0,0.0029729325
143,198,0.0,0.0024629268
143,199,0.0,0.002750222
143,200,0.0,0.0027778395
143,201,0.0,0.0026363712
143,202,0.0,0.0015420998
143,203,0.0,0.0023912583
143,204,0.0,0.0026140064
143,205,0.0,0.0020970227
143,206,0.157709394919716,0.002341561
143,207,0.0,0.0030115289
143,208,0.0,0.0026390892
143,209,0.0,0.00298709
143,210,0.0,0.003325093
143,211,0.0,0.0035091117
143,212,0.0,0.0014863131
143,213,0.0,0.0027053114
143,214,0.0,0.0027151275
143,215,0.0,0.002300675
143,216,0.0,0.0016512889
143,217,0.0,0.0014941669
143,218,0.0,0.0022214195
143,219,0.0,0.0018025194
143,220,0.0,0.002090035
143,221,0.0,0.0024670418
143,222,0.0,0.0025997083
143,223,0.0,0.0022567217
143,224,0.150104585356429,0.00165933
143,225,0.0,0.0036292789
143,226,0.0,0.0024459655
143,227,-0.147864696715996,0.0023116563
143,228,0.0,0.0032135965
143,229,0.0,0.0017810897
143,230,0.0,0.0023768
143,231,0.0,0.0035928097
143,232,0.0,0.0027224068
143,233,-0.14533858733611,0.0017670831
143,234,0.0,0.0034981696
143,235,0.0,0.0025952277
143,236,0.0,0.0015828479
143,237,0.0,0.0023372415
143,238,0.0,0.0026359865
143,239,0.0,0.0014857096
143,240,0.14621868392052,0.0023453413
143,241,0.0,0.0026112609
143,242,0.0,0.0015764041
143,243,0.0,0.0024464969
143,244,0.0,0.0024186624
143,245,0.0,0.0014754031
143,246,0.0,0.0023787185
143,247,-0.148264955917277,0.0025631464
143,248,0.0,0.0016094595
143,249,0.0,0.0035011917
143,250,0.0,0.0021313904
143,251,0.0,0.0020805802
143,252,0.0,0.003598411
143,253,0.0,0.0021881512
143,254,0.0,0.0018008957
143,255,0.0,0.0024403306
143,256,0.0,0.0015671588
143,257,0.0,0.0015124064
143,258,0.0,0.0016419152
143,259,0.0,0.0016693072
143,260,0.0,0.0027683396
143,261,0.0,0.0020056684
143,262,0.0,0.0015625502
143,263,0.0,0.0016121496
143,264,-0.138261228907998,0.0031451583
143,265,0.0,0.0021976894
143,266,0.0,0.0014796508
143,267,0.0,0.0018773973
143,268,0.0,0.0020520706
144,1,0.0,0.0025517922
144,2,0.0,0.0036113458
144,3,0.0,0.002512352
144,4,-0.168750907792254,0.002601081
144,5,0.0,0.0035310523
144,6,0.0,0.0027717208
144,7,0.164153988632815,0.0027257232
144,8,0.0,0.0027496135
144,9,0.0,0.0018739197
144,10,0.0,0.0034416816
144,11,0.0,0.0025359145
144,12,0.0,0.002296071
144,13,0.0,0.0027365251
144,14,0.0,0.0027625854
144,15,0.0,0.0016305349
144,16,0.0,0.002964608
144,17,0.0,0.002613611
144,18,0.166148037738687,0.0026032995
144,19,0.0,0.0025412221
144,20,0.156086268076665,0.0035257614
144,21,0.0,0.0025147554
144,22,0.0,0.0025929785
144,23,0.0,0.0029854449
144,24,0.0,0.0034903158
144,25,0.17380084948003,0.0024885484
144,26,0.0,0.0027983105
144,27,0.0,0.0023852675
144,28,-0.16583237218126,0.0027937791
144,29,0.0,0.0027770894
144,30,0.0,0.0015033404
144,31,0.0,0.002780593
144,32,0.0,0.0029949942
144,33,-0.152595388571015,0.0034610382
144,34,-0.160022708329688,0.0034205494
144,35,0.0,0.0023543695
144,36,0.0,0.0022464325
144,37,0.0,0.0027116588
144,38,0.0,0.0021643154
144,39,0.0,0.001971705
144,40,0.0,0.003029482
144,41,-0.170472508967931,0.0023585674
144,42,0.0,0.0024544625
144,43,0.0,0.0025525317
144,44,0.0,0.0035581533
144,45,0.0,0.002874672
144,46,0.0,0.0027105222
144,47,0.0,0.002455832
144,48,0.0,0.0023916243
144,49,0.0,0.0018768208
144,50,0.0,0.002139877
144,51,0.0,0.003158494
144,52,0.0,0.002545129
144,53,0.0,0.0014951513
144,54,0.156725352104441,0.0025406578
144,55,0.0,0.0024841134
144,56,0.0,0.0024391874
144,57,0.0,0.0018598065
144,58,0.167400280528393,0.0024858043
144,59,0.0,0.0021688035
144,60,0.0,0.0032583023
144,61,0.0,0.0016587493
144,62,0.0,0.0022014147
144,63,0.0,0.002720018
144,64,0.0,0.0022543548
144,65,-0.201975775964595,0.0017528525
144,66,0.0,0.0023322548
144,67,0.0,0.0019944417
144,68,0.164304490273725,0.0031498154
144,69,0.0,0.0031971722
144,70,0.0,0.0023949156
144,71,0.0,0.0022275932
144,72,0.0,0.0026034247
144,73,0.0,0.0026762756
144,74,0.0,0.0019933209
144,75,0.0,0.0016498398
144,76,0.0,0.003047999
144,77,0.0,0.0024743695
144,78,0.0,0.0019118185
144,79,0.0,0.0025238278
144,80,0.0,0.0016331878
144,81,0.0,0.0015376601
144,82,0.0,0.0018887292
144,83,0.0,0.0015298994
144,84,0.0,0.0034632627
144,85,-0.169552679637566,0.0019723396
144,86,0.0,0.0024747667
144,87,0.175753847803019,0.0020947154
144,88,0.0,0.0023184
144,89,0.0,0.0025849906
144,90,0.0,0.0017292509
144,91,0.0,0.0026195562
144,92,0.0,0.0022842693
144,93,-0.163151757569875,0.002535812
144,94,0.0,0.0034267795
144,95,0.0,0.0023117042
144,96,0.0,0.001973983
144,97,0.0,0.0024951538
144,98,0.0,0.0023400472
144,99,0.0,0.0034674653
144,100,0.0,0.0029506707
144,101,0.0,0.0023919358
144,102,-0.162459511416271,0.0023452295
144,103,0.0,0.002387649
144,104,0.0,0.0014773998
144,105,0.0,0.0014958959
144,106,0.0,0.002785997
144,107,0.0,0.0020006574
144,108,0.0,0.0024789297
144,109,0.0,0.002355665
144,110,0.153996959781046,0.0023102951
144,111,0.177631665771585,0.0028659827
144,112,0.0,0.0022128248
144,113,-0.175022000185759,0.0027818927
144,114,0.0,0.0017737332
144,115,0.0,0.0023765676
144,116,0.0,0.0026797014
144,117,0.0,0.0028995294
144,118,0.0,0.002506162
144,119,0.0,0.0024922052
144,120,0.0,0.002527004
144,121,0.0,0.0019750656
144,122,0.0,0.0034582764
144,123,0.0,0.003054398
144,124,0.0,0.0014946731
144,125,0.0,0.0024967599
144,126,0.0,0.0018535308
144,127,0.0,0.00267995
144,128,0.0,0.002421494
144,129,0.0,0.0030557606
144,130,0.0,0.0022735056
144,131,0.0,0.0031077499
144,132,0.0,0.002320421
144,133,0.0,0.0015554535
144,134,0.0,0.0021887887
144,135,0.169598890771199,0.002156559
144,136,0.0,0.0032555824
144,137,0.0,0.0035865162
144,138,0.0,0.0026763119
144,139,0.0,0.0025764862
144,140,0.0,0.0032158718
144,141,0.0,0.0015342487
144,142,0.0,0.0014765863
144,143,0.0,0.0022755591
144,144,0.0,0.030703487
144,145,0.0,0.0026144153
144,146,0.0,0.0027115685
144,147,0.0,0.0028236317
144,148,0.0,0.002790057
144,149,0.0,0.0025895336
144,150,0.0,0.0029279953
144,151,0.0,0.0018529054
144,152,0.0,0.0024229805
144,153,0.0,0.002976512
144,154,0.0,0.0035073305
144,155,0.0,0.0030341158
144,156,0.0,0.002640272
144,157,0.0,0.0035801725
144,158,0.0,0.0036037136
144,159,0.0,0.0029184362
144,160,0.164744354096565,0.0015716371
144,161,0.0,0.0023205467
144,162,0.0,0.0029140366
144,163,0.165558274413881,0.0021289778
144,164,0.0,0.0026265546
144,165,0.0,0.002572433
144,166,0.0,0.0018076589
144,167,0.0,0.0023797788
144,168,0.0,0.0016150526
144,169,0.0,0.0028304448
144,170,0.0,0.002742059
144,171,0.0,0.0018886472
144,172,0.0,0.0025742706
144,173,0.0,0.0025914372
144,174,0.0,0.0023868643
144,175,0.0,0.0017400729
144,176,0.0,0.0016197343
144,177,0.0,0.0035339664
144,178,0.0,0.0019630697
144,179,0.0,0.0024388433
144,180,0.0,0.0034986604
144,181,0.0,0.0025399192
144,182,0.0,0.0027192836
144,183,0.0,0.0014932444
144,184,0.0,0.0018494958
144,185,0.0,0.0020375457
144,186,0.0,0.0030849301
144,187,0.0,0.002344082
144,188,0.0,0.0018563243
144,189,0.0,0.0023677447
144,190,0.0,0.0018513519
144,191,0.0,0.0027184738
144,192,0.0,0.002130095
144,193,0.0,0.0023692702
144,194,0.0,0.0024683713
144,195,0.0,0.0020903545
144,196,0.163757729709965,0.0027717818
144,197,0.154434315589237,0.0023091305
144,198,0.0,0.0027137003
144,199,0.0,0.0018286407
144,200,0.0,0.0025194786
144,201,0.151582743797534,0.0023609465
144,202,0.165143493989999,0.0015491969
144,203,0.0,0.0021880628
144,204,0.17589269416779,0.0026157442
144,205,0.0,0.0026441538
144,206,0.0,0.0027617738
144,207,0.0,0.0023831166
144,208,0.0,0.0023652138
144,209,0.0,0.0025366456
144,210,0.0,0.0027730302
144,211,0.0,0.00239053
144,212,0.0,0.0014577741
144,213,0.0,0.0028645042
144,214,0.0,0.0025945408
144,215,0.0,0.0019127899
144,216,0.0,0.0026692427
144,217,0.0,0.0017924383
144,218,0.0,0.0035203751
144,219,0.0,0.002941579
144,220,0.0,0.0014929799
144,221,0.0,0.0023456244
144,222,0.0,0.002431105
144,223,0.0,0.0020564212
144,224,0.0,0.0016971636
144,225,0.0,0.0022704327
144,226,0.0,0.0031069051
144,227,0.0,0.0029956433
144,228,0.0,0.0036203233
144,229,0.0,0.0028056954
144,230,0.0,0.0018227035
144,231,0.0,0.0026714639
144,232,0.0,0.0029905634
144,233,-0.15908289884607,0.0026497967
144,234,0.15563268271167,0.0018504751
144,235,0.0,0.00234422
144,236,0.0,0.0026393142
144,237,0.0,0.0024226457
144,238,0.0,0.0023069358
144,239,0.0,0.0034415512
144,240,0.0,0.0023886422
144,241,0.0,0.0027990951
144,242,0.0,0.001988322
144,243,0.0,0.0024815337
144,244,0.0,0.003604163
144,245,0.0,0.0027241055
144,246,0.0,0.0033709886
144,247,0.0,0.0024439055
144,248,0.0,0.0025850222
144,249,0.0,0.0021658042
144,250,0.0,0.001547643
144,251,0.0,0.0034903488
144,252,0.0,0.002613315
144,253,0.0,0.0024418538
144,254,0.0,0.0031228084
144,255,0.0,0.0025511943
144,256,-0.159500462270418,0.0018342491
144,257,0.0,0.002904294
144,258,0.0,0.002439742
144,259,0.0,0.0029800986
144,260,0.0,0.0033733123
144,261,0.0,0.001768468
144,262,0.0,0.0027503609
144,263,0.0,0.0023786896
144,264,0.0,0.0030034045
144,265,0.0,0.0026804004
144,266,0.176387923081527,0.003507439
144,267,0.0,0.0033046016
144,268,0.0,0.0016063089
145,1,0.0,0.0026118616
145,2,0.0,0.0024963575
145,3,0.0,0.0021974524
145,4,0.0,0.0017458773
145,5,0.0,0.0026809964
145,6,0.0,0.003409782
145,7,0.0,0.0024320628
145,8,0.0,0.0034211706
145,9,0.0,0.002444847
145,10,0.0,0.0014939252
145,11,0.0,0.0025575724
145,12,0.145315147666004,0.0034880722
145,13,0.0,0.002551138
145,14,0.0,0.0035932567
145,15,0.0,0.0017577833
145,16,0.0,0.0027036844
145,17,0.0,0.0035330304
145,18,0.0,0.0027588136
145,19,0.0,0.002693592
145,20,0.0,0.0025203475
145,21,0.0,0.0027837055
145,22,0.166172132045632,0.0026875632
145,23,0.0,0.0035471832
145,24,0.0,0.0025409493
145,25,0.0,0.0023909505
145,26,0.0,0.0023680548
145,27,0.0,0.0028613508
145,28,0.0,0.0027806568
145,29,0.0,0.0025874134
145,30,0.0,0.0032146596
145,31,0.0,0.003611274
145,32,0.0,0.0024454999
145,33,0.0,0.002392441
145,34,0.0,0.0020793523
145,35,0.0,0.0036114356
145,36,0.0,0.0021338863
145,37,0.0,0.0035339622
145,38,0.0,0.0025513605
145,39,0.155573322601417,0.0023818421
145,40,0.0,0.0027118968
145,41,0.157129888817751,0.0035976632
145,42,0.0,0.002552208
145,43,0.152145285490724,0.0017013513
145,44,0.0,0.0022596698
145,45,0.0,0.001503
145,46,-0.145914604004002,0.0025231866
145,47,0.0,0.0024744952
145,48,0.0,0.002387816
145,49,0.0,0.00255109
145,50,0.0,0.0027734642
145,51,0.0,0.0026251655
145,52,0.0,0.003518619
145,53,0.0,0.002586932
145,54,0.0,0.0023885123
145,55,0.0,0.0025520297
145,56,0.0,0.0025525303
145,57,0.153487989995294,0.0029788334
145,58,0.0,0.001528299
145,59,0.0,0.003207285
145,60,0.0,0.0026661404
145,61,0.0,0.003416189
145,62,0.148370928928685,0.0023814817
145,63,0.151790165743682,0.002499592
145,64,0.0,0.0018060813
145,65,0.0,0.0035920371
145,66,0.146133090159403,0.0034352224
145,67,0.0,0.002131491
145,68,0.0,0.0023832163
145,69,0.0,0.0024982505
145,70,0.0,0.0023433901
145,71,0.0,0.0027218377
145,72,0.0,0.0034133503
145,73,0.0,0.0026038024
145,74,0.0,0.002566867
145,75,0.0,0.0027705631
145,76,0.0,0.002460613
145,77,-0.154510657748886,0.0027271407
145,78,0.0,0.0025794506
145,79,0.0,0.0016721268
145,80,0.0,0.002518931
145,81,0.0,0.0027561425
145,82,0.0,0.0025475412
145,83,0.0,0.002157953
145,84,0.0,0.0023075421
145,85,0.0,0.0027330434
145,86,0.0,0.0026635523
145,87,0.0,0.0036014076
145,88,0.0,0.0036303676
145,89,0.0,0.0023616888
145,90,0.0,0.0017282707
145,91,0.0,0.0023127035
145,92,0.0,0.003329942
145,93,0.0,0.0026600743
145,94,0.0,0.0014962461
145,95,0.0,0.0026590046
145,96,0.0,0.002459955
145,97,0.0,0.0027777338
145,98,0.13592445083368,0.0023410758
145,99,-0.153343271747917,0.003579502
145,100,0.0,0.0024235672
145,101,0.0,0.0027030758
145,102,0.0,0.0016120542
145,103,0.0,0.003163632
145,104,0.0,0.002426146
145,105,0.0,0.0016073352
145,106,0.0,0.0025628912
145,107,0.0,0.0019037584
145,108,0.0,0.0026310096
145,109,0.159617440601995,0.002330578
145,110,0.0,0.0032674978
145,111,0.0,0.0019926718
145,112,0.0,0.002174722
145,113,0.0,0.003247465
145,114,0.0,0.002404062
145,115,0.0,0.0024722982
145,116,0.0,0.0027618133
145,117,0.0,0.0027248543
145,118,0.0,0.0025680945
145,119,0.0,0.0023797075
145,120,0.0,0.0032390314
145,121,0.0,0.0017181532
145,122,0.0,0.002912826
145,123,0.0,0.0032714284
145,124,0.0,0.0031477315
145,125,0.0,0.0034362809
145,126,0.0,0.0036322647
145,127,0.0,0.0024296474
145,128,0.0,0.0018143076
145,129,0.0,0.0031007794
145,130,0.0,0.002509763
145,131,0.0,0.0022979365
145,132,0.0,0.0035508424
145,133,0.153080116861355,0.0027014967
145,134,0.0,0.0022637746
145,135,0.0,0.0029168813
145,136,0.0,0.0030246791
145,137,0.0,0.002661372
145,138,0.0,0.0024230774
145,139,0.0,0.0027725655
145,140,0.0,0.0035642963
145,141,0.0,0.0032297065
145,142,0.156452748352377,0.0026975758
145,143,0.0,0.002599475
145,144,0.0,0.0026144153
145,145,0.0,0.030703487
145,146,0.0,0.0026675933
145,147,0.0,0.002347461
145,148,0.0,0.002328713
145,149,0.0,0.0031630923
145,150,0.0,0.003514788
145,151,0.0,0.0022771182
145,152,0.0,0.0023509045
145,153,0.0,0.002467285
145,154,0.0,0.0022727353
145,155,0.0,0.0027892645
145,156,0.0,0.0025714026
145,157,0.0,0.0035175919
145,158,0.0,0.002676933
145,159,0.0,0.0028396756
145,160,0.0,0.0023386423
145,161,0.0,0.003519949
145,162,0.0,0.0022592917
145,163,0.0,0.002647834
145,164,0.0,0.0021051695
145,165,0.0,0.0030614324
145,166,0.0,0.003545254
145,167,0.0,0.0027034213
145,168,0.0,0.0027666222
145,169,0.0,0.0026659025
145,170,0.0,0.0023416057
145,171,0.0,0.0023162114
145,172,0.0,0.0027099177
145,173,0.0,0.0033406788
145,174,0.0,0.0024074884
145,175,0.0,0.0027738437
145,176,0.0,0.0030515515
145,177,0.0,0.0033076126
145,178,0.0,0.0027901544
145,179,0.0,0.0025907708
145,180,0.0,0.0026099999
145,181,0.0,0.0030177021
145,182,0.0,0.0035912548
145,183,0.0,0.0034286315
145,184,0.0,0.0024254345
145,185,0.0,0.003584384
145,186,0.0,0.0034369072
145,187,0.0,0.0033976296
145,188,0.0,0.0025942884
145,189,0.151828788541603,0.0025990615
145,190,0.154538892210451,0.002313361
145,191,-0.145988747944585,0.0028384607
145,192,0.0,0.002790682
145,193,0.0,0.0025764843
145,194,0.0,0.002677951
145,195,0.0,0.002915217
145,196,0.0,0.002667733
145,197,0.142461772627363,0.0025516967
145,198,0.0,0.0025057946
145,199,0.0,0.0035167942
145,200,0.0,0.0026572961
145,201,0.0,0.0023630452
145,202,0.0,0.003403998
145,203,0.0,0.0023845853
145,204,0.0,0.002370676
145,205,0.0,0.002668066
145,206,0.159240914573371,0.0029989728
145,207,0.0,0.0016956311
145,208,0.0,0.0015671519
145,209,0.0,0.002687103
145,210,0.0,0.0015832512
145,211,0.0,0.0036318586
145,212,0.0,0.0024708281
145,213,0.0,0.0030984473
145,214,0.0,0.0016236999
145,215,0.0,0.0021738107
145,216,0.0,0.00215205
145,217,0.0,0.0024182857
145,218,0.0,0.0025379183
145,219,0.0,0.0033846474
145,220,0.0,0.0034705596
145,221,0.0,0.0025888537
145,222,-0.155374614134364,0.00204736
145,223,0.0,0.0029673977
145,224,0.0,0.0025867792
145,225,0.0,0.0020513036
145,226,0.0,0.0023091845
145,227,0.0,0.003117931
145,228,0.0,0.002761379
145,229,0.0,0.0026825848
145,230,0.151135997638479,0.0027568243
145,231,0.0,0.002390197
145,232,0.0,0.0032089888
145,233,0.0,0.0034995498
145,234,0.0,0.0034667104
145,235,0.0,0.0034590722
145,236,0.0,0.003398058
145,237,0.0,0.0014883922
145,238,0.0,0.0024092821
145,239,0.0,0.0024706018
145,240,0.0,0.0035480252
145,241,0.0,0.0016875169
145,242,0.0,0.0023644133
145,243,0.0,0.002312859
145,244,0.0,0.0027759657
145,245,0.0,0.0036213067
145,246,0.0,0.002336904
145,247,0.0,0.00305444
145,248,0.0,0.0030294699
145,249,0.0,0.0019249152
145,250,0.0,0.0031137858
145,251,0.0,0.0033862572
145,252,0.0,0.002413698
145,253,0.0,0.002341352
145,254,0.0,0.0014913846
145,255,0.0,0.0023670653
145,256,0.1471351655442,0.0025932295
145,257,0.0,0.0023975712
145,258,0.0,0.0027621975
145,259,0.0,0.0026143943
145,260,0.0,0.0018563881
145,261,0.0,0.0031527402
145,262,0.0,0.002330475
145,263,0.0,0.003048163
145,264,0.0,0.0021551573
145,265,0.0,0.002020354
145,266,0.0,0.0024676612
145,267,0.0,0.002426677
145,268,0.0,0.0025640386
146,1,0.0,0.0035863053
146,2,0.0,0.0032634032
146,3,0.0,0.0025944584
146,4,0.0,0.0015278943
146,5,0.0,0.0031066206
146,6,0.0,0.0026590833
146,7,0.0,0.0022823298
146,8,0.0,0.0024658297
146,9,0.0,0.0026368373
146,10,0.0,0.0023747613
146,11,0.0,0.0014861743
146,12,0.0,0.0014929762
146,13,-0.138904387651919,0.0027662222
146,14,0.0,0.001698738
146,15,0.0,0.0016883365
146,16,0.0,0.0027339435
146,17,0.153394658119125,0.0023361319
146,18,0.0,0.002642911
146,19,0.0,0.0023385775
146,20,0.0,0.0022665448
146,21,0.0,0.0024429723
146,22,0.0,0.0025665872
146,23,0.0,0.0022558388
146,24,0.0,0.002515507
146,25,0.0,0.0028419318
146,26,0.0,0.0024091755
146,27,0.0,0.002998514
146,28,0.0,0.0036016442
146,29,0.0,0.0024159737
146,30,0.0,0.0027155308
146,31,0.0,0.0027646506
146,32,0.0,0.002303013
146,33,0.0,0.002551936
146,34,0.0,0.0025200853
146,35,0.0,0.00363169
146,36,0.0,0.0017004777
146,37,0.0,0.0018560276
146,38,0.0,0.0034511313
146,39,0.0,0.0015926785
146,40,0.0,0.002146327
146,41,0.0,0.0025408622
146,42,0.0,0.0018193698
146,43,0.0,0.00154693
146,44,0.0,0.0018204455
146,45,0.0,0.0025925832
146,46,0.0,0.0023113666
146,47,0.0,0.0014848989
146,48,0.0,0.0029020747
146,49,0.0,0.002388048
146,50,0.0,0.0028038374
146,51,0.0,0.0017419765
146,52,0.151406701213852,0.0017396165
146,53,0.0,0.0016981075
146,54,0.14016343932529,0.0025874334
146,55,0.0,0.002490234
146,56,0.0,0.002432005
146,57,0.0,0.0024309293
146,58,0.0,0.0020836028
146,59,0.151344955692211,0.0019243346
146,60,0.0,0.0016157348
146,61,0.0,0.0025473568
146,62,0.0,0.0025567524
146,63,0.0,0.002672411
146,64,0.0,0.0014866753
146,65,0.180632035847822,0.002129471
146,66,0.0,0.0022363449
146,67,0.0,0.0019588224
146,68,0.0,0.0025619557
146,69,0.0,0.002425353
146,70,0.0,0.0014956519
146,71,0.166377245434925,0.0025478946
146,72,0.0,0.0024831141
146,73,0.0,0.0018649045
146,74,0.0,0.002012129
146,75,0.0,0.0020414796
146,76,0.0,0.00214885
146,77,0.0,0.0015547974
146,78,0.0,0.0020474712
146,79,0.0,0.0026022256
146,80,0.0,0.0014835456
146,81,0.150335695581079,0.002765921
146,82,0.0,0.0019113347
146,83,0.0,0.0034572566
146,84,0.0,0.0014794241
146,85,0.0,0.0014780965
146,86,0.0,0.0020232755
146,87,0.0,0.003410051
146,88,0.0,0.0024759504
146,89,0.0,0.0015207855
146,90,0.152637714926078,0.0032214276
146,91,0.0,0.0015742444
146,92,0.0,0.003087846
146,93,0.145910735984313,0.0027903463
146,94,0.0,0.0015633758
146,95,0.0,0.0016140477
146,96,0.0,0.0027015908
146,97,-0.150428521824055,0.0026074583
146,98,0.0,0.0027594306
146,99,0.0,0.0023623202
146,100,0.0,0.0026143296
146,101,0.0,0.0024738996
146,102,0.0,0.0015117433
146,103,0.0,0.0026049782
146,104,0.0,0.0024495213
146,105,0.0,0.0023758523
146,106,0.0,0.0037713498
146,107,0.144900721681506,0.0035872278
146,108,0.0,0.0018055304
146,109,0.154871456978332,0.0022061034
146,110,0.0,0.0025898968
146,111,0.0,0.0020233733
146,112,0.15720859522579,0.0014904831
146,113,0.0,0.0018935413
146,114,0.0,0.002102009
146,115,0.0,0.0028221384
146,116,0.0,0.002608384
146,117,0.0,0.0015095421
146,118,0.0,0.0024865922
146,119,-0.140450346944705,0.001495487
146,120,0.0,0.0014831526
146,121,0.0,0.0026094876
146,122,0.0,0.0020965668
146,123,0.0,0.0014777887
146,124,0.0,0.0026571313
146,125,0.0,0.002260739
146,126,0.0,0.0030942457
146,127,0.0,0.0023615295
146,128,0.0,0.002704742
146,129,0.0,0.0033266172
146,130,0.0,0.0014906982
146,131,0.0,0.0031134253
146,132,0.0,0.0017685625
146,133,0.0,0.0035757548
146,134,0.0,0.0025278595
146,135,0.0,0.0017436873
146,136,0.0,0.0014797393
146,137,0.0,0.0014926628
146,138,0.0,0.0026052305
146,139,0.0,0.0020724102
146,140,0.0,0.0014569145
146,141,0.0,0.0020754691
146,142,0.0,0.0019193115
146,143,0.0,0.0014867196
146,144,0.0,0.0027115685
146,145,0.0,0.0026675933
146,146,0.114052112912759,0.030703487
146,147,0.0,0.0023572668
146,148,0.0,0.0016141799
146,149,0.0,0.001652428
146,150,-0.145518785238882,0.003505853
146,151,0.0,0.002379498
146,152,0.0,0.0014957096
146,153,0.0,0.0028480338
146,154,0.0,0.0023324727
146,155,0.0,0.0022005318
146,156,0.0,0.0016705152
146,157,0.0,0.001482077
146,158,0.0,0.002756652
146,159,0.14439203931782,0.0025519063
146,160,0.0,0.0027791061
146,161,0.0,0.0024263016
146,162,0.0,0.0029294384
146,163,0.0,0.002608798
146,164,0.0,0.0029829754
146,165,0.0,0.0024480424
146,166,0.0,0.0015244326
146,167,0.0,0.0024023517
146,168,0.0,0.0018222015
146,169,-0.140995694750879,0.0014767214
146,170,0.0,0.00233059
146,171,0.0,0.002856697
146,172,0.158280972104893,0.003508755
146,173,-0.144873425117276,0.0018763035
146,174,0.0,0.0027113096
146,175,0.0,0.0019791108
146,176,0.0,0.0027054106
146,177,0.0,0.0016452828
146,178,0.0,0.0019511529
146,179,0.0,0.0016919258
146,180,0.0,0.0024536173
146,181,0.0,0.0026540593
146,182,0.0,0.001642704
146,183,0.0,0.0035022916
146,184,0.0,0.0014844667
146,185,0.0,0.0016125822
146,186,0.0,0.0023311893
146,187,0.0,0.0023436034
146,188,0.0,0.0017123385
146,189,0.152924204674971,0.0014695753
146,190,0.0,0.0019624094
146,191,0.0,0.0022100685
146,192,0.0,0.002744143
146,193,0.0,0.0017527537
146,194,0.0,0.0023707463
146,195,0.0,0.002344443
146,196,0.0,0.0027714502
146,197,0.0,0.0015110364
146,198,-0.140629173439506,0.0022218646
146,199,0.0,0.0014812988
146,200,0.0,0.001969567
146,201,0.0,0.0016035424
146,202,-0.153439830027633,0.0016053254
146,203,0.0,0.002462267
146,204,0.0,0.0014941664
146,205,0.0,0.0022531892
146,206,0.0,0.0032822457
146,207,0.0,0.0014921487
146,208,0.0,0.0025876984
146,209,0.0,0.0016250191
146,210,0.0,0.0032040267
146,211,0.0,0.0026500681
146,212,0.0,0.0032710899
146,213,0.0,0.0019596294
146,214,0.0,0.0017866776
146,215,0.0,0.0017117467
146,216,0.143186728487826,0.0015812116
146,217,0.0,0.00359945
146,218,0.0,0.0014621397
146,219,0.0,0.0016125771
146,220,0.0,0.0015415577
146,221,0.0,0.0018763761
146,222,0.0,0.001730693
146,223,0.0,0.0027371529
146,224,0.0,0.0022300626
146,225,0.0,0.0014920766
146,226,0.0,0.0027969675
146,227,0.0,0.0026958338
146,228,0.0,0.0024023233
146,229,0.0,0.0034793299
146,230,0.0,0.0024440577
146,231,0.0,0.0015543532
146,232,0.0,0.00171661
146,233,0.0,0.0024177367
146,234,0.0,0.0022910195
146,235,0.0,0.0023165517
146,236,0.0,0.0024302439
146,237,0.0,0.0016803974
146,238,0.0,0.002560181
146,239,0.0,0.00180696
146,240,0.0,0.002392355
146,241,0.0,0.0020956434
146,242,0.0,0.0016718083
146,243,0.0,0.0023076371
146,244,0.0,0.0025253776
146,245,0.0,0.0014782194
146,246,0.0,0.0030494733
146,247,0.0,0.0022344682
146,248,0.0,0.0023670304
146,249,0.0,0.0022849417
146,250,-0.150925430118938,0.0024330788
146,251,0.0,0.0016125552
146,252,0.0,0.002336002
146,253,0.0,0.002181854
146,254,0.0,0.002508514
146,255,0.0,0.001892108
146,256,0.0,0.0015720958
146,257,0.0,0.002682154
146,258,-0.146949666112555,0.0026840456
146,259,0.0,0.0025504115
146,260,0.0,0.0020450242
146,261,0.0,0.0026942324
146,262,0.0,0.0016257232
146,263,0.141415470773912,0.0018019066
146,264,0.0,0.0026694662
146,265,0.0,0.0027514813
146,266,0.0,0.0015693381
146,267,0.0,0.0025759256
146,268,0.0,0.003363639
147,1,-0.155329516441241,0.0025444282
147,2,0.0,0.0026046657
147,3,0.0,0.0014883117
147,4,0.0,0.0023631542
147,5,0.0,0.0025428776
147,6,0.0,0.002319727
147,7,0.0,0.0029177694
147,8,0.14889733052569,0.0034552333
147,9,0.0,0.0025061378
147,10,0.0,0.0023915824
147,11,0.0,0.0023902343
147,12,0.146831370112228,0.0034895088
147,13,0.0,0.002596687
147,14,0.0,0.0019832524
147,15,0.0,0.002392
147,16,0.0,0.0022676555
147,17,0.0,0.0022188611
147,18,0.0,0.0035991203
147,19,0.0,0.0021974845
147,20,0.0,0.0014835596
147,21,0.0,0.002767861
147,22,0.0,0.00251303
147,23,0.0,0.0027249148
147,24,0.0,0.0014748187
147,25,0.161869232945784,0.0014871024
147,26,0.0,0.0017434992
147,27,0.0,0.0024305577
147,28,0.0,0.0022683092
147,29,0.0,0.0026858645
147,30,0.159362026039117,0.0025760788
147,31,0.0,0.002589879
147,32,0.0,0.0023773364
147,33,0.0,0.0014600973
147,34,0.0,0.0024168934
147,35,0.0,0.0025425814
147,36,0.0,0.0036103013
147,37,0.0,0.0024565598
147,38,0.0,0.0031307857
147,39,0.0,0.0022923118
147,40,0.0,0.0023647384
147,41,0.0,0.0029121004
147,42,0.0,0.002150816
147,43,0.0,0.0014856006
147,44,0.0,0.0016262843
147,45,0.0,0.0033319518
147,46,-0.147437081194964,0.0018344806
147,47,0.0,0.0014918642
147,48,0.0,0.002557517
147,49,0.0,0.0020543546
147,50,0.149101112353853,0.0019814167
147,51,0.0,0.002760999
147,52,0.157674702340041,0.0027717468
147,53,0.0,0.0022897143
147,54,0.0,0.0030309227
147,55,-0.161108469122466,0.0023790975
147,56,0.0,0.0038219625
147,57,0.0,0.0022658668
147,58,0.0,0.0031610145
147,59,0.0,0.0027851649
147,60,0.0,0.0020426326
147,61,0.0,0.0021800012
147,62,0.0,0.0025114096
147,63,0.0,0.0014792611
147,64,0.0,0.0024666055
147,65,0.188109920215178,0.001472957
147,66,0.0,0.002306539
147,67,0.0,0.0020804997
147,68,0.0,0.0023813704
147,69,0.0,0.0032440596
147,70,0.0,0.0016918187
147,71,0.17326500372698,0.0025144154
147,72,0.0,0.0015622433
147,73,0.0,0.0024733595
147,74,0.0,0.0023094574
147,75,0.0,0.0023713256
147,76,0.0,0.0018591676
147,77,0.0,0.0015451405
147,78,0.0,0.0021205395
147,79,0.0,0.0035829302
147,80,0.0,0.0032577496
147,81,0.156559358745615,0.0023447718
147,82,0.0,0.0024224697
147,83,0.0,0.0024257088
147,84,0.155918826269125,0.0022872384
147,85,0.0,0.00298248
147,86,0.0,0.0027878047
147,87,0.0,0.0025173724
147,88,0.0,0.0032750196
147,89,0.0,0.0025007306
147,90,0.0,0.0014717067
147,91,0.0,0.0016622017
147,92,0.0,0.002827419
147,93,0.0,0.0021373434
147,94,0.0,0.0025315052
147,95,0.0,0.0033907979
147,96,0.0,0.002706932
147,97,0.0,0.0024268245
147,98,0.0,0.0015601763
147,99,0.0,0.003515862
147,100,0.0,0.0017156419
147,101,0.0,0.0016123652
147,102,0.0,0.0025682976
147,103,0.0,0.0025525438
147,104,0.0,0.0019218349
147,105,0.0,0.0024167253
147,106,0.0,0.0023750663
147,107,0.0,0.0017107734
147,108,0.0,0.0024929997
147,109,0.0,0.0025890134
147,110,0.0,0.002241158
147,111,-0.165437059550345,0.0014787363
147,112,0.0,0.002961001
147,113,0.0,0.0031295703
147,114,0.0,0.002447194
147,115,0.0,0.0024147676
147,116,0.0,0.003288729
147,117,0.0,0.0023738914
147,118,-0.149229794093031,0.0019974913
147,119,0.0,0.0036335266
147,120,0.0,0.0015547387
147,121,0.0,0.0015159184
147,122,0.0,0.0025520697
147,123,0.0,0.0027170712
147,124,0.0,0.0029857676
147,125,0.0,0.0021943813
147,126,0.0,0.0035139024
147,127,0.0,0.0014695092
147,128,0.0,0.002770266
147,129,-0.152864457185158,0.0022196844
147,130,0.0,0.0017182827
147,131,0.0,0.003408343
147,132,0.0,0.0025341455
147,133,0.0,0.0024245582
147,134,0.0,0.0017543361
147,135,0.0,0.0027946583
147,136,0.0,0.0023817783
147,137,0.0,0.001847472
147,138,0.0,0.0035700137
147,139,0.0,0.0015973812
147,140,0.0,0.0034650932
147,141,-0.17057739251564,0.0026195566
147,142,0.0,0.0024767704
147,143,0.0,0.0014962405
147,144,0.0,0.0028236317
147,145,0.0,0.002347461
147,146,0.0,0.0023572668
147,147,0.0253791371360421,0.030703487
147,148,0.144492663161884,0.0014696103
147,149,0.0,0.0025841286
147,150,0.0,0.0032971734
147,151,0.0,0.0023055826
147,152,-0.159075259411019,0.0022992492
147,153,0.0,0.0014797375
147,154,0.0,0.0017148075
147,155,0.0,0.0027903155
147,156,0.0,0.0024773646
147,157,0.0,0.0026795105
147,158,0.0,0.0017070351
147,159,0.0,0.0031547416
147,160,0.0,0.0027757506
147,161,0.0,0.0021984968
147,162,0.0,0.0021904344
147,163,0.0,0.0023244102
147,164,0.0,0.0026765685
147,165,0.157296873431398,0.0025335904
147,166,0.0,0.001883423
147,167,0.0,0.0026678601
147,168,0.0,0.0024006492
147,169,0.0,0.0022049882
147,170,0.0,0.0019076676
147,171,0.0,0.002151573
147,172,0.0,0.002648564
147,173,0.0,0.0025945278
147,174,0.0,0.0015657349
147,175,0.0,0.00196941
147,176,0.0,0.0026573916
147,177,0.0,0.0035869046
147,178,0.0,0.0015722252
147,179,0.0,0.0019869278
147,180,0.0,0.0015118374
147,181,0.0,0.0025991793
147,182,0.0,0.001494254
147,183,0.0,0.0036472068
147,184,0.0,0.0020618732
147,185,0.0,0.002420764
147,186,0.0,0.0025898083
147,187,0.0,0.0024039932
147,188,0.0,0.0016734181
147,189,0.0,0.0033422122
147,190,0.0,0.0034216954
147,191,0.0,0.0025726813
147,192,-0.160651878843272,0.0021857559
147,193,0.0,0.002514687
147,194,0.0,0.0035380144
147,195,0.0,0.0014918186
147,196,0.0,0.0019598342
147,197,0.0,0.0019467645
147,198,0.0,0.0025463495
147,199,0.0,0.0033767736
147,200,0.0,0.0026137563
147,201,0.0,0.0020858515
147,202,0.0,0.0025896784
147,203,0.0,0.0027149841
147,204,0.0,0.0017713029
147,205,0.0,0.0024697888
147,206,0.16300196734874,0.0027566017
147,207,0.0,0.0034680772
147,208,0.0,0.0014959187
147,209,0.0,0.0024159607
147,210,0.0,0.0021750056
147,211,0.0,0.0024629505
147,212,0.0,0.0023742844
147,213,-0.159521811343191,0.0026276899
147,214,0.0,0.0016166875
147,215,-0.146444231945431,0.0025923038
147,216,0.0,0.0030486272
147,217,0.0,0.0024889996
147,218,0.0,0.0014822823
147,219,0.163426141128234,0.0024617356
147,220,0.0,0.0015975283
147,221,0.0,0.0027288618
147,222,0.0,0.0017144969
147,223,0.163700569531346,0.0023381067
147,224,0.0,0.0022476828
147,225,0.0,0.0014686957
147,226,0.0,0.0014992906
147,227,-0.152826890740414,0.0021515517
147,228,0.0,0.0026152092
147,229,0.0,0.0026052454
147,230,0.0,0.0022694967
147,231,0.0,0.0033514556
147,232,0.0,0.0025901468
147,233,0.0,0.0024156664
147,234,0.0,0.002771534
147,235,0.0,0.0022301376
147,236,0.0,0.0024166666
147,237,0.0,0.0024766512
147,238,0.0,0.002261269
147,239,0.0,0.0022904738
147,240,0.0,0.0017682714
147,241,0.0,0.0023630997
147,242,0.0,0.0032286467
147,243,0.0,0.0025144941
147,244,0.0,0.0019773194
147,245,0.0,0.001844943
147,246,0.0,0.0014847354
147,247,0.0,0.002580671
147,248,0.0,0.0016209958
147,249,0.0,0.0018186131
147,250,0.153383449794164,0.0019911006
147,251,0.0,0.0020649056
147,252,0.0,0.0027931435
147,253,0.0,0.0017879354
147,254,0.0,0.0027633999
147,255,0.0,0.002513769
147,256,0.0,0.0033431365
147,257,0.0,0.002471148
147,258,0.0,0.003366061
147,259,0.0,0.0027711722
147,260,0.0,0.002443749
147,261,0.0,0.0025505298
147,262,0.0,0.0022942903
147,263,0.0,0.0018199533
147,264,0.0,0.002392482
147,265,0.0,0.0020644567
147,266,0.166556492169622,0.0016497448
147,267,0.0,0.0024410612
147,268,0.0,0.002388442
148,1,0.0,0.0027839313
148,2,0.0,0.002390734
148,3,0.0,0.0022032652
148,4,0.0,0.0015931688
148,5,0.0,0.002443125
148,6,0.0,0.0034728409
148,7,0.160421698042116,0.0027716607
148,8,0.156237818712876,0.002032863
148,9,0.0,0.0027122507
148,10,0.0,0.0024297014
148,11,0.0,0.0017266208
148,12,0.0,0.0027702483
148,13,0.0,0.0027893088
148,14,0.0,0.002609754
148,15,0.0,0.0025172764
148,16,0.0,0.0022902945
148,17,0.0,0.0029628389
148,18,0.0,0.0023451708
148,19,0.0,0.0024151942
148,20,0.0,0.0036310093
148,21,0.0,0.002490261
148,22,0.176183572145025,0.0015016473
148,23,0.0,0.0027669538
148,24,0.0,0.0025909883
148,25,-0.169849222836216,0.0022208923
148,26,0.0,0.00276645
148,27,-0.159018270752383,0.0025365194
148,28,0.0,0.0023212237
148,29,0.151747954209341,0.002374108
148,30,0.0,0.002336795
148,31,0.0,0.002464083
148,32,0.0,0.0024969503
148,33,0.0,0.0014687516
148,34,0.0,0.0024614143
148,35,0.0,0.0015686192
148,36,0.0,0.0018120641
148,37,0.0,0.0022006026
148,38,0.0,0.0026842947
148,39,0.0,0.0021906416
148,40,0.0,0.0024015582
148,41,0.0,0.0020373436
148,42,0.0,0.0014964882
148,43,-0.161311644454435,0.002528226
148,44,0.0,0.0025942344
148,45,0.0,0.0027815462
148,46,-0.154705580563246,0.0023873714
148,47,-0.148287311536323,0.001486538
148,48,0.0,0.0015676506
148,49,0.149373544750329,0.002267127
148,50,0.0,0.0026580715
148,51,0.0,0.0025539715
148,52,0.165447906103055,0.003444206
148,53,0.0,0.0024426277
148,54,0.0,0.00301954
148,55,0.0,0.0023182142
148,56,0.0,0.0025335462
148,57,0.0,0.002376988
148,58,0.0,0.0025901822
148,59,0.0,0.002381586
148,60,0.0,0.0035668295
148,61,0.0,0.002677342
148,62,0.0,0.0027803453
148,63,0.0,0.001645091
148,64,0.0,0.0031421585
148,65,0.0,0.0035388824
148,66,0.0,0.0022182614
148,67,0.0,0.0022351304
148,68,0.0,0.0026232256
148,69,0.0,0.0032648905
148,70,0.0,0.0024947654
148,71,0.0,0.0027363002
148,72,0.0,0.0017072638
148,73,0.0,0.002666274
148,74,0.0,0.0025979811
148,75,0.0,0.0018264889
148,76,0.0,0.0024147904
148,77,0.0,0.0035845651
148,78,0.0,0.0035146424
148,79,0.0,0.0023977868
148,80,0.0,0.003442946
148,81,0.0,0.0023983754
148,82,0.0,0.0033587217
148,83,0.0,0.002310744
148,84,0.0,0.0024914313
148,85,0.0,0.001985881
148,86,0.0,0.0031470107
148,87,0.0,0.0023751152
148,88,0.0,0.0020544645
148,89,0.0,0.0024279994
148,90,0.0,0.0014919839
148,91,0.0,0.0026342766
148,92,0.0,0.0033841063
148,93,0.159442254226668,0.0028035985
148,94,0.0,0.0024842857
148,95,0.0,0.0035997317
148,96,0.0,0.0019471399
148,97,0.0,0.0023400998
148,98,0.0,0.002379652
148,99,-0.162581806277447,0.0029426492
148,100,0.0,0.0017414279
148,101,0.0,0.0025094058
148,102,0.0,0.0025585867
148,103,0.0,0.0027056197
148,104,0.0,0.001651593
148,105,0.0,0.0023382194
148,106,0.0,0.0025845207
148,107,0.0,0.0018698936
148,108,0.171426696516786,0.0015579276
148,109,0.0,0.0025713095
148,110,0.0,0.0023605693
148,111,0.0,0.001496016
148,112,0.0,0.0020182393
148,113,0.0,0.0025675865
148,114,0.0,0.0025902241
148,115,0.0,0.0033119298
148,116,0.0,0.0027817907
148,117,0.0,0.0031482168
148,118,0.0,0.0023865635
148,119,0.0,0.0017811125
148,120,0.0,0.0033713826
148,121,0.0,0.0023589157
148,122,0.0,0.003339224
148,123,0.0,0.0023801848
148,124,0.163501095562958,0.0025316235
148,125,0.0,0.0026365523
148,126,0.0,0.0023088693
148,127,0.0,0.0026402571
148,128,0.0,0.0023767129
148,129,0.0,0.002047428
148,130,0.0,0.002733854
148,131,0.155363281053581,0.0016658176
148,132,0.0,0.0032148357
148,133,0.0,0.0017832909
148,134,0.0,0.0016308418
148,135,0.165742802049321,0.0024001068
148,136,0.0,0.0030324236
148,137,0.0,0.0025097248
148,138,0.0,0.0017533298
148,139,0.0,0.002924121
148,140,0.161515290868929,0.0024414994
148,141,0.0,0.002597793
148,142,0.0,0.0036290148
148,143,0.0,0.002340368
148,144,0.0,0.002790057
148,145,0.0,0.002328713
148,146,0.0,0.0016141799
148,147,0.164208270889674,0.0014696103
148,148,0.0,0.030703487
148,149,0.0,0.001697713
148,150,0.0,0.0036091674
148,151,0.0,0.0031212824
148,152,0.0,0.0019479967
148,153,0.0,0.0016257619
148,154,0.0,0.0025514364
148,155,0.0,0.0025768788
148,156,0.0,0.0036061127
148,157,0.0,0.0023901765
148,158,0.0,0.002698978
148,159,0.0,0.00229968
148,160,0.0,0.0027521998
148,161,0.0,0.0028513074
148,162,0.0,0.0019420148
148,163,0.0,0.0033914861
148,164,0.0,0.0025901068
148,165,0.0,0.0017609089
148,166,0.0,0.0023409654
148,167,0.0,0.0025583473
148,168,0.0,0.0015900745
148,169,0.0,0.002464843
148,170,0.0,0.0035569323
148,171,0.0,0.0024227374
148,172,0.0,0.00224722
148,173,0.0,0.002601056
148,174,0.0,0.0025922474
148,175,0.0,0.0014746995
148,176,0.0,0.0034931754
148,177,0.0,0.0026600012
148,178,0.0,0.0030006762
148,179,0.0,0.0024736095
148,180,0.0,0.0025428822
148,181,0.0,0.002763738
148,182,0.0,0.0035142098
148,183,0.0,0.0023571216
148,184,0.0,0.0023099715
148,185,0.0,0.002355285
148,186,0.0,0.0018746695
148,187,0.0,0.002478817
148,188,0.0,0.0027833502
148,189,0.0,0.0035722363
148,190,0.147562645747886,0.002683252
148,191,0.139398474959867,0.0027616182
148,192,0.0,0.0023324052
148,193,0.134310924833603,0.0030777375
148,194,0.0,0.003365356
148,195,0.0,0.002719923
148,196,0.0,0.0025505302
148,197,0.0,0.0023035766
148,198,-0.133318972866208,0.0026349276
148,199,0.0,0.0028298516
148,200,0.0,0.0023658257
148,201,0.0,0.0019568237
148,202,0.0,0.0025984817
148,203,-0.143003025158408,0.0035883957
148,204,0.154931946021103,0.0024230778
148,205,0.0,0.0035770726
148,206,0.152052407841517,0.0018281606
148,207,0.0,0.002759207
148,208,0.0,0.0026502637
148,209,0.0,0.0034160488
148,210,0.0,0.0023972057
148,211,0.0,0.0033949534
148,212,0.0,0.002236193
148,213,0.0,0.002452786
148,214,0.0,0.0015718313
148,215,0.0,0.0024408656
148,216,0.0,0.0028039105
148,217,0.0,0.0025192266
148,218,0.0,0.0016243793
148,219,0.0,0.0030676313
148,220,0.0,0.0019694562
148,221,0.0,0.0015032464
148,222,0.0,0.0028480678
148,223,0.0,0.0024665678
148,224,0.14472038043844,0.0015657386
148,225,0.0,0.0014759665
148,226,0.0,0.0016406411
148,227,0.0,0.003152003
148,228,0.0,0.0025365339
148,229,0.0,0.0018744539
148,230,0.0,0.0024245172
148,231,0.0,0.00227177
148,232,0.0,0.003042147
148,233,0.0,0.0024334881
148,234,0.0,0.002257815
148,235,0.0,0.0027713338
148,236,0.0,0.0026317872
148,237,0.0,0.0023590736
148,238,0.0,0.0019763787
148,239,0.0,0.0034860014
148,240,0.0,0.0025418997
148,241,0.0,0.0017239936
148,242,0.0,0.0026454953
148,243,0.0,0.0025881873
148,244,0.0,0.0025884612
148,245,0.0,0.0015807603
148,246,0.0,0.0022097058
148,247,0.0,0.0026418976
148,248,0.0,0.0023113089
148,249,0.0,0.0020631799
148,250,0.0,0.0025992342
148,251,0.0,0.0015305192
148,252,0.0,0.0022020037
148,253,0.0,0.0016133985
148,254,0.141577855012833,0.002929879
148,255,0.0,0.0025774972
148,256,0.0,0.0034417273
148,257,0.0,0.0023898808
148,258,0.0,0.0024129683
148,259,-0.146848868964253,0.0026134644
148,260,0.0,0.0035157776
148,261,0.0,0.0024361825
148,262,0.0,0.0017793644
148,263,0.0,0.0022274638
148,264,0.0,0.0020785378
148,265,0.0,0.0028446452
148,266,0.0,0.0035484894
148,267,0.0,0.0021576192
148,268,0.0,0.0032327324
149,1,0.0,0.0017424342
149,2,0.0,0.0026004692
149,3,0.0,0.0031755632
149,4,0.153402240919644,0.00277422
149,5,0.0,0.0016021035
149,6,0.0,0.0027787765
149,7,0.0,0.002669441
149,8,0.0,0.003248727
149,9,0.0,0.0019033644
149,10,0.0,0.0023740479
149,11,0.0,0.002501225
149,12,0.0,0.0034201979
149,13,0.141190689442505,0.0024961317
149,14,0.140741205781202,0.0022596149
149,15,-0.146712092197859,0.0018508136
149,16,0.0,0.0023138942
149,17,-0.155919463040356,0.003603628
149,18,0.0,0.0019779755
149,19,0.0,0.0032226662
149,20,0.0,0.0027994262
149,21,0.0,0.002573355
149,22,0.0,0.0022584973
149,23,0.0,0.0024774591
149,24,0.0,0.0017101578
149,25,0.0,0.0019627465
149,26,0.0,0.0033073155
149,27,0.0,0.0027722055
149,28,0.150749159470853,0.0024317964
149,29,0.0,0.0031602103
149,30,0.0,0.002410348
149,31,0.0,0.002614703
149,32,-0.145081411329336,0.0018791207
149,33,0.0,0.0024765865
149,34,0.0,0.002614967
149,35,0.0,0.002624835
149,36,0.16149154974104,0.0017253049
149,37,0.0,0.0034865565
149,38,0.0,0.0020975056
149,39,0.0,0.0015664464
149,40,-0.149832209538911,0.0021430012
149,41,0.0,0.0024231733
149,42,0.0,0.0021056216
149,43,0.0,0.002309694
149,44,0.0,0.0031416076
149,45,0.0,0.0023838743
149,46,0.0,0.0027887188
149,47,0.0,0.0025645588
149,48,0.0,0.0027602082
149,49,0.0,0.002390677
149,50,0.0,0.0018680096
149,51,0.0,0.0034676725
149,52,0.153898785286526,0.0022037653
149,53,0.0,0.0035706088
149,54,-0.142470464522414,0.0021441448
149,55,0.0,0.0020707827
149,56,0.0,0.002200014
149,57,0.0,0.0020327833
149,58,-0.152174459382738,0.0025234506
149,59,0.0,0.0026405714
149,60,0.0,0.003450045
149,61,0.0,0.0019026119
149,62,0.0,0.0015660422
149,63,0.0,0.0023083407
149,64,0.0,0.0021693772
149,65,0.0,0.002896347
149,66,0.0,0.0026769978
149,67,0.0,0.0025907354
149,68,0.0,0.0016963938
149,69,0.0,0.0025917157
149,70,0.0,0.0032082
149,71,0.0,0.0023359507
149,72,0.0,0.0019488148
149,73,0.0,0.0026146593
149,74,0.0,0.0018085539
149,75,0.0,0.0031199683
149,76,0.0,0.002685241
149,77,-0.152384072928914,0.0021935701
149,78,0.0,0.0020045126
149,79,-0.167126564426803,0.0023336215
149,80,0.0,0.0022616545
149,81,0.0,0.0034855995
149,82,0.0,0.002555518
149,83,0.0,0.0015843012
149,84,-0.152184958081418,0.0027143825
149,85,0.0,0.0021862383
149,86,0.0,0.0026127263
149,87,0.0,0.002412899
149,88,0.0,0.0026052608
149,89,0.0,0.0018777698
149,90,0.0,0.002550566
149,91,0.0,0.0024594446
149,92,0.0,0.0020846273
149,93,0.148312359018587,0.0018772692
149,94,0.0,0.0026955479
149,95,0.0,0.0030398807
149,96,0.0,0.0014877133
149,97,0.0,0.002068202
149,98,0.0,0.0020245058
149,99,0.0,0.0021355697
149,100,0.0,0.0022866647
149,101,0.0,0.0018580565
149,102,0.0,0.0023660338
149,103,0.0,0.0030756192
149,104,0.0,0.0017532506
149,105,0.0,0.0024628956
149,106,0.0,0.002605109
149,107,0.0,0.0018136678
149,108,0.0,0.0027484004
149,109,0.0,0.0015182365
149,110,0.0,0.0025087404
149,111,0.161475253343207,0.0019898862
149,112,0.0,0.0029123165
149,113,0.0,0.0023902347
149,114,0.0,0.0024459413
149,115,0.141613568253307,0.0024794387
149,116,0.0,0.0023934422
149,117,0.0,0.0031763534
149,118,0.0,0.0017764978
149,119,0.142762094508164,0.0023679012
149,120,0.0,0.0015760073
149,121,0.0,0.0017226273
149,122,0.0,0.0035056686
149,123,0.0,0.0030550603
149,124,0.152087872206022,0.0029025949
149,125,0.0,0.002153256
149,126,0.0,0.002042978
149,127,0.0,0.0031076083
149,128,0.0,0.0027611968
149,129,0.0,0.0025893794
149,130,0.0,0.0020481828
149,131,0.0,0.0024835141
149,132,0.0,0.0032014786
149,133,0.0,0.0021164985
149,134,0.0,0.0017644982
149,135,0.0,0.003432997
149,136,0.0,0.0020701601
149,137,0.0,0.0021753153
149,138,0.0,0.0025787833
149,139,0.0,0.0019398374
149,140,0.0,0.0028049373
149,141,0.0,0.0034247776
149,142,0.0,0.0025368915
149,143,0.0,0.0028513214
149,144,0.0,0.0025895336
149,145,0.0,0.0031630923
149,146,0.0,0.001652428
149,147,0.152745683031978,0.0025841286
149,148,0.0,0.001697713
149,149,0.0,0.030703487
149,150,0.0,0.0034920871
149,151,0.0,0.0025525847
149,152,0.0,0.0015970189
149,153,0.0,0.003312339
149,154,0.0,0.0015660902
149,155,0.148803041226768,0.0020757853
149,156,0.0,0.0026339726
149,157,0.0,0.003128354
149,158,0.0,0.001492029
149,159,0.0,0.0024870867
149,160,0.0,0.0019528833
149,161,0.0,0.0023594392
149,162,0.0,0.0019755075
149,163,0.0,0.003014692
149,164,0.0,0.0015764823
149,165,0.0,0.003029733
149,166,0.0,0.0028480827
149,167,0.0,0.0034806365
149,168,0.147614662980324,0.0027769208
149,169,0.0,0.002250922
149,170,0.0,0.0015240395
149,171,-0.155940086741116,0.002308528
149,172,0.0,0.002281309
149,173,0.0,0.0032193707
149,174,0.153996885451675,0.0029695295
149,175,0.0,0.002643859
149,176,0.0,0.002783639
149,177,0.0,0.0026987698
149,178,0.0,0.0026766881
149,179,0.0,0.0028346851
149,180,0.0,0.0025609946
149,181,0.149801245637981,0.0028359345
149,182,0.0,0.0028432515
149,183,0.0,0.0035400363
149,184,0.0,0.0014901347
149,185,0.0,0.0018498455
149,186,0.0,0.0029007024
149,187,0.0,0.002263437
149,188,0.0,0.003595659
149,189,0.0,0.0023738388
149,190,0.0,0.001914836
149,191,0.0,0.0018948489
149,192,0.0,0.0019464991
149,193,0.0,0.0027598208
149,194,0.0,0.0024183295
149,195,0.0,0.0030012913
149,196,0.0,0.0026739002
149,197,0.0,0.0034336513
149,198,0.0,0.0030435557
149,199,0.0,0.0024900353
149,200,0.0,0.0020576231
149,201,0.0,0.002750252
149,202,0.0,0.0024853572
149,203,0.0,0.0036330605
149,204,0.0,0.0014775884
149,205,0.0,0.002728582
149,206,0.156189759535883,0.0035392884
149,207,0.0,0.0025503743
149,208,0.0,0.003071704
149,209,0.0,0.0028090607
149,210,0.0,0.0027483539
149,211,0.0,0.0022285976
149,212,0.0,0.0032469546
149,213,0.0,0.0025447481
149,214,0.0,0.0024244618
149,215,0.0,0.002871971
149,216,0.0,0.0027682493
149,217,0.14100326208776,0.0025724354
149,218,0.0,0.0016584382
149,219,0.0,0.0035909382
149,220,0.0,0.0025504176
149,221,0.0,0.0014871461
149,222,0.0,0.0025949152
149,223,0.0,0.0015308377
149,224,0.0,0.0015864526
149,225,0.0,0.0017192732
149,226,0.0,0.0025320244
149,227,0.0,0.00218998
149,228,0.0,0.002451423
149,229,0.0,0.0026856544
149,230,0.0,0.0036507878
149,231,0.0,0.0023535895
149,232,0.0,0.0016323784
149,233,0.0,0.0028720489
149,234,0.0,0.002751953
149,235,0.0,0.0021882476
149,236,0.0,0.0018431987
149,237,0.0,0.0022170292
149,238,0.0,0.00216371
149,239,0.0,0.0035762223
149,240,0.0,0.0029413854
149,241,0.0,0.0022396697
149,242,0.0,0.0025528339
149,243,0.0,0.0030313833
149,244,0.0,0.0025437293
149,245,0.0,0.002402306
149,246,0.0,0.0017411271
149,247,0.0,0.002191313
149,248,0.0,0.0019213064
149,249,0.153612649805119,0.0025524362
149,250,0.0,0.0026409933
149,251,0.0,0.002442161
149,252,0.0,0.0025723963
149,253,0.0,0.0017728694
149,254,0.0,0.0027441485
149,255,0.0,0.0024416987
149,256,0.0,0.0025469419
149,257,0.0,0.0024974681
149,258,0.143101568164942,0.0033219983
149,259,0.0,0.0021274402
149,260,0.0,0.0025383374
149,261,0.0,0.0035612131
149,262,0.0,0.002793279
149,263,0.0,0.0024122405
149,264,0.0,0.0026821517
149,265,0.0,0.0027190335
149,266,0.0,0.0027498286
149,267,0.0,0.001980436
149,268,0.0,0.002601358
150,1,0.0,0.0014873715
150,2,0.0,0.0027689985
150,3,0.0,0.0018220237
150,4,0.0,0.0034861146
150,5,0.0,0.0022951183
150,6,0.0,0.0029141568
150,7,0.0,0.001959558
150,8,0.0,0.0018959492
150,9,0.0,0.0015981607
150,10,0.0,0.0032883314
150,11,0.0,0.001753333
150,12,0.0,0.0035133273
150,13,0.0,0.0020485893
150,14,0.0,0.0014711735
150,15,0.0,0.0029200385
150,16,0.0,0.0027898755
150,17,0.0,0.0024856748
150,18,0.0,0.0015303348
150,19,0.0,0.0020668437
150,20,0.0,0.0027864417
150,21,0.0,0.002290031
150,22,0.0,0.0016239011
150,23,0.143009875593306,0.0035724095
150,24,0.0,0.0016275314
150,25,0.0,0.0022504125
150,26,0.0,0.003144316
150,27,0.0,0.0014662617
150,28,0.0,0.0014935723
150,29,0.0,0.0014762878
150,30,0.0,0.0019674674
150,31,0.0,0.0035223193
150,32,0.0,0.0017106798
150,33,0.0,0.0033783736
150,34,0.0,0.0021272167
150,35,0.0,0.0026064608
150,36,-0.154521296967234,0.0026662643
150,37,0.0,0.002577194
150,38,0.0,0.0017393134
150,39,0.0,0.0024934323
150,40,0.0,0.002313611
150,41,-0.14827860160964,0.0021224697
150,42,0.0,0.003638845
150,43,0.0,0.0016104868
150,44,0.0,0.0026987637
150,45,0.0,0.0026572351
150,46,0.0,0.0028341273
150,47,0.0,0.005702419
150,48,0.0,0.002692888
150,49,0.0,0.0017748484
150,50,0.0,0.002098749
150,51,0.0,0.0014837594
150,52,0.147256249273039,0.0027939654
150,53,0.0,0.0026464234
150,54,0.13632119447011,0.0032753428
150,55,0.0,0.0019426593
150,56,0.0,0.0014950945
150,57,0.144841854669507,0.0035850452
150,58,0.0,0.002861978
150,59,0.0,0.0023731017
150,60,0.0,0.002777474
150,61,0.0,0.0021295203
150,62,0.0,0.002590565
150,63,0.0,0.0014632787
150,64,0.0,0.0025415663
150,65,0.0,0.002504921
150,66,0.0,0.0014931709
150,67,-0.13906753453321,0.0034333854
150,68,0.0,0.001570689
150,69,0.0,0.0017278073
150,70,0.0,0.0016952502
150,71,0.0,0.003366881
150,72,0.0,0.0014872905
150,73,0.0,0.0021392833
150,74,0.0,0.0016741958
150,75,0.0,0.002597651
150,76,0.0,0.0033841487
150,77,0.0,0.0016540308
150,78,0.0,0.0016941158
150,79,0.0,0.0014913231
150,80,0.0,0.0025853734
150,81,0.0,0.0033735288
150,82,0.0,0.003456166
150,83,0.157925669674876,0.002398755
150,84,0.0,0.0020329263
150,85,0.0,0.0016021086
150,86,0.0,0.0024078814
150,87,0.0,0.0024119336
150,88,0.0,0.0014928258
150,89,0.0,0.0024548783
150,90,0.0,0.0053275935
150,91,0.0,0.0022414494
150,92,0.0,0.0018217238
150,93,0.0,0.0023303828
150,94,0.0,0.0016653971
150,95,0.0,0.003044743
150,96,0.0,0.002201608
150,97,0.0,0.0019915532
150,98,-0.128267687617045,0.0029877257
150,99,0.0,0.002762748
150,100,0.0,0.0021651797
150,101,0.0,0.0027895533
150,102,0.0,0.001958719
150,103,0.0,0.002344795
150,104,0.0,0.0022745454
150,105,0.0,0.002605603
150,106,-0.150903344216182,0.0022435477
150,107,0.0,0.0014941208
150,108,0.0,0.0024426458
150,109,0.0,0.0022516819
150,110,0.0,0.0014585261
150,111,0.154505703949934,0.0016671866
150,112,0.0,0.0015486619
150,113,0.0,0.0016269996
150,114,0.0,0.0014943383
150,115,0.0,0.0036329776
150,116,0.0,0.0014927969
150,117,0.0,0.0024223463
150,118,0.0,0.0032266797
150,119,0.0,0.0017417539
150,120,0.0,0.0034439703
150,121,0.0,0.0014769407
150,122,0.0,0.0017197668
150,123,0.0,0.0014824118
150,124,0.0,0.0014613434
150,125,0.0,0.0031029815
150,126,0.0,0.0035222983
150,127,0.0,0.0019099959
150,128,0.0,0.0020159371
150,129,0.0,0.0015288214
150,130,0.0,0.002002182
150,131,0.0,0.0014779535
150,132,0.0,0.0016095061
150,133,0.144456957446009,0.0023868755
150,134,0.0,0.0014929641
150,135,0.0,0.0023355167
150,136,0.0,0.002576685
150,137,0.0,0.0016108248
150,138,0.0,0.0017853556
150,139,0.0,0.0014811554
150,140,0.0,0.002132791
150,141,0.0,0.0015046974
150,142,0.0,0.0017206026
150,143,0.0,0.0021323906
150,144,0.0,0.0029279953
150,145,0.0,0.003514788
150,146,0.0,0.003505853
150,147,0.0,0.0032971734
150,148,0.0,0.0036091674
150,149,0.0,0.0034920871
150,150,-0.888280730461702,0.030703487
150,151,0.0,0.001777838
150,152,0.0,0.0017830962
150,153,0.0,0.0020629307
150,154,0.0,0.0024128514
150,155,0.0,0.002323058
150,156,0.143824218123697,0.0024928395
150,157,0.0,0.0024136822
150,158,0.0,0.002590187
150,159,0.0,0.0016160337
150,160,0.0,0.003534609
150,161,0.137171091150903,0.0017419145
150,162,0.0,0.0014743572
150,163,0.0,0.002403372
150,164,0.137597898611375,0.0021005608
150,165,0.0,0.0014942819
150,166,0.0,0.00145711
150,167,0.0,0.002426288
150,168,0.0,0.002890261
150,169,0.0,0.0023629544
150,170,0.0,0.0021659755
150,171,0.0,0.0032389462
150,172,0.0,0.0018030121
150,173,0.0,0.0023955512
150,174,0.0,0.0027599302
150,175,0.0,0.001761008
150,176,0.0,0.0023853574
150,177,-0.141564744608987,0.0016314783
150,178,0.0,0.0027728635
150,179,0.0,0.003506456
150,180,0.0,0.0015110197
150,181,0.0,0.0024821535
150,182,0.0,0.0021407977
150,183,0.0,0.0014947248
150,184,0.0,0.0020501465
150,185,0.0,0.0014923853
150,186,0.14784064636734,0.002014975
150,187,0.0,0.0016419385
150,188,0.0,0.003533782
150,189,0.0,0.0014833142
150,190,0.0,0.0017413986
150,191,0.0,0.001757083
150,192,0.0,0.0017937277
150,193,0.0,0.0022952356
150,194,0.140187953846364,0.002062635
150,195,0.0,0.003201975
150,196,0.0,0.002535297
150,197,0.0,0.0017392207
150,198,0.0,0.001473329
150,199,0.0,0.0042080116
150,200,0.0,0.001473214
150,201,0.0,0.0017407984
150,202,0.0,0.0023431946
150,203,0.0,0.002770302
150,204,0.0,0.0027462589
150,205,0.0,0.0023949286
150,206,0.0,0.001999313
150,207,0.0,0.0030792966
150,208,0.148112737066131,0.002473888
150,209,0.0,0.0027873195
150,210,0.0,0.0023848368
150,211,0.0,0.0025890865
150,212,0.0,0.001826135
150,213,0.0,0.0020885183
150,214,0.153030814308345,0.0027738279
150,215,0.0,0.002224932
150,216,0.0,0.0023803306
150,217,0.0,0.002446543
150,218,0.0,0.0057672374
150,219,0.0,0.0016415017
150,220,0.0,0.0023552165
150,221,0.0,0.003552901
150,222,0.0,0.0014846558
150,223,0.0,0.0014795377
150,224,0.148121820007793,0.0027943188
150,225,-0.148142557216683,0.003966866
150,226,0.0,0.0024531512
150,227,0.0,0.0018855995
150,228,0.13990207819035,0.0014932738
150,229,0.0,0.002432325
150,230,0.0,0.0024477695
150,231,0.0,0.0015431787
150,232,0.0,0.0025908821
150,233,0.0,0.0032350677
150,234,0.0,0.002501999
150,235,0.0,0.0014924258
150,236,0.0,0.0014878665
150,237,0.0,0.0014866809
150,238,0.0,0.0014830944
150,239,0.0,0.002839819
150,240,0.0,0.0027986476
150,241,0.0,0.0014885813
150,242,0.0,0.0014960915
150,243,0.0,0.0014660419
150,244,0.0,0.0036062007
150,245,0.0,0.003169672
150,246,0.0,0.0026936186
150,247,0.0,0.0020279964
150,248,-0.149211666958232,0.0018727528
150,249,0.0,0.001801997
150,250,0.0,0.002522423
150,251,0.0,0.001603019
150,252,0.0,0.0024015508
150,253,0.140371685683998,0.0023049703
150,254,0.0,0.0021053087
150,255,0.0,0.0032548858
150,256,0.0,0.0014805403
150,257,0.0,0.0024557542
150,258,-0.142585211018724,0.001619814
150,259,0.150300335524086,0.0020214869
150,260,0.0,0.002081816
150,261,0.0,0.0017664786
150,262,0.0,0.0029363744
150,263,0.0,0.002133293
150,264,0.0,0.0014871871
150,265,0.0,0.0015688278
150,266,0.0,0.0027778782
150,267,0.0,0.0014783354
150,268,0.0,0.0019823033
151,1,0.0,0.0035629296
151,2,0.0,0.0024530059
151,3,0.0,0.0023197574
151,4,0.0,0.0016727471
151,5,0.140906093379182,0.0034321551
151,6,0.0,0.0031193215
151,7,0.0,0.002234011
151,8,-0.152297228298733,0.0034378371
151,9,0.0,0.0023093815
151,10,0.0,0.0022910614
151,11,0.0,0.002312608
151,12,0.0,0.0030251187
151,13,0.0,0.0016782852
151,14,0.0,0.0019842265
151,15,0.0,0.0025201486
151,16,0.0,0.0023569209
151,17,0.0,0.002394326
151,18,0.0,0.0032511032
151,19,0.0,0.0024292246
151,20,0.0,0.0018506441
151,21,0.0,0.0022881296
151,22,0.0,0.0023320257
151,23,0.0,0.0027346862
151,24,0.0,0.002731842
151,25,0.0,0.0014975648
151,26,0.0,0.0026066797
151,27,0.0,0.0033384636
151,28,0.0,0.0020054835
151,29,0.0,0.0020870133
151,30,0.0,0.001595288
151,31,0.0,0.0032087434
151,32,0.0,0.0034797871
151,33,0.0,0.0025093113
151,34,0.0,0.0035750065
151,35,0.0,0.0036267973
151,36,0.169231700314294,0.0025715278
151,37,0.0,0.0022364636
151,38,0.0,0.0015441831
151,39,0.0,0.0016885228
151,40,0.0,0.0026146309
151,41,0.0,0.0023361212
151,42,0.0,0.0023341314
151,43,0.0,0.0022369698
151,44,0.0,0.002549755
151,45,0.0,0.0019764737
151,46,0.150803635868906,0.0026753517
151,47,0.0,0.0025383392
151,48,0.0,0.0021407353
151,49,0.0,0.0020873887
151,50,0.0,0.00250059
151,51,0.0,0.0024698777
151,52,0.0,0.0035591703
151,53,0.150134824262674,0.0023404295
151,54,0.0,0.0032426897
151,55,0.0,0.0026809666
151,56,0.0,0.002433355
151,57,0.0,0.002552392
151,58,0.0,0.0020959093
151,59,0.0,0.0023901826
151,60,0.0,0.0033447272
151,61,0.0,0.0016878606
151,62,0.0,0.0023456495
151,63,0.0,0.0027052523
151,64,0.0,0.0017422815
151,65,0.0,0.0020033899
151,66,-0.151029442647099,0.0032432312
151,67,0.0,0.0016764575
151,68,0.156518953039741,0.0026509394
151,69,0.0,0.002614806
151,70,0.0,0.0032163318
151,71,0.0,0.0016926052
151,72,0.0,0.0016159131
151,73,0.0,0.0025564912
151,74,0.0,0.0025208099
151,75,0.0,0.0014837664
151,76,-0.158137060054881,0.0024944935
151,77,0.0,0.0019178842
151,78,0.0,0.0024852566
151,79,0.0,0.0024018805
151,80,0.0,0.00355061
151,81,0.0,0.0028526885
151,82,0.0,0.0017393758
151,83,0.0,0.0029033958
151,84,0.159479051750242,0.0027571856
151,85,0.0,0.0023912666
151,86,0.0,0.0023668334
151,87,0.0,0.0035669315
151,88,0.0,0.0028481623
151,89,0.0,0.0018094773
151,90,0.0,0.0019793701
151,91,0.0,0.0027033081
151,92,0.0,0.0014872518
151,93,0.0,0.002047272
151,94,0.0,0.0029141493
151,95,0.0,0.0024071625
151,96,0.0,0.0026022815
151,97,0.0,0.0035926574
151,98,0.0,0.0035514543
151,99,0.0,0.0026456183
151,100,0.0,0.002783217
151,101,0.0,0.0023668865
151,102,0.0,0.002728676
151,103,0.0,0.0025037467
151,104,0.0,0.0025760615
151,105,0.0,0.0024007633
151,106,0.0,0.0025340077
151,107,0.0,0.0023550559
151,108,0.0,0.0029182327
151,109,0.0,0.0026409407
151,110,0.0,0.0036104345
151,111,0.0,0.0015931306
151,112,0.0,0.0027658152
151,113,-0.166728615769165,0.0030718655
151,114,0.0,0.0034957686
151,115,0.0,0.0027660844
151,116,0.0,0.0016177213
151,117,0.0,0.0014929445
151,118,0.0,0.0031317333
151,119,0.149604558460107,0.0020389133
151,120,0.0,0.0027823453
151,121,0.150951455428796,0.0036023268
151,122,0.0,0.0020652954
151,123,0.0,0.0023459294
151,124,0.0,0.0018645655
151,125,0.0,0.0017320719
151,126,0.0,0.0018487144
151,127,0.0,0.0014953236
151,128,0.0,0.0026450246
151,129,0.0,0.0019854782
151,130,0.0,0.0025370587
151,131,0.0,0.0023479848
151,132,0.0,0.0034373067
151,133,0.0,0.0035079038
151,134,-0.151287151309689,0.0017975005
151,135,0.0,0.0036243764
151,136,0.0,0.0024223756
151,137,0.0,0.0023636213
151,138,0.0,0.003110515
151,139,0.0,0.002550684
151,140,0.0,0.0014944724
151,141,0.0,0.0024211826
151,142,0.0,0.0022700126
151,143,0.0,0.002575229
151,144,0.0,0.0018529054
151,145,0.0,0.0022771182
151,146,0.0,0.002379498
151,147,0.0,0.0023055826
151,148,0.0,0.0031212824
151,149,0.0,0.0025525847
151,150,0.0,0.001777838
151,151,0.0,0.030703487
151,152,0.0,0.0024812436
151,153,0.0,0.0034443606
151,154,0.0,0.002388448
151,155,0.0,0.0026540076
151,156,0.0,0.002664206
151,157,0.0,0.0019374518
151,158,0.0,0.0021262132
151,159,0.0,0.0026852349
151,160,0.0,0.0014802855
151,161,0.0,0.0024928306
151,162,0.0,0.0023232056
151,163,0.0,0.0027698837
151,164,0.0,0.002584206
151,165,0.0,0.00313413
151,166,0.0,0.0019485578
151,167,-0.147956939205533,0.003075718
151,168,0.0,0.0033993958
151,169,0.0,0.0033869226
151,170,0.147253913764504,0.0035179309
151,171,0.0,0.0014895103
151,172,0.0,0.0027770875
151,173,0.0,0.0027137161
151,174,0.0,0.0025762417
151,175,0.0,0.002423158
151,176,0.0,0.0024667415
151,177,0.0,0.0020814384
151,178,0.0,0.0014907965
151,179,0.0,0.0023490326
151,180,0.148508616618508,0.003303255
151,181,0.0,0.0022724527
151,182,-0.153181181523405,0.002102457
151,183,0.0,0.0023922794
151,184,0.0,0.0025674049
151,185,0.0,0.0021500369
151,186,0.0,0.0027478985
151,187,0.0,0.0015514549
151,188,0.0,0.0020336234
151,189,0.0,0.0022549382
151,190,0.0,0.0022536297
151,191,0.0,0.0021920665
151,192,0.153290107842492,0.0030517443
151,193,0.0,0.001619326
151,194,0.0,0.0031286688
151,195,0.0,0.0021379748
151,196,0.0,0.0025740769
151,197,0.0,0.002726579
151,198,0.0,0.0018736646
151,199,0.0,0.002571078
151,200,0.0,0.0015471717
151,201,0.0,0.0027318215
151,202,0.0,0.0034338613
151,203,0.0,0.0023014294
151,204,0.0,0.002137532
151,205,0.0,0.0035390714
151,206,0.0,0.0025437446
151,207,0.0,0.0018465277
151,208,0.0,0.0023446116
151,209,-0.142518807635411,0.0029769405
151,210,0.0,0.0025155195
151,211,0.0,0.0026253709
151,212,0.0,0.0018748324
151,213,-0.152211824972698,0.0024684235
151,214,0.0,0.0028901035
151,215,0.0,0.0016050991
151,216,0.0,0.0035095522
151,217,0.0,0.0023492589
151,218,0.0,0.0016975747
151,219,0.0,0.002162857
151,220,0.0,0.0019904957
151,221,0.0,0.0026097777
151,222,0.0,0.002471657
151,223,0.0,0.0025152932
151,224,0.0,0.0019285632
151,225,0.0,0.0016631396
151,226,0.0,0.0024003214
151,227,0.0,0.002502645
151,228,0.0,0.0033104327
151,229,0.0,0.0032515903
151,230,0.0,0.0023712423
151,231,0.0,0.001931739
151,232,0.0,0.003427966
151,233,0.0,0.0033794125
151,234,0.140223835938896,0.0021931855
151,235,0.0,0.0026860978
151,236,0.0,0.0024861195
151,237,0.0,0.0024857405
151,238,0.0,0.0022524418
151,239,0.0,0.003561927
151,240,0.144200402285213,0.0025503016
151,241,0.143805367051821,0.0035282765
151,242,0.0,0.003631799
151,243,0.0,0.002186737
151,244,0.0,0.0021048011
151,245,0.0,0.0024535195
151,246,0.0,0.0025822613
151,247,0.0,0.002744183
151,248,0.0,0.0027885688
151,249,0.0,0.0022884458
151,250,0.0,0.0032096915
151,251,0.0,0.0028356933
151,252,0.0,0.0026523662
151,253,0.0,0.0025514076
151,254,0.0,0.0025275932
151,255,0.0,0.0020260895
151,256,0.0,0.0019015796
151,257,0.0,0.002708918
151,258,0.0,0.0027726055
151,259,0.0,0.0014949827
151,260,0.0,0.002792336
151,261,0.0,0.0023366623
151,262,0.0,0.002561004
151,263,0.0,0.002559782
151,264,0.136352785392451,0.0022026575
151,265,0.0,0.0028317566
151,266,0.0,0.0030622003
151,267,0.0,0.0022504767
151,268,0.0,0.0024181101
152,1,0.0,0.0016478156
152,2,0.0,0.0025851442
152,3,-0.156411298830864,0.002319164
152,4,0.0,0.002406275
152,5,0.0,0.0024179658
152,6,0.0,0.0027637426
152,7,0.0,0.0035704067
152,8,0.0,0.00349461
152,9,0.0,0.0021097912
152,10,0.0,0.0016299882
152,11,0.0,0.0015177489
152,12,0.0,0.0014930689
152,13,0.0,0.0017399928
152,14,0.0,0.0016465718
152,15,0.0,0.002722999
152,16,0.0,0.0031435974
152,17,0.0,0.0024174764
152,18,0.0,0.001819199
152,19,0.0,0.0024442282
152,20,0.0,0.0017680791
152,21,0.0,0.0034016864
152,22,0.0,0.0016771266
152,23,0.0,0.0035316665
152,24,0.0,0.0035918048
152,25,0.0,0.0017846376
152,26,0.0,0.0035383715
152,27,0.0,0.002613592
152,28,0.0,0.0017414596
152,29,0.0,0.002641424
152,30,-0.155555175028642,0.0021141353
152,31,0.0,0.0026299148
152,32,0.0,0.0035790657
152,33,0.0,0.002635397
152,34,0.0,0.0026524914
152,35,0.0,0.0018231897
152,36,0.161501385112936,0.003633127
152,37,0.0,0.0014884095
152,38,0.0,0.002552257
152,39,0.0,0.002748128
152,40,0.0,0.0018153251
152,41,-0.154976692615025,0.0025270237
152,42,0.0,0.0019722646
152,43,0.0,0.0021894155
152,44,0.0,0.0029631266
152,45,0.0,0.002281466
152,46,0.0,0.0034677885
152,47,0.0,0.0014999053
152,48,0.0,0.0028858865
152,49,0.0,0.002459976
152,50,0.0,0.0025579291
152,51,0.0,0.0020815074
152,52,0.0,0.0025591003
152,53,0.0,0.0017220038
152,54,0.0,0.0024633142
152,55,0.0,0.0022203503
152,56,0.0,0.0024236785
152,57,0.0,0.0022882842
152,58,0.0,0.002187971
152,59,0.0,0.0015813066
152,60,0.0,0.0019823802
152,61,0.0,0.0023870845
152,62,0.0,0.0025545023
152,63,0.0,0.0015378688
152,64,0.158380060019248,0.0014925143
152,65,0.18361633753648,0.0022998252
152,66,0.0,0.0022228756
152,67,0.0,0.0017374652
152,68,0.0,0.0019655647
152,69,0.0,0.001780435
152,70,0.0,0.0014936128
152,71,0.0,0.0017607966
152,72,0.0,0.0020621945
152,73,0.0,0.0018024496
152,74,0.0,0.0016474649
152,75,0.0,0.0023745014
152,76,0.0,0.0015529767
152,77,0.0,0.0021803733
152,78,0.0,0.002310241
152,79,0.0,0.002194479
152,80,0.0,0.0020417138
152,81,0.0,0.0020393059
152,82,0.0,0.001909994
152,83,0.165059541292801,0.0027192556
152,84,0.0,0.0017285729
152,85,0.0,0.002351902
152,86,0.0,0.0031189765
152,87,0.0,0.0030198097
152,88,0.152617346888217,0.0021785032
152,89,0.0,0.001715696
152,90,-0.155159510067613,0.002487117
152,91,0.0,0.002893088
152,92,0.0,0.0023801732
152,93,0.0,0.0022973348
152,94,0.0,0.0020995755
152,95,0.0,0.0018955078
152,96,0.0,0.0023352546
152,97,0.0,0.003334809
152,98,0.0,0.0035083704
152,99,0.0,0.0030178064
152,100,0.146683775070402,0.0023275097
152,101,0.0,0.002846839
152,102,0.0,0.0021259664
152,103,0.0,0.0021098056
152,104,0.0,0.001848002
152,105,0.0,0.0027942401
152,106,0.0,0.0017057918
152,107,0.0,0.001581023
152,108,0.0,0.0023910245
152,109,0.0,0.0026321197
152,110,0.0,0.0021535014
152,111,0.0,0.0014839554
152,112,0.0,0.001497726
152,113,0.0,0.0021508434
152,114,0.0,0.001547209
152,115,0.0,0.0023809373
152,116,0.0,0.0017393944
152,117,0.0,0.0015407391
152,118,0.0,0.0027842033
152,119,0.0,0.0014839768
152,120,0.0,0.0024272404
152,121,0.14405616141236,0.002702191
152,122,0.0,0.0022510355
152,123,0.0,0.0023259083
152,124,0.0,0.0024326667
152,125,0.0,0.002782086
152,126,-0.145584992737201,0.0015949928
152,127,0.0,0.0029109148
152,128,0.0,0.002378298
152,129,0.0,0.0017287228
152,130,0.0,0.0023954827
152,131,0.0,0.0025226856
152,132,0.0,0.002318514
152,133,0.150982415852217,0.002235468
152,134,0.0,0.0026991013
152,135,0.0,0.0024602236
152,136,0.0,0.0023848591
152,137,0.0,0.0020332756
152,138,0.0,0.0027717296
152,139,0.0,0.001986599
152,140,0.0,0.0014645844
152,141,0.0,0.0018067034
152,142,0.0,0.0016256687
152,143,0.0,0.0023532268
152,144,0.0,0.0024229805
152,145,0.0,0.0023509045
152,146,-0.146682556829763,0.0014957096
152,147,0.0,0.0022992492
152,148,0.0,0.0019479967
152,149,0.0,0.0015970189
152,150,0.0,0.0017830962
152,151,0.0,0.0024812436
152,152,0.0,0.030703487
152,153,0.0,0.0027610883
152,154,0.0,0.0026264424
152,155,0.0,0.0027642963
152,156,0.0,0.002056988
152,157,0.0,0.002215576
152,158,0.0,0.0017403797
152,159,0.0,0.0026525497
152,160,0.0,0.0014929501
152,161,0.0,0.0031434293
152,162,0.0,0.0025761663
152,163,0.0,0.002552976
152,164,-0.148005993230664,0.0026917472
152,165,0.0,0.0017577545
152,166,0.0,0.0030224295
152,167,0.0,0.0019952115
152,168,0.0,0.001830874
152,169,0.0,0.0014810138
152,170,0.0,0.002542111
152,171,0.0,0.002744244
152,172,0.165196974139048,0.0024566543
152,173,0.0,0.002338735
152,174,-0.165047719302303,0.0023712944
152,175,0.0,0.0019696867
152,176,-0.159673116776053,0.001723222
152,177,0.0,0.003007866
152,178,0.0,0.0014883764
152,179,0.0,0.0020109173
152,180,-0.159838219095215,0.0025999518
152,181,0.0,0.002961676
152,182,0.0,0.0015090047
152,183,0.0,0.0015266305
152,184,0.0,0.002145208
152,185,0.0,0.0015529236
152,186,0.0,0.0023920848
152,187,0.0,0.0036059846
152,188,0.0,0.0015791012
152,189,0.0,0.001816533
152,190,0.0,0.002345942
152,191,0.0,0.0027767513
152,192,0.0,0.0023261178
152,193,-0.14786595209822,0.0023619053
152,194,0.0,0.0025627022
152,195,0.0,0.0025973078
152,196,0.0,0.0023078872
152,197,0.0,0.0025725379
152,198,0.0,0.0017173989
152,199,0.0,0.0020126458
152,200,-0.151500762323619,0.00198574
152,201,0.0,0.0029090294
152,202,0.0,0.0025564749
152,203,0.0,0.0027685892
152,204,0.0,0.0019386522
152,205,0.0,0.0035832785
152,206,0.0,0.002600615
152,207,0.0,0.0015660711
152,208,0.0,0.0024548243
152,209,0.153391452420133,0.0025524348
152,210,0.0,0.003096675
152,211,0.0,0.002551876
152,212,0.152424565164536,0.0024364316
152,213,0.0,0.0022130795
152,214,0.0,0.0025195898
152,215,0.0,0.0014925068
152,216,0.149443195657042,0.0015739603
152,217,0.0,0.0025596144
152,218,0.0,0.0014779684
152,219,0.0,0.0016233502
152,220,0.0,0.0025915727
152,221,-0.18832619633556,0.002794575
152,222,-0.163333604447622,0.0017402088
152,223,0.0,0.002584055
152,224,-0.15932595854029,0.0030023544
152,225,0.0,0.0015184563
152,226,0.0,0.0021572793
152,227,0.0,0.0027603018
152,228,0.0,0.0015159273
152,229,0.0,0.0035262275
152,230,0.0,0.0027959314
152,231,-0.156375503377803,0.0017152238
152,232,0.0,0.0036308425
152,233,0.0,0.0014914437
152,234,0.0,0.0023579705
152,235,0.0,0.0017203484
152,236,0.0,0.002412438
152,237,0.0,0.0023020715
152,238,0.0,0.0034351898
152,239,-0.158295110854224,0.0025363588
152,240,0.0,0.0025846967
152,241,0.0,0.0023120907
152,242,0.0,0.0017410638
152,243,0.0,0.0026693498
152,244,0.0,0.0023283996
152,245,0.0,0.0015387563
152,246,0.0,0.003443393
152,247,0.0,0.0016557467
152,248,0.0,0.002931851
152,249,0.0,0.0019773184
152,250,0.0,0.0016825995
152,251,0.0,0.0015930207
152,252,0.0,0.00271628
152,253,0.0,0.0022247494
152,254,0.0,0.0025076494
152,255,0.0,0.0032927482
152,256,0.0,0.0021526688
152,257,0.0,0.0034172097
152,258,0.0,0.0018874235
152,259,0.0,0.0025687097
152,260,0.0,0.0028210175
152,261,0.0,0.0025332524
152,262,0.0,0.003461501
152,263,0.0,0.0025884546
152,264,0.0,0.002098973
152,265,0.0,0.0026796786
152,266,0.0,0.0025088112
152,267,0.0,0.003142817
152,268,0.0,0.0025224388
153,1,0.0,0.0031434936
153,2,0.0,0.0026682308
153,3,0.0,0.0027970346
153,4,0.0,0.003366767
153,5,0.0,0.0035837279
153,6,0.0,0.0026117666
153,7,0.0,0.0026380238
153,8,0.0,0.0031839656
153,9,0.0,0.0015136586
153,10,0.0,0.0034042248
153,11,0.0,0.0032337825
153,12,0.0,0.0027829767
153,13,0.0,0.0025589596
153,14,0.0,0.002635268
153,15,0.0,0.0023856447
153,16,0.0,0.0030249096
153,17,0.0,0.0026279343
153,18,0.0,0.002567805
153,19,0.0,0.0024238424
153,20,0.0,0.0027697245
153,21,0.0,0.002344321
153,22,0.0,0.0022371365
153,23,0.159363154366142,0.0028427658
153,24,0.0,0.002338685
153,25,0.0,0.0034725843
153,26,0.0,0.0035740659
153,27,0.0,0.0024531055
153,28,0.0,0.003188294
153,29,0.0,0.0025574905
153,30,0.0,0.0021699108
153,31,0.0,0.003168345
153,32,0.0,0.002677986
153,33,0.0,0.0025510234
153,34,0.0,0.002199511
153,35,0.0,0.0023471178
153,36,0.0,0.00269411
153,37,0.0,0.0024666125
153,38,0.0,0.0016398584
153,39,-0.163597511795742,0.0025739963
153,40,-0.159759103593144,0.0025828928
153,41,0.0,0.0024491623
153,42,0.0,0.00227782
153,43,0.0,0.0015028883
153,44,0.0,0.0014777179
153,45,0.0,0.0035843723
153,46,0.0,0.0030558524
153,47,0.0,0.0022591706
153,48,0.149807126808305,0.0026656333
153,49,0.148152176190586,0.0029504723
153,50,0.0,0.003437724
153,51,0.0,0.0025499393
153,52,0.0,0.0018427945
153,53,0.0,0.002740277
153,54,0.0,0.0026140874
153,55,-0.167668691148811,0.0028015678
153,56,0.0,0.0022538416
153,57,0.0,0.0023440304
153,58,0.0,0.0026054112
153,59,0.0,0.0023565711
153,60,0.0,0.0024153935
153,61,0.0,0.0019308776
153,62,0.0,0.0027729454
153,63,0.0,0.0018668431
153,64,0.16886299395553,0.0026884992
153,65,-0.195769622083684,0.0022085616
153,66,0.0,0.0031684497
153,67,-0.15497000386295,0.0020475844
153,68,0.0,0.0025086612
153,69,0.0,0.0036310651
153,70,0.0,0.0024969112
153,71,0.0,0.0022807834
153,72,0.0,0.0016234922
153,73,0.0,0.0024323147
153,74,0.157585205547698,0.0022292035
153,75,0.0,0.002807362
153,76,0.0,0.0021086559
153,77,0.162480036621721,0.0016302951
153,78,0.0,0.0017102626
153,79,0.0,0.0023995414
153,80,0.0,0.0024906006
153,81,0.0,0.0024566995
153,82,0.0,0.0031249868
153,83,0.175984579878563,0.0024939957
153,84,0.0,0.0026137442
153,85,0.0,0.0019962895
153,86,0.0,0.0021969383
153,87,0.0,0.0027069845
153,88,0.0,0.002798195
153,89,0.156106348667551,0.0027390048
153,90,0.0,0.0022018985
153,91,0.0,0.002338165
153,92,0.0,0.003427594
153,93,0.0,0.0014923541
153,94,0.0,0.0023314725
153,95,0.0,0.002518952
153,96,-0.164846356276628,0.003506653
153,97,0.0,0.0028050896
153,98,0.0,0.002788215
153,99,0.0,0.002450447
153,100,0.0,0.003315134
153,101,0.0,0.0022396413
153,102,0.0,0.0016255528
153,103,0.0,0.0025977688
153,104,0.0,0.0024755527
153,105,0.0,0.0024572308
153,106,0.0,0.0024289717
153,107,0.0,0.002600802
153,108,0.0,0.0023210258
153,109,0.0,0.0018794485
153,110,0.0,0.0025321785
153,111,0.0,0.0022232356
153,112,-0.170383216527483,0.0026161233
153,113,0.0,0.003049179
153,114,0.0,0.0026041958
153,115,0.0,0.0021511978
153,116,0.0,0.0025517019
153,117,0.0,0.0027397852
153,118,0.0,0.0024692728
153,119,0.0,0.0023866557
153,120,0.0,0.0016689394
153,121,0.0,0.003236841
153,122,0.0,0.002613321
153,123,0.0,0.002682778
153,124,0.0,0.0028091562
153,125,0.0,0.0026119421
153,126,0.0,0.0016202354
153,127,0.0,0.0025515212
153,128,0.0,0.002443817
153,129,0.0,0.0018533459
153,130,0.0,0.002681394
153,131,0.0,0.0024096929
153,132,0.0,0.0027887626
153,133,0.0,0.0014940542
153,134,0.0,0.0026619202
153,135,0.0,0.0020258962
153,136,0.0,0.0016359882
153,137,0.0,0.002629247
153,138,0.0,0.0035105743
153,139,-0.146089911754763,0.0022422126
153,140,0.0,0.0022239857
153,141,0.0,0.0015108096
153,142,0.0,0.0025807265
153,143,0.0,0.001493209
153,144,0.0,0.002976512
153,145,0.0,0.002467285
153,146,0.0,0.0028480338
153,147,0.0,0.0014797375
153,148,0.0,0.0016257619
153,149,0.0,0.003312339
153,150,0.0,0.0020629307
153,151,0.0,0.0034443606
153,152,0.0,0.0027610883
153,153,0.0,0.030703487
153,154,0.0,0.0027082535
153,155,0.0,0.0024452982
153,156,0.0,0.0035521393
153,157,0.0,0.0025331988
153,158,0.0,0.0034384597
153,159,0.0,0.0023351787
153,160,0.0,0.002979693
153,161,0.0,0.0019458532
153,162,0.0,0.0035932325
153,163,0.0,0.0020994218
153,164,0.0,0.0035915477
153,165,0.0,0.0022833566
153,166,0.0,0.0027690702
153,167,0.0,0.0022964804
153,168,0.0,0.0026242891
153,169,0.0,0.0027610348
153,170,0.0,0.0033151754
153,171,0.0,0.0028036973
153,172,0.160402063733218,0.0026543727
153,173,0.0,0.002344945
153,174,0.0,0.0021875547
153,175,0.0,0.002425149
153,176,0.0,0.0028196392
153,177,0.0,0.0021360056
153,178,0.0,0.0026509222
153,179,0.0,0.0031218217
153,180,0.0,0.0017479071
153,181,0.0,0.0035983832
153,182,0.0,0.002517329
153,183,0.0,0.0017876341
153,184,0.0,0.0017353324
153,185,0.0,0.0023669726
153,186,0.0,0.0028034332
153,187,0.0,0.0025685555
153,188,0.0,0.0027717422
153,189,0.0,0.0023656744
153,190,0.0,0.0027885525
153,191,0.0,0.0036122785
153,192,0.0,0.0029987777
153,193,0.0,0.0031040157
153,194,-0.146415164780568,0.002434861
153,195,0.0,0.0026362957
153,196,0.0,0.002783686
153,197,-0.14541248301559,0.0033661542
153,198,0.0,0.0024223775
153,199,0.0,0.0030344706
153,200,0.0,0.0035097986
153,201,0.0,0.0027050832
153,202,0.0,0.0024032816
153,203,0.0,0.002690733
153,204,0.0,0.001956571
153,205,0.0,0.0026656128
153,206,0.0,0.0027608364
153,207,0.0,0.0025266856
153,208,0.0,0.001878215
153,209,0.0,0.001487412
153,210,0.0,0.0027950709
153,211,0.0,0.0019130898
153,212,0.0,0.002590484
153,213,0.0,0.0031730798
153,214,0.0,0.0025220662
153,215,0.0,0.00260235
153,216,0.0,0.0034262016
153,217,0.0,0.0023190742
153,218,0.1576126836259,0.002595435
153,219,0.0,0.002408205
153,220,0.0,0.0026747799
153,221,0.0,0.0016802889
153,222,0.0,0.0025119036
153,223,0.0,0.0032763206
153,224,0.0,0.0030356855
153,225,0.0,0.0022373055
153,226,0.0,0.0035732966
153,227,0.0,0.0033010878
153,228,0.0,0.0030809836
153,229,0.0,0.0034597558
153,230,0.0,0.0035858485
153,231,0.0,0.001542001
153,232,0.0,0.0015751282
153,233,0.0,0.0028935643
153,234,0.0,0.002595665
153,235,0.143716686901088,0.002540289
153,236,0.0,0.0033376366
153,237,0.0,0.0021985658
153,238,0.0,0.0016244361
153,239,0.0,0.0022429689
153,240,0.0,0.0025503486
153,241,0.0,0.0024049003
153,242,0.0,0.0018921988
153,243,-0.149379265984399,0.002587628
153,244,0.0,0.0021089492
153,245,0.0,0.0018005413
153,246,0.0,0.0015296834
153,247,0.0,0.0019952413
153,248,0.15583971522129,0.00276763
153,249,0.0,0.0033616228
153,250,0.0,0.0035817483
153,251,0.0,0.002684697
153,252,0.0,0.002278891
153,253,0.0,0.0024722787
153,254,0.0,0.0029700212
153,255,-0.147158328032461,0.0027845702
153,256,0.0,0.0022930554
153,257,0.137701415514511,0.002781516
153,258,0.0,0.0025862437
153,259,0.156976742926507,0.0035495795
153,260,0.0,0.002385669
153,261,0.0,0.0035723895
153,262,0.0,0.0034876056
153,263,0.0,0.0020046225
153,264,0.0,0.002525012
153,265,0.0,0.0025422736
153,266,0.0,0.0021496434
153,267,0.0,0.002974033
153,268,0.0,0.0027788384
154,1,0.0,0.002104343
154,2,0.0,0.0031414805
154,3,0.0,0.0025490932
154,4,0.0,0.0028039967
154,5,0.0,0.0025129542
154,6,0.0,0.0024181856
154,7,0.0,0.0016068323
154,8,0.0,0.0029141447
154,9,0.0,0.0036107241
154,10,0.0,0.0034393538
154,11,0.0,0.0023997827
154,12,0.0,0.0027153958
154,13,0.0,0.0015208554
154,14,0.0,0.0014866414
154,15,0.0,0.0019066841
154,16,0.0,0.0018836078
154,17,0.0,0.0031427033
154,18,0.0,0.0035812757
154,19,0.0,0.0026444728
154,20,0.0,0.0028773919
154,21,0.0,0.0020145602
154,22,0.0,0.0021729898
154,23,0.0,0.0032423725
154,24,0.0,0.0021137744
154,25,0.0,0.0027037235
154,26,0.0,0.001573524
154,27,0.0,0.0018767952
154,28,0.0,0.0029751025
154,29,0.0,0.0023902832
154,30,0.0,0.0019476693
154,31,0.0,0.0022503636
154,32,0.0,0.0016036402
154,33,0.0,0.0021508993
154,34,0.0,0.0014930675
154,35,0.0,0.002332409
154,36,0.0,0.0014637876
154,37,0.0,0.0016742605
154,38,0.0,0.0021132273
154,39,0.0,0.0019287849
154,40,0.0,0.0025505694
154,41,0.0,0.002753593
154,42,0.0,0.0021967446
154,43,0.0,0.0018259767
154,44,0.0,0.0017889566
154,45,0.0,0.0023222384
154,46,0.0,0.0028590541
154,47,0.0,0.001651356
154,48,0.0,0.0022451733
154,49,0.0,0.002604519
154,50,0.0,0.002755397
154,51,0.0,0.0014816476
154,52,0.0,0.0017405888
154,53,-0.138291044151958,0.0017441073
154,54,0.13752111085668,0.0022208914
154,55,0.0,0.0024895286
154,56,0.0,0.002529372
154,57,0.0,0.001491183
154,58,0.0,0.0020503881
154,59,0.0,0.0035694973
154,60,0.138316932076676,0.0024649194
154,61,0.0,0.0014728862
154,62,0.0,0.0034239446
154,63,0.0,0.0027094446
154,64,-0.152868704641181,0.0023444984
154,65,0.0,0.002425841
154,66,0.0,0.0022860458
154,67,0.0,0.0014578626
154,68,0.0,0.0021071555
154,69,0.0,0.0015224349
154,70,0.0,0.0018223389
154,71,0.0,0.0016017184
154,72,0.0,0.0014778972
154,73,0.0,0.0023962222
154,74,0.0,0.0014799517
154,75,0.0,0.0015468765
154,76,-0.145662002546783,0.0016883248
154,77,0.0,0.002119474
154,78,0.0,0.001954995
154,79,0.0,0.0018800078
154,80,0.0,0.0018647155
154,81,0.147501602109955,0.0015978739
154,82,0.0,0.002208128
154,83,0.0,0.0027329423
154,84,0.0,0.0027829786
154,85,0.0,0.0029344559
154,86,0.140189576617152,0.0022446504
154,87,0.0,0.0014933171
154,88,0.0,0.002430914
154,89,0.0,0.0023633847
154,90,0.0,0.001503434
154,91,0.0,0.002228057
154,92,0.0,0.0026637116
154,93,0.0,0.0021903561
154,94,0.0,0.0018681334
154,95,0.0,0.0015089237
154,96,0.0,0.0027906206
154,97,0.0,0.001818202
154,98,0.0,0.001666259
154,99,0.0,0.0023966534
154,100,0.0,0.001478503
154,101,0.0,0.0024789572
154,102,0.142552638607638,0.0027763909
154,103,0.0,0.0019777059
154,104,0.0,0.0019621775
154,105,0.0,0.0015718816
154,106,0.0,0.0034428132
154,107,0.0,0.004701197
154,108,0.0,0.0018729833
154,109,0.0,0.0016834401
154,110,0.0,0.0015591038
154,111,0.0,0.0018835226
154,112,0.0,0.001977636
154,113,0.0,0.0016394723
154,114,0.0,0.0022109877
154,115,0.0,0.0031401906
154,116,0.0,0.0023603723
154,117,0.0,0.0024159155
154,118,-0.140596090119571,0.0018784441
154,119,0.0,0.0025549885
154,120,0.0,0.0019128709
154,121,0.0,0.0014638635
154,122,0.0,0.0018264162
154,123,0.0,0.0034966962
154,124,0.0,0.0024361978
154,125,0.0,0.0034386613
154,126,0.0,0.0014968431
154,127,0.0,0.004301319
154,128,0.0,0.0023586703
154,129,0.0,0.0016001891
154,130,0.0,0.0017864094
154,131,0.0,0.0014714645
154,132,0.145159330567287,0.0014923532
154,133,0.0,0.0016641077
154,134,0.0,0.0023738882
154,135,0.0,0.002598816
154,136,0.0,0.0035069245
154,137,0.0,0.003318733
154,138,0.133054968724767,0.0026924568
154,139,0.0,0.0020121005
154,140,0.0,0.002178803
154,141,0.0,0.0020078067
154,142,0.0,0.0016553714
154,143,0.0,0.003501149
154,144,0.0,0.0035073305
154,145,0.145916872483007,0.0022727353
154,146,0.0,0.0023324727
154,147,0.0,0.0017148075
154,148,0.0,0.0025514364
154,149,0.0,0.0015660902
154,150,0.0,0.0024128514
154,151,0.0,0.002388448
154,152,0.0,0.0026264424
154,153,0.0,0.0027082535
154,154,0.0,0.030703487
154,155,0.0,0.0017918674
154,156,0.0,0.001989605
154,157,0.0,0.002533819
154,158,0.0,0.002339527
154,159,0.0,0.0023072106
154,160,0.0,0.0019587362
154,161,0.0,0.0014942097
154,162,0.0,0.0014675232
154,163,0.0,0.003259868
154,164,0.0,0.0014622547
154,165,0.0,0.0020703939
154,166,0.0,0.00275996
154,167,-0.165614305294336,0.0020768382
154,168,0.0,0.0025996016
154,169,0.0,0.0026135775
154,170,0.0,0.0026629884
154,171,0.0,0.0032401797
154,172,0.0,0.0023172004
154,173,0.0,0.0021235258
154,174,0.0,0.0027388558
154,175,0.0,0.0025433013
154,176,0.0,0.0014941683
154,177,0.0,0.00177733
154,178,0.158436819121556,0.0019224989
154,179,0.167259433689447,0.0032656225
154,180,0.0,0.002074073
154,181,0.16697311294368,0.0021634856
154,182,0.0,0.0024650777
154,183,0.0,0.001663499
154,184,0.0,0.0014793444
154,185,0.0,0.0035396186
154,186,0.0,0.0024119127
154,187,0.0,0.001487432
154,188,-0.150698886009262,0.002664328
154,189,0.0,0.0016068909
154,190,0.0,0.0024291277
154,191,0.0,0.0024908767
154,192,0.0,0.0018134722
154,193,0.0,0.0047407616
154,194,0.0,0.0026260284
154,195,0.0,0.0021709078
154,196,-0.165152577976811,0.0017132
154,197,0.0,0.0016228114
154,198,0.0,0.0026756013
154,199,0.178922190226238,0.0023051547
154,200,0.157560861743747,0.0017889221
154,201,0.0,0.0030075577
154,202,0.0,0.0019156719
154,203,0.0,0.0023164558
154,204,0.0,0.0019507324
154,205,0.0,0.0016138917
154,206,0.0,0.0014843661
154,207,0.0,0.002321497
154,208,0.0,0.0019162511
154,209,-0.159527180304315,0.0035448805
154,210,0.0,0.003604731
154,211,0.0,0.0017524553
154,212,0.0,0.0017409921
154,213,0.0,0.0031913016
154,214,0.0,0.0028577093
154,215,0.0,0.0035495958
154,216,0.0,0.0024326378
154,217,0.0,0.002382385
154,218,0.0,0.0032631145
154,219,0.0,0.0026838416
154,220,0.0,0.002982671
154,221,0.0,0.0014880328
154,222,-0.169867022936212,0.0014777225
154,223,0.0,0.0015395777
154,224,0.0,0.0021422105
154,225,0.0,0.0015759473
154,226,0.0,0.00169414
154,227,0.0,0.0020490214
154,228,0.0,0.0036148299
154,229,0.0,0.0020241216
154,230,0.0,0.0016213846
154,231,0.0,0.0024641557
154,232,0.154831822571077,0.0024599135
154,233,0.0,0.0019808975
154,234,0.0,0.0031449813
154,235,0.0,0.0024991538
154,236,0.0,0.0014732024
154,237,0.0,0.0014848285
154,238,0.0,0.0019929507
154,239,0.0,0.0021620914
154,240,0.0,0.0015117247
154,241,-0.160967279329835,0.0017305263
154,242,0.0,0.0016039745
154,243,0.0,0.0018142681
154,244,0.0,0.0027582385
154,245,0.0,0.0019491441
154,246,0.0,0.0025269832
154,247,0.0,0.0018805177
154,248,0.0,0.0014790646
154,249,0.0,0.0014613676
154,250,0.0,0.0024132892
154,251,0.0,0.0021118405
154,252,0.0,0.0028144876
154,253,0.0,0.0014952961
154,254,0.0,0.0014583683
154,255,0.0,0.0014875843
154,256,0.0,0.0020464412
154,257,0.0,0.0023103538
154,258,0.0,0.0027514235
154,259,0.0,0.001900176
154,260,0.0,0.0025788443
154,261,0.0,0.002349948
154,262,0.0,0.0014636442
154,263,0.0,0.0015894733
154,264,0.0,0.0016267113
154,265,0.0,0.0016457727
154,266,0.0,0.0022606505
154,267,0.0,0.0022793203
154,268,0.0,0.0017992812
155,1,0.169959004129143,0.0022930247
155,2,0.0,0.0033660987
155,3,0.0,0.002634917
155,4,0.0,0.002753106
155,5,0.0,0.0025691055
155,6,0.0,0.0024058712
155,7,0.0,0.0023697545
155,8,0.0,0.0026186337
155,9,0.0,0.0033836006
155,10,0.0,0.0016675903
155,11,0.0,0.0016973428
155,12,0.0,0.0035866718
155,13,0.0,0.0024471893
155,14,0.0,0.0035390868
155,15,0.0,0.0035875747
155,16,0.0,0.0026134881
155,17,0.0,0.0025409586
155,18,0.0,0.0022880943
155,19,0.0,0.002422886
155,20,0.0,0.002703445
155,21,0.0,0.003246427
155,22,0.0,0.0027790992
155,23,0.167550026792599,0.0017650966
155,24,0.0,0.0014917692
155,25,0.0,0.0027883048
155,26,0.0,0.0029640598
155,27,0.0,0.0016476605
155,28,0.0,0.0018815128
155,29,0.0,0.0015926398
155,30,0.0,0.0025076782
155,31,0.0,0.0025970289
155,32,-0.162640532270563,0.0023792079
155,33,0.0,0.0031358479
155,34,0.0,0.0031141485
155,35,-0.166366976294464,0.0024970756
155,36,0.0,0.0025505684
155,37,0.0,0.0022938875
155,38,0.0,0.0021891533
155,39,0.0,0.003080681
155,40,0.0,0.0018318249
155,41,0.0,0.0022691553
155,42,0.0,0.002602409
155,43,0.0,0.002602214
155,44,0.0,0.002005673
155,45,0.0,0.0036250213
155,46,-0.161323231190789,0.002418615
155,47,0.0,0.0026412196
155,48,0.0,0.0029050866
155,49,0.0,0.0020123944
155,50,0.0,0.0024102652
155,51,0.171559752556533,0.0020564082
155,52,0.0,0.0017267657
155,53,0.0,0.0022672112
155,54,0.0,0.0017600525
155,55,0.0,0.0030044927
155,56,0.0,0.0030472847
155,57,0.0,0.0016795308
155,58,0.0,0.0027785012
155,59,0.0,0.002548438
155,60,0.0,0.0031109247
155,61,0.0,0.0034107557
155,62,0.0,0.0034726034
155,63,0.0,0.001490124
155,64,0.177537896222383,0.002108642
155,65,0.0,0.0021338612
155,66,0.0,0.0023373035
155,67,0.0,0.002305484
155,68,-0.167437231214507,0.0024170782
155,69,0.0,0.0015777312
155,70,0.0,0.0027394341
155,71,0.0,0.002426885
155,72,0.0,0.002394074
155,73,0.0,0.003619383
155,74,0.0,0.0024117343
155,75,0.0,0.0026886044
155,76,0.0,0.0021416005
155,77,0.0,0.0019421955
155,78,0.0,0.0023805373
155,79,0.0,0.0023425445
155,80,0.0,0.0020324206
155,81,0.0,0.0024015983
155,82,0.0,0.0018553855
155,83,0.0,0.0024526082
155,84,0.0,0.003606717
155,85,0.0,0.0025532944
155,86,0.0,0.0015635546
155,87,0.0,0.002576224
155,88,0.0,0.0021286206
155,89,0.0,0.0023433208
155,90,0.0,0.0025100694
155,91,0.0,0.0017835591
155,92,0.0,0.003092023
155,93,0.0,0.0025520115
155,94,0.0,0.0035037543
155,95,0.0,0.0036302372
155,96,0.0,0.0026172516
155,97,0.0,0.0023455126
155,98,0.0,0.0023582499
155,99,0.0,0.0024921908
155,100,0.0,0.003466844
155,101,0.0,0.0021648668
155,102,0.0,0.0027700746
155,103,0.0,0.0023103077
155,104,0.0,0.0036106003
155,105,0.0,0.0023893006
155,106,0.176797995674206,0.0035705017
155,107,0.0,0.0014928547
155,108,0.0,0.0023247255
155,109,-0.176473091559851,0.0017684973
155,110,0.0,0.0026503415
155,111,0.0,0.002465427
155,112,0.0,0.0035140798
155,113,0.0,0.0033656727
155,114,0.0,0.0023450935
155,115,0.0,0.002518509
155,116,0.0,0.0027721561
155,117,0.0,0.0027342206
155,118,0.0,0.0024593002
155,119,0.0,0.0023817956
155,120,0.0,0.0018684813
155,121,0.0,0.00203978
155,122,0.0,0.0016167806
155,123,0.0,0.002607253
155,124,0.170494981133969,0.0023512156
155,125,0.0,0.0023758397
155,126,0.0,0.002053882
155,127,0.0,0.0022036955
155,128,0.157329318195385,0.0021407357
155,129,0.0,0.0014801575
155,130,0.0,0.0027384893
155,131,0.0,0.0024728947
155,132,0.0,0.0017998116
155,133,0.0,0.0033122231
155,134,0.0,0.0024197372
155,135,-0.172832578345684,0.0021937885
155,136,0.0,0.0027244855
155,137,0.0,0.0023089866
155,138,0.0,0.0029609958
155,139,0.0,0.0023679514
155,140,0.0,0.0017398614
155,141,0.0,0.0023206803
155,142,0.0,0.0014939639
155,143,0.0,0.0020029726
155,144,0.0,0.0030341158
155,145,0.0,0.0027892645
155,146,0.0,0.0022005318
155,147,0.0,0.0027903155
155,148,0.0,0.0025768788
155,149,0.0,0.0020757853
155,150,0.0,0.002323058
155,151,0.0,0.0026540076
155,152,0.0,0.0027642963
155,153,0.0,0.0024452982
155,154,0.0,0.0017918674
155,155,0.0,0.030703487
155,156,0.0,0.0032448415
155,157,0.0,0.0032493183
155,158,0.0,0.0026944783
155,159,0.0,0.0019949777
155,160,0.0,0.0024883468
155,161,0.144038818621094,0.0019089277
155,162,0.0,0.0025875312
155,163,0.0,0.0034843152
155,164,0.0,0.0018810919
155,165,0.157698240427576,0.0030081193
155,166,0.0,0.002679925
155,167,0.0,0.003059296
155,168,0.0,0.0025382536
155,169,0.0,0.0025186772
155,170,0.0,0.0023874822
155,171,0.0,0.0024612145
155,172,-0.161269242243437,0.002396957
155,173,0.0,0.001661777
155,174,0.0,0.0025222981
155,175,0.0,0.0026663258
155,176,0.0,0.0015148604
155,177,0.0,0.00226785
155,178,0.0,0.0023700385
155,179,0.0,0.002520332
155,180,0.0,0.0015109931
155,181,0.0,0.002060514
155,182,0.0,0.0026913136
155,183,-0.154014061498359,0.0016854713
155,184,0.0,0.003338568
155,185,0.0,0.003160682
155,186,0.0,0.0025000144
155,187,0.0,0.0026080837
155,188,0.0,0.0024563083
155,189,0.0,0.0034860298
155,190,0.0,0.002532084
155,191,0.0,0.0025710799
155,192,0.0,0.0016254187
155,193,0.0,0.0017855419
155,194,-0.147206726195133,0.0035747197
155,195,0.0,0.0024354644
155,196,0.0,0.0025807517
155,197,0.0,0.0027372628
155,198,0.0,0.002538675
155,199,0.0,0.0022105826
155,200,0.0,0.0025512036
155,201,0.0,0.002673658
155,202,0.0,0.0014909776
155,203,0.0,0.0025717244
155,204,0.0,0.003174149
155,205,0.0,0.0035189325
155,206,0.0,0.0015146872
155,207,0.0,0.002765954
155,208,0.0,0.0028850846
155,209,0.0,0.002774159
155,210,0.0,0.0015446809
155,211,-0.148800935839978,0.0026910454
155,212,-0.148800510732598,0.002158509
155,213,0.0,0.0036172597
155,214,0.0,0.002981082
155,215,0.0,0.0030431258
155,216,0.0,0.0021754508
155,217,0.0,0.002163929
155,218,0.0,0.002179537
155,219,0.0,0.0035869172
155,220,0.0,0.0015425272
155,221,0.0,0.0015400108
155,222,0.0,0.0025606342
155,223,0.0,0.0022225133
155,224,0.0,0.0027820887
155,225,0.0,0.0024986789
155,226,0.0,0.003539282
155,227,0.0,0.002009051
155,228,-0.146906537639226,0.0022894302
155,229,0.168571421684478,0.0014824602
155,230,0.0,0.0036300113
155,231,0.0,0.0023376336
155,232,0.0,0.0022147787
155,233,0.0,0.003209598
155,234,0.0,0.0024170335
155,235,0.0,0.002515952
155,236,0.0,0.0025487365
155,237,0.0,0.0026810146
155,238,0.0,0.002216559
155,239,0.0,0.0026964569
155,240,0.0,0.0014770217
155,241,0.0,0.0027697715
155,242,0.0,0.0016612839
155,243,0.0,0.0028499383
155,244,0.0,0.0019880375
155,245,0.0,0.0044575464
155,246,0.0,0.0024289363
155,247,0.0,0.0020168377
155,248,0.0,0.002679261
155,249,0.0,0.0025691101
155,250,0.0,0.0023048948
155,251,0.0,0.0014739316
155,252,0.0,0.0015330678
155,253,0.0,0.00223675
155,254,0.0,0.0023745536
155,255,0.0,0.0025505535
155,256,0.0,0.002402543
155,257,0.0,0.002691533
155,258,0.0,0.0025518555
155,259,0.0,0.0025271382
155,260,0.0,0.0023969985
155,261,0.0,0.0019664406
155,262,0.0,0.0027164975
155,263,0.0,0.0019453885
155,264,0.0,0.0022692773
155,265,0.0,0.002045421
155,266,0.0,0.0027034204
155,267,0.0,0.0027890243
155,268,0.0,0.0025128946
156,1,0.0,0.0014900845
156,2,0.0,0.0035808985
156,3,0.0,0.0031844475
156,4,0.0,0.0024151467
156,5,0.0,0.0026367963
156,6,0.0,0.0029877806
156,7,0.0,0.0028063264
156,8,0.0,0.0025071553
156,9,0.0,0.0031742896
156,10,0.0,0.00330232
156,11,0.0,0.0034664818
156,12,0.0,0.0026951185
156,13,0.0,0.0021383306
156,14,0.0,0.0020990274
156,15,0.0,0.0014741113
156,16,0.0,0.0022139386
156,17,0.156984868224676,0.003135147
156,18,0.0,0.0027278182
156,19,0.0,0.003410655
156,20,0.0,0.0024768086
156,21,0.0,0.0031103557
156,22,0.0,0.0017521018
156,23,0.0,0.0026135212
156,24,0.0,0.0036327783
156,25,0.0,0.0025692456
156,26,0.0,0.0024322635
156,27,0.0,0.0018201442
156,28,0.0,0.0020818417
156,29,0.0,0.0023692665
156,30,0.0,0.002545888
156,31,0.0,0.0027078236
156,32,0.0,0.0036251894
156,33,0.0,0.0016590059
156,34,0.0,0.0021814336
156,35,0.149419600341639,0.002425788
156,36,0.0,0.0024265237
156,37,0.0,0.0035554562
156,38,0.0,0.0021928633
156,39,0.0,0.0014682328
156,40,0.0,0.0026229043
156,41,0.0,0.002349025
156,42,0.0,0.0022673924
156,43,0.0,0.0034099142
156,44,0.0,0.0015937379
156,45,-0.153103989081242,0.0014941981
156,46,0.0,0.0027429261
156,47,0.0,0.002158918
156,48,0.0,0.0023630536
156,49,0.0,0.0036131372
156,50,0.0,0.002315232
156,51,0.0,0.0029171729
156,52,0.0,0.0020064935
156,53,0.0,0.0025622938
156,54,0.0,0.0027716788
156,55,0.0,0.0023780381
156,56,0.0,0.0024872362
156,57,0.0,0.0023329742
156,58,0.0,0.0023848177
156,59,0.154887192403793,0.0014901753
156,60,0.0,0.0021852017
156,61,0.0,0.0023708395
156,62,0.0,0.0022749258
156,63,0.0,0.0016025407
156,64,0.159452567389881,0.0015922827
156,65,0.0,0.0025612204
156,66,0.0,0.0014834101
156,67,0.0,0.0031818585
156,68,0.0,0.0020648343
156,69,0.0,0.001998974
156,70,0.0,0.001809543
156,71,0.0,0.002476065
156,72,0.0,0.001610647
156,73,0.0,0.0016075503
156,74,0.0,0.0014979965
156,75,0.0,0.0034833178
156,76,0.0,0.0027684201
156,77,-0.153425320622695,0.0024205316
156,78,0.0,0.0023412919
156,79,0.1682685482735,0.0024633277
156,80,0.0,0.0019681342
156,81,0.0,0.0026189955
156,82,0.0,0.0025070417
156,83,0.166177280322629,0.0027702404
156,84,0.0,0.0022004633
156,85,0.0,0.0028027543
156,86,0.0,0.0021973327
156,87,0.0,0.0022392808
156,88,0.0,0.0026710033
156,89,0.0,0.0018850351
156,90,0.0,0.0015990571
156,91,0.0,0.0015863506
156,92,0.0,0.0014966326
156,93,0.0,0.0025378
156,94,0.0,0.0017938619
156,95,0.0,0.0018797298
156,96,0.0,0.0024547642
156,97,0.0,0.0036311336
156,98,0.0,0.003171808
156,99,0.0,0.0026407135
156,100,0.0,0.0025562816
156,101,0.0,0.002709949
156,102,0.0,0.0016701091
156,103,0.0,0.002594234
156,104,0.0,0.0031229607
156,105,0.0,0.0025269361
156,106,0.0,0.0021868236
156,107,0.0,0.0023872727
156,108,0.0,0.00291542
156,109,0.0,0.002611734
156,110,0.0,0.0034963577
156,111,0.0,0.0027632667
156,112,0.160888070731518,0.0022992282
156,113,0.0,0.0025544139
156,114,0.0,0.0035057897
156,115,0.0,0.0026707565
156,116,0.0,0.0030104085
156,117,0.0,0.002415602
156,118,0.0,0.0023549744
156,119,0.0,0.0023496156
156,120,0.0,0.0023085312
156,121,-0.145031671175908,0.0022768374
156,122,0.0,0.0021727858
156,123,-0.148515010187016,0.0022419873
156,124,0.0,0.0035414253
156,125,0.0,0.0035549398
156,126,0.0,0.0024882564
156,127,0.0,0.0034572189
156,128,0.0,0.0027491846
156,129,0.0,0.0015922091
156,130,0.0,0.0016124472
156,131,0.0,0.0021709614
156,132,0.0,0.002517474
156,133,0.0,0.0025768052
156,134,-0.145354202247068,0.0015857145
156,135,0.0,0.0025608134
156,136,0.0,0.0018276768
156,137,0.0,0.0024316516
156,138,0.0,0.001493121
156,139,0.0,0.0027715503
156,140,0.0,0.0017097071
156,141,0.0,0.0024991012
156,142,0.0,0.0019300473
156,143,0.0,0.0025611036
156,144,0.0,0.002640272
156,145,0.0,0.0025714026
156,146,0.0,0.0016705152
156,147,0.0,0.0024773646
156,148,0.0,0.0036061127
156,149,0.0,0.0026339726
156,150,0.143627672195626,0.0024928395
156,151,0.0,0.002664206
156,152,0.0,0.002056988
156,153,0.0,0.0035521393
156,154,0.0,0.001989605
156,155,0.0,0.0032448415
156,156,0.0,0.030703487
156,157,0.0,0.0024306495
156,158,0.0,0.0018323665
156,159,0.0,0.002729829
156,160,0.0,0.0025238413
156,161,0.0,0.0026887706
156,162,0.0,0.0026737466
156,163,0.0,0.0023261243
156,164,0.0,0.0023140293
156,165,0.0,0.0036232574
156,166,0.0,0.0015463769
156,167,0.0,0.0034539183
156,168,0.0,0.0024918197
156,169,0.0,0.0015981076
156,170,0.0,0.0028615384
156,171,0.0,0.00278643
156,172,0.0,0.00239225
156,173,0.143186373224527,0.002438821
156,174,0.0,0.002203518
156,175,0.153452725848518,0.0019265609
156,176,0.0,0.002069451
156,177,0.144198981134188,0.0023123054
156,178,0.0,0.0035165562
156,179,0.0,0.002564061
156,180,0.0,0.0024893275
156,181,-0.152038156977626,0.002083553
156,182,0.0,0.0028831605
156,183,0.0,0.002287644
156,184,0.0,0.0027757315
156,185,0.0,0.0016521094
156,186,0.0,0.0025028056
156,187,0.0,0.0023668865
156,188,0.0,0.0014929012
156,189,0.0,0.002674289
156,190,0.153841271096623,0.0031770687
156,191,0.0,0.0026369458
156,192,0.0,0.003111655
156,193,0.0,0.002002459
156,194,0.0,0.0025560781
156,195,0.0,0.0025419751
156,196,0.0,0.0035439725
156,197,0.0,0.001488613
156,198,0.0,0.002276957
156,199,0.0,0.0018928982
156,200,0.0,0.0030165068
156,201,0.0,0.0024722526
156,202,0.0,0.0022402615
156,203,0.0,0.0023143846
156,204,0.0,0.0018550581
156,205,0.0,0.003156859
156,206,0.0,0.0027181455
156,207,0.0,0.0024066502
156,208,0.0,0.0016405284
156,209,-0.14525822782909,0.0027442933
156,210,0.0,0.0025335564
156,211,0.0,0.0032500746
156,212,0.0,0.002099588
156,213,0.0,0.0032448354
156,214,0.0,0.0026685474
156,215,0.0,0.0015369575
156,216,0.0,0.0018301848
156,217,0.14310879728907,0.0026134634
156,218,0.0,0.00214697
156,219,-0.158934583447817,0.0015300363
156,220,0.0,0.0025514946
156,221,0.0,0.001550979
156,222,0.0,0.0032412503
156,223,0.0,0.002568706
156,224,0.0,0.0014703902
156,225,0.0,0.0023530042
156,226,0.0,0.0035030195
156,227,0.0,0.0035300083
156,228,0.0,0.0025132135
156,229,0.0,0.0025388226
156,230,0.0,0.0021386654
156,231,0.0,0.002818626
156,232,0.0,0.0021605697
156,233,0.0,0.0021768673
156,234,0.0,0.0016529094
156,235,0.0,0.0023438134
156,236,0.0,0.0018466944
156,237,0.0,0.001692059
156,238,0.0,0.002050369
156,239,0.0,0.002769006
156,240,0.0,0.0025952538
156,241,-0.146569516801579,0.0034845853
156,242,0.0,0.0022811424
156,243,0.0,0.0024625598
156,244,0.0,0.002622732
156,245,0.0,0.0026050936
156,246,0.0,0.002217866
156,247,0.0,0.002721237
156,248,0.0,0.002402042
156,249,0.0,0.0026039286
156,250,0.0,0.0015353188
156,251,0.0,0.0026329886
156,252,0.0,0.0027597165
156,253,0.0,0.0025738934
156,254,0.0,0.0028527132
156,255,0.0,0.0016259924
156,256,0.0,0.002051578
156,257,0.0,0.0031246278
156,258,0.0,0.0015716399
156,259,0.0,0.0024371254
156,260,0.0,0.0027221143
156,261,0.0,0.0035468326
156,262,0.0,0.0020001302
156,263,0.0,0.0023837085
156,264,0.0,0.003066537
156,265,0.153107588854974,0.0023378949
156,266,0.0,0.0017576027
156,267,0.0,0.002589942
156,268,0.0,0.0016535078
157,1,0.0,0.0020701792
157,2,0.0,0.0023914077
157,3,0.164132642425634,0.0024295053
157,4,0.0,0.0022693877
157,5,0.0,0.0016728872
157,6,0.0,0.002641669
157,7,0.0,0.0024389904
157,8,0.0,0.003547106
157,9,0.0,0.0017942404
157,10,0.0,0.0030328198
157,11,0.0,0.0028115306
157,12,0.0,0.001484077
157,13,0.0,0.002551857
157,14,0.0,0.0035264771
157,15,0.0,0.0018849592
157,16,0.0,0.002375748
157,17,0.0,0.0026822835
157,18,0.0,0.0024194615
157,19,0.0,0.0027641985
157,20,0.0,0.0024533924
157,21,0.0,0.003401203
157,22,0.0,0.0017006351
157,23,0.0,0.0025622286
157,24,0.0,0.0031590117
157,25,0.0,0.0027618343
157,26,0.0,0.0034662266
157,27,0.0,0.0020257812
157,28,0.0,0.0017422708
157,29,0.0,0.0027773255
157,30,0.0,0.0024988307
157,31,0.0,0.0026713996
157,32,0.0,0.0019434979
157,33,0.0,0.0030194288
157,34,0.0,0.003358053
157,35,0.0,0.0026284787
157,36,0.0,0.0026164767
157,37,0.0,0.0025290586
157,38,0.0,0.0025119907
157,39,0.0,0.002134814
157,40,0.0,0.0025659064
157,41,0.0,0.0035601421
157,42,0.0,0.0033003045
157,43,0.0,0.0025867503
157,44,0.0,0.00253188
157,45,0.0,0.0019326909
157,46,0.0,0.0024429765
157,47,0.0,0.0023173052
157,48,0.147443398217305,0.0017549191
157,49,0.0,0.001782835
157,50,0.0,0.0032504494
157,51,0.0,0.0025074603
157,52,0.0,0.0018388629
157,53,0.0,0.002391553
157,54,0.0,0.0024508107
157,55,0.0,0.0032465984
157,56,0.0,0.0025346037
157,57,0.0,0.002283195
157,58,0.0,0.0025526527
157,59,0.0,0.0027720602
157,60,0.0,0.0025310838
157,61,0.0,0.002415483
157,62,0.0,0.0015598778
157,63,0.0,0.0017818399
157,64,0.0,0.00318554
157,65,0.0,0.0034980094
157,66,0.0,0.0024728063
157,67,0.0,0.0019255397
157,68,0.0,0.0025136918
157,69,0.0,0.0024229623
157,70,0.0,0.0020952243
157,71,0.0,0.0027032043
157,72,0.0,0.002276387
157,73,0.0,0.0027500447
157,74,0.0,0.0023254422
157,75,0.0,0.0026388206
157,76,0.0,0.0021949299
157,77,0.0,0.0015836703
157,78,0.0,0.002530558
157,79,0.0,0.0025854548
157,80,0.0,0.0031137397
157,81,0.0,0.0025014384
157,82,0.0,0.0028290781
157,83,0.173207810896361,0.0033314442
157,84,0.0,0.0024448214
157,85,0.0,0.0034235227
157,86,-0.152413866585765,0.0024532122
157,87,-0.167665502990547,0.0036038766
157,88,0.0,0.0018498837
157,89,0.0,0.0027782973
157,90,0.0,0.00190912
157,91,0.0,0.0022910312
157,92,0.0,0.0024605426
157,93,0.0,0.002666588
157,94,0.0,0.0020803544
157,95,0.0,0.0016893405
157,96,-0.162245331520631,0.0023909835
157,97,0.0,0.0024016383
157,98,0.0,0.002516775
157,99,0.0,0.0018595965
157,100,0.0,0.0023213513
157,101,0.0,0.0020212187
157,102,0.0,0.0023973836
157,103,0.0,0.0027489658
157,104,0.148026240796565,0.0026420318
157,105,0.0,0.0025474816
157,106,0.0,0.0020951051
157,107,0.0,0.0017204708
157,108,0.0,0.0016005044
157,109,-0.165201796926133,0.0026049642
157,110,0.0,0.003421662
157,111,0.0,0.002516279
157,112,0.0,0.0021618507
157,113,0.0,0.0034820577
157,114,0.0,0.0026134024
157,115,0.0,0.0023933211
157,116,0.0,0.0020334125
157,117,0.0,0.0027935226
157,118,0.0,0.0018033651
157,119,0.0,0.0035766615
157,120,0.0,0.0026787622
157,121,0.0,0.0027770298
157,122,0.154673812443941,0.002011361
157,123,0.0,0.0020489218
157,124,0.0,0.002437438
157,125,0.0,0.0017235135
157,126,0.0,0.0021855766
157,127,0.0,0.0027386942
157,128,0.14728073184022,0.002727931
157,129,0.156578806665049,0.003042717
157,130,0.0,0.00301491
157,131,0.0,0.0014933846
157,132,0.0,0.0032191258
157,133,0.0,0.0024817218
157,134,0.0,0.0014959509
157,135,0.0,0.002439273
157,136,0.0,0.0020958707
157,137,0.0,0.0029547513
157,138,0.0,0.0026693856
157,139,0.0,0.0020455732
157,140,0.157667016227527,0.0014826092
157,141,0.0,0.0023568799
157,142,0.161926385139155,0.0022939239
157,143,0.0,0.0014892179
157,144,0.0,0.0035801725
157,145,0.0,0.0035175919
157,146,0.153923634866374,0.001482077
157,147,0.0,0.0026795105
157,148,0.168198255983685,0.0023901765
157,149,0.0,0.003128354
157,150,0.0,0.0024136822
157,151,0.0,0.0019374518
157,152,0.0,0.002215576
157,153,0.0,0.0025331988
157,154,0.0,0.002533819
157,155,0.0,0.0032493183
157,156,0.0,0.0024306495
157,157,0.0,0.030703487
157,158,0.0,0.0018775109
157,159,0.0,0.002367516
157,160,0.0,0.003528825
157,161,0.0,0.0025026118
157,162,-0.146795528473031,0.0014780667
157,163,0.0,0.0025127917
157,164,0.0,0.0029608961
157,165,0.0,0.0017142566
157,166,0.0,0.0033596656
157,167,0.0,0.0021117101
157,168,0.0,0.0017235707
157,169,-0.142773329095281,0.0035680383
157,170,0.0,0.00273378
157,171,0.0,0.002614386
157,172,-0.160276534399019,0.002661968
157,173,0.146699948803228,0.0024085585
157,174,0.0,0.0024430957
157,175,0.0,0.0023434157
157,176,0.0,0.0023367177
157,177,0.0,0.002935099
157,178,0.0,0.002280795
157,179,-0.156036050003411,0.00216828
157,180,0.0,0.003262708
157,181,-0.155768941851613,0.0018826067
157,182,0.0,0.0014938135
157,183,0.0,0.0020238073
157,184,-0.150111181121377,0.0024022805
157,185,0.0,0.002060824
157,186,0.0,0.0018468658
157,187,0.0,0.002761926
157,188,0.0,0.0017396212
157,189,0.0,0.0014956552
157,190,0.0,0.003576443
157,191,0.0,0.0028046924
157,192,0.0,0.002422914
157,193,0.0,0.002778612
157,194,0.0,0.003502598
157,195,0.0,0.0017555044
157,196,0.0,0.0023600948
157,197,0.0,0.00295497
157,198,0.0,0.0027469299
157,199,0.0,0.0026133982
157,200,0.0,0.002181396
157,201,0.0,0.0034392066
157,202,0.0,0.0016493713
157,203,0.0,0.0026134253
157,204,0.0,0.0014961399
157,205,0.0,0.0027882461
157,206,0.0,0.0027473993
157,207,0.0,0.0027191625
157,208,0.0,0.0030628294
157,209,0.0,0.003284648
157,210,0.0,0.002644923
157,211,0.0,0.0020491583
157,212,0.0,0.0016247891
157,213,-0.158944398638646,0.0017537619
157,214,0.0,0.002436459
157,215,0.0,0.0014983462
157,216,0.0,0.0026858137
157,217,0.0,0.0030362117
157,218,0.0,0.0017553591
157,219,0.0,0.0017309333
157,220,0.0,0.002777277
157,221,0.0,0.002460348
157,222,0.0,0.0023843604
157,223,0.0,0.0025320738
157,224,0.0,0.0016837176
157,225,0.0,0.0033231028
157,226,0.0,0.0015719784
157,227,0.0,0.0015043314
157,228,0.0,0.003203813
157,229,0.0,0.0022893292
157,230,0.0,0.0026055295
157,231,0.0,0.003202632
157,232,0.0,0.0029591871
157,233,0.0,0.0021842085
157,234,0.0,0.0026533478
157,235,0.0,0.0029788092
157,236,0.0,0.0034361845
157,237,0.0,0.0026116641
157,238,0.0,0.0035879472
157,239,0.0,0.0036252802
157,240,0.0,0.0024239705
157,241,0.0,0.0035471749
157,242,-0.159356742996048,0.0024143523
157,243,0.0,0.0024522906
157,244,0.0,0.0024314295
157,245,0.0,0.003633143
157,246,0.0,0.0034965542
157,247,0.0,0.002623836
157,248,0.0,0.003425634
157,249,0.0,0.0026621893
157,250,0.0,0.002754096
157,251,0.0,0.0030125678
157,252,0.0,0.0029227347
157,253,0.0,0.0032930751
157,254,0.0,0.0027646455
157,255,0.0,0.0024228427
157,256,0.0,0.0025394866
157,257,0.0,0.002690778
157,258,0.0,0.002328842
157,259,0.0,0.0019881055
157,260,0.0,0.0026037963
157,261,0.152933619694146,0.0018968871
157,262,0.0,0.001714584
157,263,0.0,0.002712946
157,264,0.0,0.002458081
157,265,0.0,0.0024005105
157,266,0.0,0.0016194787
157,267,0.0,0.0018307287
157,268,0.0,0.0031086286
158,1,0.0,0.0035530431
158,2,0.159960587825373,0.0014830129
158,3,0.0,0.002619599
158,4,0.157945502522411,0.0025404766
158,5,0.0,0.0034851641
158,6,0.0,0.0036006481
158,7,0.0,0.0022997889
158,8,-0.149635846185231,0.0024406184
158,9,0.0,0.0014929967
158,10,0.0,0.0034327302
158,11,0.0,0.002702226
158,12,0.0,0.0026350948
158,13,0.0,0.0027489448
158,14,0.0,0.0018299674
158,15,0.0,0.00355678
158,16,0.0,0.0035536098
158,17,0.0,0.0034500584
158,18,0.0,0.0025506834
158,19,0.0,0.0024019498
158,20,0.0,0.0035399133
158,21,0.0,0.0029356927
158,22,0.0,0.0029114657
158,23,0.153887394438273,0.0028043278
158,24,0.0,0.0029122662
158,25,0.162672087925831,0.0026298468
158,26,0.0,0.0017053504
158,27,0.0,0.0024398477
158,28,0.0,0.003632605
158,29,0.0,0.00247007
158,30,0.0,0.0020026332
158,31,0.142095792212744,0.0015522148
158,32,0.0,0.002388162
158,33,0.0,0.0014923001
158,34,0.0,0.0024625533
158,35,0.0,0.0023588277
158,36,0.0,0.0035306024
158,37,0.0,0.0035979487
158,38,0.0,0.002681991
158,39,0.157976258232123,0.0033226851
158,40,0.0,0.0031873966
158,41,0.0,0.0024331915
158,42,0.0,0.0021235184
158,43,0.0,0.0023713997
158,44,0.141669522358767,0.0017836341
158,45,0.0,0.0014866856
158,46,0.0,0.0018529743
158,47,0.0,0.0024946448
158,48,0.0,0.00350319
158,49,0.0,0.0035281018
158,50,0.0,0.002491166
158,51,0.0,0.0026233555
158,52,0.0,0.0034817
158,53,0.0,0.0023454088
158,54,0.0,0.001479194
158,55,0.0,0.0016833446
158,56,0.0,0.0022847196
158,57,0.0,0.002722579
158,58,0.0,0.0020306706
158,59,0.0,0.0023255209
158,60,0.0,0.0032627163
158,61,0.0,0.0020564254
158,62,0.0,0.0017221505
158,63,0.0,0.002312874
158,64,0.0,0.002983815
158,65,0.0,0.002400172
158,66,0.0,0.0027480242
158,67,0.0,0.0022904482
158,68,0.153783796617676,0.0024280776
158,69,0.0,0.0023611253
158,70,0.0,0.0019224696
158,71,-0.174124380574442,0.0027136882
158,72,0.0,0.0024182284
158,73,0.162994937754566,0.0033549191
158,74,0.0,0.0015216698
158,75,0.0,0.002381205
158,76,0.0,0.0023915498
158,77,-0.156897179799198,0.0026080315
158,78,0.0,0.0022452404
158,79,0.0,0.0023600124
158,80,0.0,0.002552493
158,81,0.0,0.0021944526
158,82,0.0,0.0016011242
158,83,0.0,0.002748658
158,84,0.0,0.003126049
158,85,0.0,0.002389987
158,86,0.0,0.0016992241
158,87,0.0,0.0025141123
158,88,0.0,0.0034428388
158,89,0.0,0.0020924406
158,90,-0.159745087102051,0.0026347507
158,91,0.154379479186955,0.002749933
158,92,0.0,0.0023575663
158,93,0.0,0.002264259
158,94,0.0,0.0031480254
158,95,0.0,0.0024577244
158,96,0.0,0.0023999014
158,97,0.0,0.0018828623
158,98,0.0,0.0019791517
158,99,0.0,0.0026731337
158,100,0.0,0.001528556
158,101,0.0,0.002460183
158,102,0.0,0.0027883882
158,103,0.0,0.0022175955
158,104,0.0,0.0022982294
158,105,0.0,0.0024045939
158,106,0.0,0.003361077
158,107,0.0,0.002561422
158,108,0.0,0.0018373257
158,109,0.0,0.0034362152
158,110,0.0,0.0022599725
158,111,0.0,0.0024718135
158,112,0.0,0.00200155
158,113,0.0,0.0031860769
158,114,0.0,0.0016828598
158,115,0.0,0.0035060872
158,116,0.0,0.002420538
158,117,0.0,0.0025605867
158,118,0.0,0.002594402
158,119,0.0,0.0026025805
158,120,0.0,0.0020922092
158,121,0.0,0.0023820177
158,122,0.0,0.00332464
158,123,0.0,0.0033690576
158,124,0.0,0.002098747
158,125,0.0,0.0014856132
158,126,0.0,0.0024399497
158,127,-0.15469059697146,0.0018323022
158,128,0.0,0.0026146523
158,129,0.0,0.0024596602
158,130,0.154349081162804,0.0017257258
158,131,0.0,0.0019656941
158,132,0.0,0.0027446225
158,133,0.0,0.0025498243
158,134,0.0,0.00229603
158,135,0.0,0.0035789963
158,136,0.0,0.00205643
158,137,0.0,0.0027741846
158,138,0.0,0.003052169
158,139,0.141070223936494,0.0017115893
158,140,0.0,0.0015886868
158,141,0.0,0.0014958335
158,142,0.0,0.002660018
158,143,0.0,0.003125533
158,144,0.0,0.0036037136
158,145,0.0,0.002676933
158,146,0.0,0.002756652
158,147,0.0,0.0017070351
158,148,0.0,0.002698978
158,149,0.0,0.001492029
158,150,0.0,0.002590187
158,151,0.0,0.0021262132
158,152,0.0,0.0017403797
158,153,0.0,0.0034384597
158,154,0.0,0.002339527
158,155,0.0,0.0026944783
158,156,0.0,0.0018323665
158,157,0.0,0.0018775109
158,158,0.0,0.030703487
158,159,0.0,0.002867449
158,160,0.0,0.0017361208
158,161,0.0,0.0031149052
158,162,0.0,0.0017697867
158,163,0.0,0.0028031622
158,164,0.0,0.0018151524
158,165,0.0,0.0023896578
158,166,0.0,0.0034169196
158,167,0.0,0.0019868528
158,168,0.150773702999016,0.0020587868
158,169,0.0,0.002607902
158,170,0.0,0.0034961672
158,171,0.0,0.0021710154
158,172,0.0,0.0024583675
158,173,0.0,0.0024296343
158,174,0.0,0.0016848897
158,175,-0.15443066356906,0.00248964
158,176,0.0,0.0025994773
158,177,0.0,0.0026809275
158,178,0.0,0.0025377409
158,179,0.0,0.0035559093
158,180,0.0,0.00236208
158,181,0.0,0.0026908745
158,182,0.0,0.002440527
158,183,0.0,0.0027693855
158,184,0.0,0.0023309877
158,185,0.0,0.0022276393
158,186,0.0,0.0025282945
158,187,0.0,0.0026424197
158,188,0.0,0.0025305962
158,189,0.0,0.0019297674
158,190,0.0,0.0034954818
158,191,0.0,0.002327188
158,192,0.0,0.0016511902
158,193,0.0,0.003443732
158,194,0.0,0.0026140404
158,195,0.0,0.0020945915
158,196,0.0,0.0030695335
158,197,0.0,0.002018663
158,198,0.0,0.0016108756
158,199,0.0,0.002097291
158,200,0.0,0.0017334861
158,201,0.0,0.0016568908
158,202,0.0,0.0023541218
158,203,0.0,0.0030126646
158,204,0.0,0.0016520796
158,205,0.0,0.0015866687
158,206,0.0,0.0027782316
158,207,0.0,0.002331669
158,208,0.0,0.0016067233
158,209,0.0,0.0027492102
158,210,0.0,0.0025987863
158,211,0.0,0.0021380112
158,212,0.0,0.0021642717
158,213,0.0,0.0032015932
158,214,0.0,0.0021283748
158,215,0.143327023760191,0.0023008697
158,216,0.0,0.0024731928
158,217,0.0,0.0028641075
158,218,0.0,0.0016896063
158,219,0.0,0.0024789665
158,220,0.156656234919486,0.0014970526
158,221,0.0,0.0026959316
158,222,0.0,0.0023880238
158,223,0.16021604338448,0.0020620632
158,224,0.0,0.0034256736
158,225,0.0,0.002550893
158,226,0.0,0.0026781429
158,227,0.0,0.0014940561
158,228,0.0,0.0027479604
158,229,0.0,0.0023987922
158,230,0.0,0.002407303
158,231,0.0,0.0033110403
158,232,0.0,0.0017075907
158,233,0.0,0.0022324412
158,234,0.0,0.0024449886
158,235,0.141058040103352,0.0018813605
158,236,0.135737517037261,0.001900915
158,237,0.0,0.0022037867
158,238,0.0,0.0023573348
158,239,0.0,0.0017808708
158,240,0.0,0.0031345347
158,241,0.0,0.0036087818
158,242,0.156531267420102,0.0035273596
158,243,0.146615865882984,0.0026753857
158,244,0.0,0.0017335042
158,245,0.0,0.0019296422
158,246,0.0,0.0017122058
158,247,0.0,0.0024271351
158,248,-0.152956801839643,0.0025012488
158,249,0.0,0.0017615259
158,250,0.0,0.0019513979
158,251,0.0,0.002765519
158,252,0.0,0.002670256
158,253,0.0,0.0025592474
158,254,0.0,0.0030264277
158,255,0.0,0.0023428304
158,256,0.0,0.0031341482
158,257,0.0,0.0025670389
158,258,0.0,0.0033762972
158,259,0.0,0.0026187403
158,260,-0.141186255337751,0.0024354653
158,261,0.0,0.0024522776
158,262,0.0,0.0022343397
158,263,0.0,0.0025327741
158,264,0.0,0.0034508174
158,265,0.0,0.0023494693
158,266,0.0,0.002775603
158,267,0.0,0.002964491
158,268,0.0,0.0024916385
159,1,0.0,0.0035358397
159,2,0.0,0.0034060641
159,3,0.0,0.002387694
159,4,0.0,0.0024241144
159,5,0.0,0.0023734644
159,6,0.0,0.0026098439
159,7,0.0,0.0035070367
159,8,0.0,0.0020894152
159,9,0.0,0.0027502733
159,10,0.0,0.0024562436
159,11,0.152676008612977,0.0025739437
159,12,0.0,0.0020486545
159,13,0.0,0.0018321909
159,14,0.0,0.002543435
159,15,-0.143800189980968,0.0026746732
159,16,0.0,0.0026806076
159,17,0.0,0.0016159094
159,18,0.0,0.0034461147
159,19,0.0,0.0023791105
159,20,0.0,0.0033260072
159,21,0.0,0.0033113803
159,22,0.0,0.0027531022
159,23,0.0,0.0024982332
159,24,0.0,0.0032964852
159,25,0.0,0.002464193
159,26,-0.151102410713204,0.0026238142
159,27,0.0,0.0018255967
159,28,0.0,0.0026173396
159,29,0.138353551258309,0.0034558042
159,30,0.0,0.0025287652
159,31,0.135269288902073,0.0027754847
159,32,0.0,0.0014865417
159,33,0.0,0.0015582191
159,34,0.0,0.0025338694
159,35,0.0,0.00212458
159,36,0.0,0.0021449435
159,37,0.0,0.0017844057
159,38,0.0,0.0026142136
159,39,0.0,0.0025156015
159,40,0.0,0.0014895843
159,41,-0.151891506130575,0.0031460808
159,42,0.0,0.0021917177
159,43,0.0,0.003225348
159,44,0.0,0.00245581
159,45,0.0,0.0024237623
159,46,0.0,0.0016057789
159,47,0.0,0.0014940728
159,48,0.0,0.0018140837
159,49,0.0,0.0026742807
159,50,0.0,0.0026359097
159,51,0.0,0.0017077932
159,52,0.0,0.002789951
159,53,0.0,0.0022287937
159,54,-0.139642748992838,0.0014881319
159,55,0.0,0.0022341479
159,56,0.0,0.002562089
159,57,0.0,0.002108701
159,58,-0.149154141568489,0.0034395289
159,59,0.0,0.0025590635
159,60,0.0,0.002611023
159,61,0.0,0.0023240042
159,62,0.143424551691177,0.0024097376
159,63,0.0,0.0026272386
159,64,0.0,0.0024160165
159,65,0.0,0.002359055
159,66,0.0,0.0024803462
159,67,0.0,0.0035925028
159,68,0.0,0.0027859882
159,69,0.152376703409015,0.0020755767
159,70,0.0,0.0035653254
159,71,0.0,0.0014646072
159,72,0.0,0.0021855924
159,73,0.0,0.0025520683
159,74,0.0,0.0018619401
159,75,0.0,0.0020693853
159,76,0.0,0.0017800247
159,77,0.0,0.0035901372
159,78,0.0,0.001485114
159,79,0.0,0.0018916461
159,80,0.0,0.0027506524
159,81,0.0,0.0022462471
159,82,0.0,0.003495311
159,83,0.0,0.0022427994
159,84,0.0,0.0027720984
159,85,0.0,0.0024314383
159,86,0.0,0.0015990874
159,87,0.0,0.0027115117
159,88,0.0,0.002388489
159,89,0.0,0.0031234543
159,90,0.0,0.0014833021
159,91,0.146962848410222,0.0023220032
159,92,0.0,0.0024694563
159,93,0.0,0.00214969
159,94,0.0,0.0025560544
159,95,0.0,0.0023559327
159,96,0.0,0.003345197
159,97,0.0,0.0026132083
159,98,0.0,0.0028375112
159,99,0.0,0.0024653776
159,100,0.0,0.0023861327
159,101,0.0,0.0026828335
159,102,0.0,0.0023861295
159,103,0.159565356828529,0.0032362267
159,104,0.0,0.0030644354
159,105,0.0,0.0027673985
159,106,0.0,0.0029410147
159,107,-0.144362432914421,0.0018103854
159,108,0.0,0.0016158056
159,109,0.0,0.0023116078
159,110,0.0,0.0022862023
159,111,0.0,0.0025090436
159,112,0.0,0.0023245248
159,113,0.0,0.0027783802
159,114,-0.141363857077346,0.002910981
159,115,0.0,0.002832939
159,116,0.0,0.0015138853
159,117,0.0,0.0024233065
159,118,0.0,0.0026774085
159,119,0.0,0.0015413002
159,120,0.0,0.0018354906
159,121,0.0,0.0027484125
159,122,0.0,0.0024700798
159,123,0.0,0.0016127564
159,124,0.0,0.0022260197
159,125,0.0,0.0027857036
159,126,-0.142686770789418,0.00329084
159,127,0.0,0.0023254175
159,128,0.0,0.0021055276
159,129,0.0,0.0022993675
159,130,0.146933910754525,0.0023511155
159,131,0.0,0.0019068047
159,132,0.0,0.0026661418
159,133,0.0,0.0026012436
159,134,0.0,0.0022362554
159,135,0.0,0.0023394586
159,136,0.0,0.0033556372
159,137,0.0,0.0032865736
159,138,0.0,0.0017133281
159,139,0.0,0.0023751026
159,140,0.0,0.0031901048
159,141,0.163187989911269,0.002741566
159,142,0.0,0.0018908256
159,143,0.0,0.0017134673
159,144,0.0,0.0029184362
159,145,0.0,0.0028396756
159,146,0.0,0.0025519063
159,147,0.0,0.0031547416
159,148,0.0,0.00229968
159,149,0.0,0.0024870867
159,150,0.0,0.0016160337
159,151,0.0,0.0026852349
159,152,0.0,0.0026525497
159,153,0.0,0.0023351787
159,154,0.0,0.0023072106
159,155,0.0,0.0019949777
159,156,0.0,0.002729829
159,157,0.153351827061168,0.002367516
159,158,0.0,0.002867449
159,159,0.0674477776046842,0.030703487
159,160,0.0,0.0022623152
159,161,0.0,0.0023375717
159,162,0.0,0.0020441911
159,163,0.0,0.0016886601
159,164,0.0,0.0023378427
159,165,0.0,0.0023913044
159,166,0.0,0.001890549
159,167,0.0,0.0023781778
159,168,0.0,0.0025192704
159,169,0.0,0.0018450078
159,170,0.0,0.0026384685
159,171,0.0,0.0029825345
159,172,0.0,0.0032362207
159,173,0.0,0.002329953
159,174,0.0,0.0034149308
159,175,0.0,0.002547686
159,176,0.0,0.003106759
159,177,0.0,0.0026497124
159,178,0.0,0.0018667001
159,179,0.0,0.0022053388
159,180,0.0,0.0026199077
159,181,0.0,0.0027560564
159,182,0.0,0.0024934183
159,183,0.0,0.0023172619
159,184,0.0,0.0016600066
159,185,0.0,0.0018609036
159,186,0.0,0.0027336297
159,187,0.0,0.0027859965
159,188,0.0,0.0022027497
159,189,0.0,0.0020984956
159,190,0.149861462671902,0.0015444262
159,191,0.0,0.0024372395
159,192,0.0,0.0016026068
159,193,0.0,0.0023067617
159,194,0.0,0.0020717015
159,195,0.0,0.00234858
159,196,0.0,0.002543164
159,197,0.0,0.0022005239
159,198,0.0,0.002010703
159,199,0.0,0.0016270471
159,200,0.0,0.0020236052
159,201,0.0,0.0016633645
159,202,0.0,0.0016602571
159,203,0.0,0.0030238172
159,204,0.157345566201055,0.0032633925
159,205,0.0,0.0019956464
159,206,0.0,0.0024272962
159,207,0.0,0.002129939
159,208,0.0,0.0014890158
159,209,0.0,0.003295186
159,210,0.148101137993597,0.003587664
159,211,0.0,0.0027600816
159,212,0.0,0.0022083344
159,213,0.0,0.0030029905
159,214,0.0,0.0016083145
159,215,0.0,0.002340878
159,216,0.0,0.0025751428
159,217,0.0,0.002363793
159,218,0.0,0.00168418
159,219,0.154823013193124,0.003531429
159,220,0.0,0.0018056575
159,221,0.0,0.0028084018
159,222,0.0,0.0033506001
159,223,0.0,0.0017885151
159,224,0.0,0.0014869114
159,225,0.0,0.0014940561
159,226,0.0,0.0019084993
159,227,0.0,0.0023868806
159,228,0.0,0.0027665724
159,229,0.0,0.0016495474
159,230,0.0,0.0021464787
159,231,0.0,0.0033105784
159,232,0.0,0.0031536114
159,233,0.0,0.0025519785
159,234,0.0,0.0021342635
159,235,0.0,0.002580156
159,236,0.0,0.0019091051
159,237,0.0,0.0018382114
159,238,0.0,0.0017360961
159,239,0.0,0.0022076229
159,240,0.0,0.0026014284
159,241,0.142777825575836,0.0017880243
159,242,0.0,0.0024269032
159,243,0.0,0.0017408789
159,244,0.0,0.0019323104
159,245,0.0,0.002242901
159,246,0.0,0.0027530394
159,247,0.0,0.0024874103
159,248,0.0,0.0015522745
159,249,0.0,0.0028682435
159,250,0.0,0.0021568122
159,251,0.0,0.0024285899
159,252,0.0,0.0023229392
159,253,0.0,0.0030731796
159,254,0.0,0.00253056
159,255,0.0,0.0027762786
159,256,-0.142681824643202,0.002369848
159,257,0.0,0.0028948584
159,258,0.0,0.0023712334
159,259,-0.149136566257404,0.0027709068
159,260,0.0,0.0024977098
159,261,0.0,0.0024609705
159,262,0.142026721105835,0.0021746568
159,263,0.0,0.002053558
159,264,0.0,0.00198119
159,265,0.0,0.0020621684
159,266,0.0,0.0024355976
159,267,0.0,0.0016470295
159,268,0.0,0.0031719944
160,1,0.0,0.002569226
160,2,0.0,0.0018069046
160,3,0.0,0.0023819148
160,4,0.0,0.002684176
160,5,0.0,0.0021133623
160,6,0.0,0.0034365444
160,7,-0.150397285070029,0.0014972994
160,8,0.146474847520383,0.0024410547
160,9,0.0,0.0023832084
160,10,0.0,0.0025514583
160,11,0.0,0.0027396516
160,12,0.0,0.0025863452
160,13,0.0,0.002681646
160,14,0.0,0.003906413
160,15,0.0,0.002380102
160,16,-0.139692591226927,0.0019332762
160,17,0.0,0.0015167124
160,18,0.0,0.0029209168
160,19,0.0,0.0035708877
160,20,0.0,0.0014955723
160,21,0.0,0.002378778
160,22,0.0,0.0019059591
160,23,0.0,0.0027667158
160,24,0.0,0.002479583
160,25,0.0,0.0025065164
160,26,0.0,0.0026509287
160,27,0.0,0.0026450632
160,28,0.0,0.0026196945
160,29,0.0,0.0020599999
160,30,0.0,0.002114599
160,31,0.0,0.0024688533
160,32,0.0,0.0017320341
160,33,0.0,0.0025186446
160,34,0.0,0.002116491
160,35,0.0,0.0026417766
160,36,0.0,0.002530587
160,37,0.0,0.0014910675
160,38,0.0,0.0025011925
160,39,0.0,0.0026130998
160,40,0.15101085091471,0.002508576
160,41,0.0,0.0029105153
160,42,0.0,0.0032594693
160,43,0.0,0.0014958382
160,44,0.0,0.00287017
160,45,0.0,0.0017976314
160,46,0.0,0.0022433382
160,47,0.0,0.0035759457
160,48,0.0,0.003431453
160,49,0.0,0.0024273433
160,50,0.0,0.0017404826
160,51,0.0,0.0018774695
160,52,0.0,0.0023676017
160,53,0.0,0.0022972827
160,54,0.0,0.0014930144
160,55,0.158487317171102,0.0020953333
160,56,0.0,0.0036070687
160,57,0.0,0.0019714315
160,58,0.0,0.0022384478
160,59,0.0,0.0028034775
160,60,0.0,0.0023914147
160,61,0.0,0.0015993239
160,62,0.0,0.002512191
160,63,0.0,0.0016524675
160,64,0.0,0.0015650839
160,65,0.185049468538562,0.0019076406
160,66,0.0,0.0031772396
160,67,0.0,0.0024426985
160,68,0.0,0.003167625
160,69,0.0,0.0035655317
160,70,0.0,0.001494077
160,71,0.0,0.0017196164
160,72,0.0,0.0020098984
160,73,0.0,0.0018191533
160,74,0.0,0.004522983
160,75,0.0,0.0018594973
160,76,0.0,0.0024283528
160,77,0.0,0.0025872584
160,78,0.0,0.0024420242
160,79,0.0,0.002222796
160,80,0.0,0.0019327002
160,81,0.0,0.0021710931
160,82,0.0,0.0019960222
160,83,-0.166347835945607,0.0035034083
160,84,0.0,0.0026483345
160,85,0.0,0.002515227
160,86,-0.146377445355596,0.0027374555
160,87,0.0,0.0031431848
160,88,0.0,0.0023250747
160,89,0.0,0.0016690581
160,90,0.0,0.0023542223
160,91,0.0,0.0023476817
160,92,0.140349981052977,0.0026677772
160,93,0.0,0.0021660472
160,94,0.0,0.0023957356
160,95,0.0,0.0027872701
160,96,0.0,0.0016427762
160,97,-0.154107314828886,0.0020976649
160,98,0.0,0.0014919271
160,99,0.0,0.0015646075
160,100,0.0,0.0019661342
160,101,0.0,0.0017372803
160,102,0.0,0.0014882283
160,103,0.0,0.0035797516
160,104,0.0,0.0017591128
160,105,-0.143283925037366,0.0024298849
160,106,0.0,0.0017435225
160,107,0.0,0.0019154595
160,108,0.16071460444135,0.0022633057
160,109,0.0,0.0020289905
160,110,0.0,0.002781441
160,111,0.0,0.0017710747
160,112,0.0,0.0020002094
160,113,0.0,0.0026222854
160,114,0.0,0.0034194556
160,115,0.0,0.001520697
160,116,0.0,0.0016903849
160,117,0.0,0.0014825189
160,118,0.0,0.0035085059
160,119,0.0,0.0017185528
160,120,0.0,0.0025990685
160,121,0.0,0.002757194
160,122,0.0,0.0028143488
160,123,0.0,0.0014942815
160,124,0.0,0.002764706
160,125,0.0,0.0025608689
160,126,0.0,0.0024051797
160,127,0.0,0.0014938456
160,128,0.0,0.0025824425
160,129,0.0,0.0019958909
160,130,0.0,0.0015435512
160,131,0.0,0.0028708456
160,132,0.0,0.0023132432
160,133,-0.152160838120246,0.0016535837
160,134,0.14550338615758,0.0018304368
160,135,0.0,0.0026573855
160,136,0.0,0.0022968533
160,137,0.0,0.002075221
160,138,0.0,0.0023924499
160,139,0.0,0.0018039718
160,140,0.0,0.0035333433
160,141,0.0,0.0016185739
160,142,0.0,0.0014947322
160,143,0.0,0.0032946826
160,144,0.165294918115163,0.0015716371
160,145,0.0,0.0023386423
160,146,0.0,0.0027791061
160,147,0.0,0.0027757506
160,148,0.161536686757463,0.0027521998
160,149,0.0,0.0019528833
160,150,0.0,0.003534609
160,151,0.0,0.0014802855
160,152,0.0,0.0014929501
160,153,0.0,0.002979693
160,154,-0.14504061055172,0.0019587362
160,155,0.0,0.0024883468
160,156,0.0,0.0025238413
160,157,0.0,0.003528825
160,158,0.0,0.0017361208
160,159,0.0,0.0022623152
160,160,0.0,0.030703487
160,161,0.0,0.0027004676
160,162,0.0,0.0024314504
160,163,0.157000678500345,0.0023983736
160,164,0.0,0.0016203076
160,165,0.0,0.0017131609
160,166,-0.158793902998182,0.0019068918
160,167,0.0,0.0025458303
160,168,0.0,0.0021290346
160,169,0.0,0.0014827168
160,170,0.0,0.0030133761
160,171,0.0,0.003568428
160,172,0.0,0.0026114592
160,173,0.0,0.0016086744
160,174,0.0,0.0027777473
160,175,0.0,0.0016342723
160,176,0.0,0.002688257
160,177,0.0,0.0019163257
160,178,0.0,0.0024170969
160,179,0.0,0.0033682422
160,180,0.0,0.002424067
160,181,0.157005054346995,0.0023456574
160,182,0.0,0.0014579399
160,183,0.0,0.0021470124
160,184,0.0,0.0019349153
160,185,0.154926215941978,0.0016048672
160,186,0.0,0.0023972644
160,187,0.0,0.0020385026
160,188,0.0,0.0020593945
160,189,0.0,0.0014905054
160,190,0.0,0.002676195
160,191,0.0,0.0024381
160,192,0.0,0.0021682167
160,193,0.0,0.0016023372
160,194,0.0,0.0014938205
160,195,0.0,0.0016038856
160,196,0.0,0.0025227433
160,197,0.0,0.002611998
160,198,0.0,0.0023064278
160,199,0.0,0.0034890496
160,200,0.0,0.0022380487
160,201,0.0,0.0014789063
160,202,0.0,0.0022985744
160,203,0.0,0.003252036
160,204,0.0,0.0018415935
160,205,0.0,0.0027279304
160,206,0.0,0.002046702
160,207,0.0,0.0032178322
160,208,-0.155797515164407,0.0027783155
160,209,0.0,0.0026418092
160,210,0.0,0.0023315619
160,211,0.0,0.0020425767
160,212,0.0,0.0017524543
160,213,0.0,0.002797185
160,214,0.160970765142101,0.0017597065
160,215,0.147072064795006,0.0015594219
160,216,0.0,0.001918646
160,217,0.0,0.0024358267
160,218,0.0,0.0014613946
160,219,0.0,0.0014905729
160,220,0.0,0.0029177177
160,221,0.0,0.002324801
160,222,0.0,0.0019208612
160,223,0.0,0.0021512005
160,224,0.0,0.0021127001
160,225,0.0,0.0029920428
160,226,0.0,0.0022059246
160,227,0.0,0.002385059
160,228,0.0,0.0014935452
160,229,0.0,0.0017971229
160,230,0.0,0.0014929757
160,231,0.0,0.0020784652
160,232,0.0,0.0022080531
160,233,0.0,0.0030220696
160,234,0.0,0.0015269001
160,235,0.0,0.002495694
160,236,0.0,0.0028781667
160,237,0.0,0.0016114968
160,238,0.0,0.0026055863
160,239,0.0,0.002576841
160,240,0.151773542259858,0.002400015
160,241,0.0,0.0027918
160,242,0.0,0.0028134757
160,243,0.0,0.0018075136
160,244,0.0,0.002068515
160,245,0.151156248919904,0.0022795969
160,246,0.0,0.003044222
160,247,0.0,0.0024016271
160,248,0.0,0.0014802027
160,249,0.0,0.002158327
160,250,0.0,0.0016280664
160,251,0.0,0.0026641767
160,252,0.0,0.0033156918
160,253,0.0,0.001484842
160,254,0.0,0.002435851
160,255,0.0,0.002403994
160,256,0.0,0.0024863165
160,257,0.0,0.0024160487
160,258,0.0,0.0026267767
160,259,0.0,0.0014803763
160,260,0.0,0.0017976882
160,261,0.0,0.002335175
160,262,0.0,0.0025734305
160,263,-0.144334755827933,0.002719191
160,264,0.0,0.0019301409
160,265,0.0,0.0025087716
160,266,0.0,0.0027096798
160,267,0.0,0.0027244296
160,268,0.0,0.0023555458
161,1,0.0,0.0019539078
161,2,0.0,0.002489511
161,3,0.0,0.0025322144
161,4,0.0,0.0027886322
161,5,0.0,0.0029908675
161,6,0.141805673160909,0.0023724
161,7,0.0,0.0015991852
161,8,0.0,0.002453188
161,9,0.0,0.0028438927
161,10,0.0,0.0026135696
161,11,0.0,0.0023633474
161,12,0.0,0.0024813414
161,13,0.0,0.0025411327
161,14,0.0,0.0033362173
161,15,0.0,0.0017623506
161,16,0.0,0.0018547098
161,17,0.0,0.002334904
161,18,0.0,0.0025922814
161,19,0.0,0.0025683925
161,20,0.0,0.0019930275
161,21,0.0,0.003541777
161,22,0.0,0.0026994045
161,23,0.0,0.0021861973
161,24,0.0,0.0030776574
161,25,0.0,0.002026409
161,26,0.0,0.003501338
161,27,0.0,0.0036179381
161,28,0.0,0.0025643418
161,29,0.0,0.0017304947
161,30,0.0,0.0025343536
161,31,0.0,0.0023877043
161,32,-0.139503231205213,0.001992776
161,33,0.0,0.0023961915
161,34,0.0,0.001980504
161,35,0.0,0.0027278312
161,36,0.155282422432963,0.0023079328
161,37,0.0,0.0016534021
161,38,0.0,0.0026861513
161,39,0.0,0.0030037048
161,40,0.0,0.0016206196
161,41,0.0,0.0025529661
161,42,0.0,0.0027930262
161,43,0.0,0.002835338
161,44,0.0,0.002494127
161,45,0.0,0.0024116742
161,46,0.0,0.002760225
161,47,0.0,0.0027817804
161,48,0.0,0.0030790796
161,49,0.0,0.0025696992
161,50,0.139935064057089,0.0026925593
161,51,0.0,0.0022493158
161,52,0.0,0.0025843596
161,53,0.0,0.0014990577
161,54,0.0,0.0015230454
161,55,0.0,0.0034142314
161,56,0.0,0.0017377418
161,57,0.0,0.003621066
161,58,0.0,0.002205892
161,59,0.0,0.002534145
161,60,0.0,0.002171971
161,61,0.0,0.001498628
161,62,0.0,0.0025944686
161,63,0.0,0.0016804133
161,64,-0.152281290762112,0.0027940893
161,65,0.0,0.0032256888
161,66,0.0,0.0024840273
161,67,0.0,0.0014743796
161,68,0.0,0.0023433147
161,69,0.0,0.0025032568
161,70,0.0,0.0024719648
161,71,0.0,0.003410886
161,72,0.0,0.001629727
161,73,0.0,0.0024168105
161,74,0.0,0.0033439952
161,75,0.0,0.0019159471
161,76,0.0,0.001870037
161,77,0.0,0.003406839
161,78,0.0,0.0014943602
161,79,0.0,0.0027772142
161,80,0.0,0.0025575748
161,81,0.0,0.0019030296
161,82,0.0,0.0023220135
161,83,0.0,0.0019064448
161,84,0.0,0.0025647534
161,85,0.0,0.0027792715
161,86,0.0,0.0015947153
161,87,0.15362536340805,0.0018254593
161,88,-0.146740483454813,0.0023811394
161,89,0.14077729948052,0.002955018
161,90,0.0,0.0027725343
161,91,0.0,0.003617411
161,92,0.0,0.0026863725
161,93,0.0,0.002689165
161,94,0.0,0.0025505573
161,95,0.0,0.002649705
161,96,-0.14865907161309,0.002232357
161,97,0.0,0.002640618
161,98,0.0,0.0019657752
161,99,0.0,0.002176268
161,100,0.0,0.0023976113
161,101,0.0,0.002242094
161,102,0.0,0.0027864478
161,103,0.156537197244765,0.002784425
161,104,0.0,0.0025948249
161,105,0.0,0.0026753084
161,106,0.0,0.0027017011
161,107,0.0,0.0016614627
161,108,0.0,0.0020903694
161,109,0.0,0.0016720695
161,110,0.0,0.0023658802
161,111,0.0,0.0025286432
161,112,0.0,0.001954244
161,113,0.0,0.002820786
161,114,0.0,0.003482489
161,115,0.0,0.0026804428
161,116,0.0,0.0034594834
161,117,0.0,0.002787814
161,118,0.0,0.003265909
161,119,0.0,0.0023540352
161,120,0.0,0.001998105
161,121,0.0,0.0015864098
161,122,0.0,0.0018606768
161,123,0.0,0.0024330872
161,124,0.0,0.002645568
161,125,0.0,0.0026138998
161,126,0.0,0.0014935862
161,127,0.0,0.0015421389
161,128,0.0,0.001531376
161,129,0.0,0.0015112474
161,130,0.0,0.0026255804
161,131,0.0,0.0031996034
161,132,0.0,0.001474096
161,133,0.0,0.0019740853
161,134,0.0,0.002255423
161,135,0.0,0.0036321902
161,136,0.0,0.0022455412
161,137,0.0,0.0034950199
161,138,0.0,0.0026013441
161,139,0.0,0.0025454038
161,140,0.0,0.0025123633
161,141,0.0,0.0035608476
161,142,0.0,0.0027758959
161,143,0.0,0.0014978168
161,144,0.0,0.0023205467
161,145,0.0,0.003519949
161,146,0.0,0.0024263016
161,147,0.0,0.0021984968
161,148,0.0,0.0028513074
161,149,0.0,0.0023594392
161,150,0.0,0.0017419145
161,151,0.0,0.0024928306
161,152,0.0,0.0031434293
161,153,0.0,0.0019458532
161,154,0.138375481092144,0.0014942097
161,155,0.0,0.0019089277
161,156,0.144335138939932,0.0026887706
161,157,0.0,0.0025026118
161,158,0.0,0.0031149052
161,159,0.140510300218934,0.0023375717
161,160,0.0,0.0027004676
161,161,0.0,0.030703487
161,162,0.0,0.002178934
161,163,0.0,0.0023471778
161,164,-0.133674772921499,0.0035126493
161,165,0.0,0.0024802415
161,166,0.0,0.0029046512
161,167,0.0,0.0015151151
161,168,0.0,0.0033303187
161,169,0.0,0.0022876933
161,170,0.0,0.0023118872
161,171,0.0,0.002732803
161,172,0.0,0.0026811245
161,173,0.0,0.0023632296
161,174,0.0,0.0017244075
161,175,0.0,0.0023641554
161,176,0.0,0.0016570915
161,177,0.0,0.0015023593
161,178,0.0,0.0026582894
161,179,0.0,0.0020695473
161,180,0.0,0.002977516
161,181,0.0,0.0016260734
161,182,0.0,0.002577867
161,183,0.0,0.0025917124
161,184,0.0,0.0023954613
161,185,0.0,0.0019178893
161,186,0.0,0.0022495757
161,187,0.148554836671468,0.0017746524
161,188,0.0,0.0024224888
161,189,0.0,0.0023793764
161,190,0.0,0.0027702055
161,191,0.0,0.0023898361
161,192,0.0,0.001633259
161,193,0.133548291782659,0.0014814036
161,194,0.0,0.0026311874
161,195,0.0,0.0023208736
161,196,0.0,0.0019575995
161,197,0.0,0.002540071
161,198,0.0,0.0022026626
161,199,0.0,0.0018694722
161,200,0.0,0.002788249
161,201,0.0,0.0027718078
161,202,0.0,0.002112282
161,203,0.0,0.0014941394
161,204,0.0,0.0025501694
161,205,0.0,0.0030713202
161,206,0.0,0.0019467929
161,207,0.0,0.0022628396
161,208,0.0,0.0025818879
161,209,0.0,0.0025663725
161,210,0.0,0.0028506755
161,211,0.0,0.0024169995
161,212,0.0,0.0022317488
161,213,0.0,0.002231168
161,214,0.0,0.0016862839
161,215,0.0,0.0025910274
161,216,0.0,0.0021283766
161,217,0.0,0.0015488993
161,218,0.0,0.002722158
161,219,0.0,0.001967433
161,220,0.0,0.0023294939
161,221,0.0,0.0027302145
161,222,0.0,0.0023876862
161,223,0.0,0.0021257284
161,224,0.0,0.0026130914
161,225,0.0,0.0031035417
161,226,0.0,0.0023342022
161,227,0.0,0.0020878064
161,228,0.0,0.0025865324
161,229,0.0,0.0017568455
161,230,0.0,0.0015730402
161,231,0.0,0.0015624464
161,232,0.0,0.0025290535
161,233,0.0,0.0027971016
161,234,0.0,0.0026969877
161,235,0.0,0.002677307
161,236,-0.128638670247128,0.0015176083
161,237,0.0,0.0022844402
161,238,0.0,0.0021580453
161,239,0.0,0.0019915337
161,240,0.0,0.0028820345
161,241,0.0,0.002666899
161,242,0.0,0.002777318
161,243,0.0,0.0016889772
161,244,0.0,0.002435302
161,245,0.0,0.0014688005
161,246,0.0,0.0016435147
161,247,0.0,0.0023842095
161,248,0.144957415041737,0.0023866137
161,249,0.0,0.0014918172
161,250,0.0,0.0024012784
161,251,0.0,0.0026432578
161,252,0.0,0.0019725338
161,253,0.0,0.0028265659
161,254,0.0,0.0014739968
161,255,0.0,0.0021560886
161,256,0.0,0.0024608583
161,257,0.0,0.0024124342
161,258,-0.138519889455029,0.0025873436
161,259,0.0,0.0023175934
161,260,0.0,0.0023390488
161,261,0.0,0.0027453266
161,262,0.0,0.0015811957
161,263,0.0,0.0014922991
161,264,0.0,0.0023890822
161,265,0.0,0.0026299064
161,266,0.0,0.0016413629
161,267,0.0,0.0027536564
161,268,0.0,0.0017422782
162,1,0.0,0.0030964124
162,2,0.15502851788447,0.002528681
162,3,0.0,0.0033130315
162,4,0.0,0.0026999936
162,5,0.0,0.0019385652
162,6,0.0,0.0034802938
162,7,0.0,0.0015309919
162,8,0.0,0.0034971246
162,9,0.0,0.0015757615
162,10,0.0,0.0024860883
162,11,0.0,0.0033524614
162,12,0.0,0.0025965683
162,13,0.0,0.0026048054
162,14,0.0,0.0014787419
162,15,0.146399662029888,0.0032909135
162,16,0.0,0.0017237137
162,17,0.0,0.0036177258
162,18,0.150714475430647,0.0036318642
162,19,0.0,0.0017766287
162,20,0.0,0.0014949678
162,21,0.0,0.0017655981
162,22,0.0,0.0016473364
162,23,0.0,0.0036084424
162,24,0.0,0.0018417458
162,25,0.0,0.0027539823
162,26,0.0,0.0033443058
162,27,0.0,0.0020984323
162,28,0.150428132181899,0.0018078098
162,29,0.0,0.0020109564
162,30,0.0,0.0021174848
162,31,0.0,0.0026305732
162,32,0.0,0.0017536473
162,33,0.0,0.002535155
162,34,0.145158130491027,0.0015164223
162,35,0.0,0.0017489577
162,36,0.0,0.002122505
162,37,0.0,0.00392026
162,38,0.0,0.002423009
162,39,0.0,0.0021286886
162,40,0.0,0.0026576733
162,41,0.0,0.0014845878
162,42,0.0,0.0017366973
162,43,0.0,0.0016193073
162,44,0.0,0.0018472429
162,45,0.0,0.0026005493
162,46,0.0,0.0034308243
162,47,0.0,0.004500963
162,48,0.0,0.0015412187
162,49,0.0,0.0026450292
162,50,0.0,0.0022981036
162,51,0.0,0.0014835172
162,52,0.0,0.0025273464
162,53,0.0,0.0025241603
162,54,0.0,0.0016414425
162,55,0.0,0.0017835614
162,56,0.0,0.003544705
162,57,0.0,0.0017951219
162,58,0.0,0.0024943948
162,59,0.0,0.0035264827
162,60,0.0,0.0026351553
162,61,0.0,0.0014912244
162,62,0.0,0.002439158
162,63,0.0,0.0018603732
162,64,0.0,0.0020528715
162,65,0.0,0.0027526561
162,66,0.0,0.0023992034
162,67,0.0,0.0015355768
162,68,0.0,0.0015715449
162,69,0.0,0.0022467454
162,70,0.0,0.0025291191
162,71,0.0,0.0015183659
162,72,0.141133595717784,0.0014866972
162,73,0.0,0.0019076802
162,74,0.0,0.0015062904
162,75,0.0,0.002068465
162,76,0.0,0.0021227645
162,77,0.0,0.002701472
162,78,0.0,0.0034077405
162,79,0.0,0.0017168047
162,80,0.0,0.0020609656
162,81,0.0,0.0024565277
162,82,0.0,0.001986552
162,83,0.0,0.0022914903
162,84,0.0,0.0019423468
162,85,0.0,0.0028971448
162,86,-0.14492568319852,0.002223339
162,87,0.0,0.0017715888
162,88,0.0,0.0018055602
162,89,0.0,0.0021936772
162,90,0.0,0.003456307
162,91,0.0,0.002262217
162,92,0.0,0.0024313391
162,93,0.147996521008602,0.0028027617
162,94,0.0,0.0025223931
162,95,0.0,0.0025410117
162,96,0.0,0.0034319418
162,97,-0.152578888319914,0.002583881
162,98,0.0,0.0025849664
162,99,0.0,0.0017606514
162,100,0.0,0.0021246495
162,101,0.0,0.0016568652
162,102,0.0,0.0025860458
162,103,0.0,0.0016799914
162,104,0.0,0.002228551
162,105,0.0,0.0014932449
162,106,0.0,0.0017414484
162,107,0.0,0.0038921717
162,108,0.0,0.0016545262
162,109,-0.157085334959799,0.0024189353
162,110,0.0,0.0014904141
162,111,0.0,0.0026208828
162,112,0.0,0.0031808512
162,113,0.0,0.0035373718
162,114,0.0,0.0014661839
162,115,-0.141311995627264,0.0023325281
162,116,0.0,0.0018036058
162,117,0.0,0.0025532842
162,118,0.0,0.0026044152
162,119,0.0,0.001840123
162,120,0.0,0.0031379582
162,121,0.0,0.0014875829
162,122,0.0,0.0018074997
162,123,0.0,0.001520671
162,124,0.0,0.0014749039
162,125,0.0,0.0018373574
162,126,0.0,0.0014625471
162,127,0.0,0.0016923584
162,128,0.0,0.0025753663
162,129,0.0,0.00232794
162,130,0.149590030987019,0.0024218746
162,131,0.0,0.0014686957
162,132,0.0,0.0016905591
162,133,-0.150651716642991,0.0019127894
162,134,0.0,0.0018806946
162,135,0.0,0.0032064817
162,136,0.139333880919371,0.002698204
162,137,0.0,0.0019545467
162,138,0.0,0.001752438
162,139,0.0,0.0014928649
162,140,0.0,0.002605867
162,141,-0.166137934682204,0.0015008524
162,142,0.0,0.0016234573
162,143,0.0,0.003587537
162,144,0.0,0.0029140366
162,145,0.0,0.0022592917
162,146,0.146361275670781,0.0029294384
162,147,0.0,0.0021904344
162,148,0.0,0.0019420148
162,149,0.0,0.0019755075
162,150,0.0,0.0014743572
162,151,0.0,0.0023232056
162,152,0.148779374985713,0.0025761663
162,153,0.0,0.0035932325
162,154,0.0,0.0014675232
162,155,0.0,0.0025875312
162,156,0.0,0.0026737466
162,157,0.0,0.0014780667
162,158,0.0,0.0017697867
162,159,0.145817561121153,0.0020441911
162,160,0.0,0.0024314504
162,161,0.0,0.002178934
162,162,0.0,0.030703487
162,163,0.0,0.002447321
162,164,0.0,0.0014933166
162,165,0.0,0.0018785838
162,166,0.0,0.0016549309
162,167,0.0,0.0017415723
162,168,0.0,0.0034468588
162,169,0.0,0.0017388766
162,170,0.0,0.0023683636
162,171,0.0,0.00363344
162,172,0.0,0.0024664644
162,173,-0.140038399530826,0.0027793203
162,174,0.0,0.0016957372
162,175,0.0,0.0026137466
162,176,0.0,0.0022023506
162,177,0.0,0.0016868715
162,178,0.0,0.0024368837
162,179,0.0,0.0031133397
162,180,0.0,0.0025134888
162,181,0.0,0.0023708013
162,182,0.0,0.0025522066
162,183,0.0,0.0014920887
162,184,0.0,0.0024524978
162,185,0.0,0.002347238
162,186,0.0,0.0024297745
162,187,0.0,0.0024003326
162,188,0.0,0.003573285
162,189,0.0,0.0015265178
162,190,0.0,0.002732623
162,191,0.0,0.0035275472
162,192,0.0,0.001516337
162,193,0.0,0.0015735081
162,194,0.0,0.0019812412
162,195,0.0,0.0023684343
162,196,0.0,0.0014990112
162,197,0.0,0.0025322307
162,198,0.0,0.0014839862
162,199,0.0,0.0019789655
162,200,0.0,0.0014676382
162,201,0.0,0.0026482004
162,202,0.0,0.002514813
162,203,0.0,0.0021251063
162,204,-0.157972994912817,0.0032127863
162,205,0.0,0.0017219661
162,206,0.0,0.0019117096
162,207,0.0,0.0035047433
162,208,0.0,0.0020264182
162,209,0.0,0.0020193066
162,210,0.0,0.002427088
162,211,0.0,0.0016312418
162,212,0.0,0.002097696
162,213,0.0,0.0024961815
162,214,0.0,0.0015392308
162,215,0.0,0.002022664
162,216,0.0,0.0029127179
162,217,0.0,0.002649208
162,218,0.0,0.0024872725
162,219,0.0,0.0018108226
162,220,0.0,0.0031036576
162,221,0.0,0.0025707195
162,222,0.0,0.0014936621
162,223,0.0,0.001483717
162,224,0.0,0.0016373303
162,225,0.0,0.0017948356
162,226,0.0,0.0023535336
162,227,0.0,0.0028701033
162,228,0.0,0.0014910907
162,229,0.0,0.001800843
162,230,0.0,0.0015609087
162,231,0.0,0.0019281311
162,232,0.0,0.002616024
162,233,0.0,0.002659937
162,234,-0.139777044809067,0.0030111047
162,235,0.0,0.0023085698
162,236,0.0,0.0024030008
162,237,0.0,0.0014709923
162,238,0.0,0.0014907545
162,239,0.0,0.0018271008
162,240,0.0,0.0016057906
162,241,0.0,0.0014617429
162,242,0.0,0.0031841388
162,243,0.0,0.0023515131
162,244,0.0,0.002648159
162,245,0.0,0.0027587744
162,246,0.0,0.0022982205
162,247,0.0,0.0023895525
162,248,0.0,0.0016975552
162,249,0.0,0.0014875969
162,250,0.0,0.0026343563
162,251,0.0,0.0014915932
162,252,0.0,0.003487307
162,253,0.0,0.0023742365
162,254,0.0,0.0014816462
162,255,0.0,0.002412031
162,256,0.0,0.001918891
162,257,0.0,0.002671917
162,258,0.0,0.0026483769
162,259,0.0,0.0027226964
162,260,0.0,0.0036233529
162,261,0.0,0.0025927853
162,262,0.0,0.0014937785
162,263,0.0,0.0023799976
162,264,0.0,0.0023858096
162,265,0.0,0.0016155979
162,266,0.0,0.0025727921
162,267,0.0,0.0016826037
162,268,0.0,0.0020212238
163,1,0.0,0.0017309459
163,2,0.0,0.0015033954
163,3,0.0,0.0024863607
163,4,-0.150039609512551,0.0027396427
163,5,0.0,0.00258742
163,6,0.0,0.003173322
163,7,0.0,0.0027661123
163,8,0.0,0.0023791813
163,9,0.0,0.0023542433
163,10,0.0,0.0024340074
163,11,0.0,0.002552717
163,12,0.0,0.0017084074
163,13,0.0,0.0027741315
163,14,0.0,0.0027562077
163,15,0.0,0.002760875
163,16,0.0,0.0018326929
163,17,0.0,0.0026061763
163,18,0.0,0.0020555053
163,19,0.0,0.0025368738
163,20,0.0,0.0016317442
163,21,0.146567851084094,0.0016370653
163,22,0.0,0.0023133028
163,23,0.0,0.0022540512
163,24,0.0,0.0035761362
163,25,0.0,0.0023086318
163,26,0.0,0.0025351453
163,27,0.0,0.0023728074
163,28,0.0,0.0027107643
163,29,0.0,0.0026074592
163,30,0.0,0.002774442
163,31,0.0,0.0024044658
163,32,0.0,0.0014964896
163,33,0.0,0.0022667004
163,34,0.0,0.0028146887
163,35,0.0,0.002596079
163,36,0.0,0.0032149437
163,37,0.0,0.0017567216
163,38,0.0,0.002757105
163,39,0.0,0.0015438842
163,40,0.0,0.0025401078
163,41,0.0,0.0023223963
163,42,0.139454471260065,0.0017526718
163,43,-0.146762079491017,0.0019948906
163,44,0.0,0.0020343582
163,45,0.0,0.0023124623
163,46,0.0,0.0035338425
163,47,0.0,0.0019599646
163,48,0.0,0.0016798582
163,49,0.0,0.0025245333
163,50,0.0,0.002448718
163,51,0.0,0.0030756122
163,52,0.0,0.002570386
163,53,0.0,0.0024174685
163,54,0.0,0.0019638287
163,55,0.0,0.0028279633
163,56,0.0,0.00274252
163,57,0.0,0.0023007747
163,58,0.0,0.003083717
163,59,0.0,0.0019868314
163,60,0.0,0.0026008645
163,61,0.0,0.002727375
163,62,0.0,0.0015008734
163,63,0.0,0.0023354278
163,64,0.0,0.0014909264
163,65,0.0,0.0031009358
163,66,0.0,0.0024590697
163,67,0.0,0.0020363666
163,68,0.0,0.0017954586
163,69,0.0,0.0024368959
163,70,0.0,0.0016681468
163,71,0.0,0.0021066777
163,72,0.0,0.0025550672
163,73,0.0,0.0034168866
163,74,0.144553706800922,0.0024033934
163,75,0.137014601789905,0.002789158
163,76,0.0,0.0016225986
163,77,-0.149043760124489,0.0024368158
163,78,0.0,0.0021711593
163,79,0.0,0.002321573
163,80,0.0,0.0027611824
163,81,0.149460498802574,0.0027010068
163,82,0.0,0.0028360868
163,83,0.0,0.0026191757
163,84,0.0,0.0031187031
163,85,0.0,0.0021840069
163,86,0.0,0.002671829
163,87,0.0,0.0020747846
163,88,0.0,0.0016452596
163,89,0.0,0.0026494246
163,90,0.0,0.0022129896
163,91,-0.146652081914616,0.002523703
163,92,0.0,0.0023831455
163,93,0.0,0.0018618423
163,94,0.0,0.0027547535
163,95,0.0,0.002280871
163,96,-0.151214397123082,0.0027878177
163,97,0.0,0.0035221158
163,98,0.0,0.0015208544
163,99,0.0,0.0016001035
163,100,0.0,0.0020682146
163,101,0.0,0.0030781678
163,102,0.0,0.0014895173
163,103,0.0,0.003033773
163,104,0.0,0.0024081147
163,105,0.0,0.0021986202
163,106,0.0,0.0034983964
163,107,0.0,0.0034154435
163,108,0.0,0.0027019177
163,109,0.0,0.0026857331
163,110,0.0,0.0032459288
163,111,0.0,0.0031623682
163,112,0.0,0.002306566
163,113,0.0,0.0027170195
163,114,0.0,0.0023892885
163,115,0.0,0.002979042
163,116,0.0,0.002675837
163,117,0.0,0.0015992252
163,118,0.0,0.002599135
163,119,0.0,0.0016335165
163,120,0.0,0.0024409946
163,121,0.0,0.0024556527
163,122,0.0,0.002169088
163,123,0.0,0.0021169134
163,124,0.0,0.003141638
163,125,0.0,0.0023478083
163,126,0.0,0.0035971473
163,127,0.146947626834566,0.0018872428
163,128,0.0,0.0035471958
163,129,0.0,0.0031926893
163,130,-0.14662320545026,0.0035481704
163,131,0.0,0.0022200863
163,132,0.0,0.0021507945
163,133,0.0,0.0029527913
163,134,0.0,0.0023655286
163,135,0.0,0.0017327443
163,136,0.0,0.0021621478
163,137,0.0,0.0035961894
163,138,0.0,0.002330874
163,139,0.0,0.0020739585
163,140,0.0,0.0023070788
163,141,0.0,0.0024387105
163,142,0.150917135658992,0.0014848402
163,143,0.0,0.0023278412
163,144,0.0,0.0021289778
163,145,0.0,0.002647834
163,146,0.0,0.002608798
163,147,0.0,0.0023244102
163,148,0.0,0.0033914861
163,149,0.0,0.003014692
163,150,-0.139525915507829,0.002403372
163,151,0.0,0.0027698837
163,152,0.0,0.002552976
163,153,0.0,0.0020994218
163,154,0.0,0.003259868
163,155,0.0,0.0034843152
163,156,0.0,0.0023261243
163,157,0.0,0.0025127917
163,158,0.0,0.0028031622
163,159,0.0,0.0016886601
163,160,0.0,0.0023983736
163,161,0.0,0.0023471778
163,162,0.0,0.002447321
163,163,0.0,0.030703487
163,164,0.0,0.0018610498
163,165,0.0,0.0021075131
163,166,0.0,0.0026107966
163,167,0.0,0.0034017004
163,168,0.0,0.0018162914
163,169,0.0,0.003354872
163,170,0.0,0.0027737324
163,171,0.0,0.0036328551
163,172,0.0,0.0023770635
163,173,0.148594617141015,0.0033051139
163,174,0.0,0.0033652103
163,175,0.0,0.0018091057
163,176,0.0,0.0026485967
163,177,0.0,0.0024721706
163,178,0.0,0.0036310526
163,179,0.158051296538306,0.001492057
163,180,0.0,0.002425354
163,181,0.157780738614629,0.0018834588
163,182,0.0,0.0023454786
163,183,-0.155042901330148,0.0014921976
163,184,0.0,0.0016485951
163,185,0.0,0.0031816345
163,186,0.0,0.0023340927
163,187,-0.161643264592366,0.0014938917
163,188,0.0,0.002611409
163,189,0.0,0.0027296012
163,190,0.0,0.0026108096
163,191,0.0,0.0027973126
163,192,0.0,0.0017340742
163,193,0.0,0.002692801
163,194,0.0,0.0025666044
163,195,0.0,0.0025875354
163,196,0.0,0.002369482
163,197,0.0,0.0025322898
163,198,0.0,0.0026143212
163,199,0.0,0.003590881
163,200,0.0,0.0027681645
163,201,0.0,0.001665053
163,202,0.0,0.0015957621
163,203,0.0,0.0025051823
163,204,0.0,0.0025393795
163,205,0.0,0.0023605693
163,206,0.164509550762805,0.0028659767
163,207,0.0,0.003469855
163,208,0.0,0.001644759
163,209,0.0,0.0023897192
163,210,0.0,0.0031741736
163,211,0.0,0.0027812854
163,212,0.0,0.0022951718
163,213,0.0,0.0024437276
163,214,0.0,0.002662668
163,215,0.0,0.0021728328
163,216,0.0,0.0023768074
163,217,0.0,0.0017163036
163,218,0.0,0.0029874654
163,219,0.0,0.0027928674
163,220,0.0,0.0015130113
163,221,0.0,0.0016911104
163,222,0.0,0.0018604295
163,223,0.165214614223643,0.002726161
163,224,0.0,0.0032310076
163,225,0.0,0.002094178
163,226,0.0,0.0034745298
163,227,0.154240366230623,0.0022447007
163,228,0.0,0.0024663373
163,229,0.0,0.0023889504
163,230,0.0,0.0024411771
163,231,0.0,0.0031159543
163,232,0.0,0.0030182493
163,233,0.0,0.0024553807
163,234,0.0,0.0022525308
163,235,0.145458901533928,0.0036329827
163,236,0.0,0.0028053815
163,237,0.0,0.0027808035
163,238,0.0,0.0018528998
163,239,0.0,0.0024246848
163,240,0.0,0.0034233104
163,241,0.0,0.0028042733
163,242,0.0,0.0024684248
163,243,0.0,0.0035164235
163,244,-0.153763503581981,0.0020744274
163,245,0.0,0.0027526254
163,246,0.0,0.0025910218
163,247,0.0,0.0014939397
163,248,0.0,0.0036246632
163,249,0.0,0.0035082023
163,250,0.0,0.0028038374
163,251,0.0,0.0025620423
163,252,0.0,0.0027163564
163,253,0.0,0.0024946574
163,254,0.0,0.0027223178
163,255,0.0,0.002373993
163,256,0.0,0.0016425028
163,257,0.0,0.0027326401
163,258,0.0,0.0026960452
163,259,0.0,0.0022965847
163,260,0.0,0.0024359021
163,261,0.0,0.0024202378
163,262,0.0,0.0027999985
163,263,-0.145047842421446,0.003355511
163,264,0.0,0.00156382
163,265,0.0,0.0017895214
163,266,0.0,0.0018838001
163,267,0.0,0.0023390655
163,268,0.0,0.0022494132
164,1,0.0,0.002780904
164,2,0.0,0.003456647
164,3,0.0,0.0023401603
164,4,0.0,0.0024985196
164,5,0.0,0.0024324702
164,6,0.0,0.0025232076
164,7,0.0,0.0024847495
164,8,0.0,0.0028910618
164,9,0.0,0.0024862015
164,10,0.157588432416105,0.0027483338
164,11,0.0,0.0025359415
164,12,0.151377865535503,0.002794657
164,13,0.149133912871342,0.0027562683
164,14,0.0,0.0014763623
164,15,0.0,0.0016450598
164,16,0.0,0.002780687
164,17,0.0,0.0023389435
164,18,0.0,0.002796499
164,19,0.0,0.0017374791
164,20,0.0,0.0020008772
164,21,0.0,0.0021937941
164,22,0.0,0.0019829343
164,23,0.0,0.0023342902
164,24,0.0,0.001963554
164,25,0.0,0.0025040084
164,26,0.0,0.0031853672
164,27,0.0,0.0014641555
164,28,0.0,0.0021391707
164,29,0.0,0.0019767703
164,30,0.0,0.002152238
164,31,0.0,0.0016791844
164,32,0.0,0.003059573
164,33,0.0,0.0026007467
164,34,0.0,0.0020447327
164,35,0.0,0.0023510251
164,36,0.0,0.0022655763
164,37,0.0,0.0017399518
164,38,0.0,0.0022751205
164,39,0.0,0.0025660833
164,40,0.158261594804351,0.0016951384
164,41,0.0,0.0035170238
164,42,0.0,0.0027769827
164,43,0.0,0.00254437
164,44,0.0,0.0020490508
164,45,0.0,0.0028315126
164,46,0.0,0.002541623
164,47,0.0,0.0020680362
164,48,0.0,0.0035857465
164,49,0.0,0.0026845918
164,50,0.0,0.0016445993
164,51,0.0,0.0014698985
164,52,0.0,0.003495738
164,53,0.0,0.0016311556
164,54,0.0,0.00162959
164,55,0.166097041502851,0.0017402866
164,56,0.0,0.0026031062
164,57,0.0,0.001995009
164,58,0.160735616891157,0.0024265014
164,59,0.0,0.0024106018
164,60,0.0,0.002398008
164,61,0.0,0.0014913236
164,62,0.154561137565417,0.0022841878
164,63,-0.158123028938259,0.0024033142
164,64,0.0,0.0027101026
164,65,0.0,0.0020855023
164,66,0.0,0.0014971094
164,67,0.0,0.0016936329
164,68,0.0,0.0035781716
164,69,0.0,0.0023390357
164,70,0.0,0.0036306814
164,71,0.0,0.0024687862
164,72,0.0,0.0014933236
164,73,0.0,0.002302623
164,74,0.0,0.0014755661
164,75,0.0,0.001493447
164,76,0.0,0.0015003141
164,77,0.0,0.0025973408
164,78,0.0,0.0014857198
164,79,0.0,0.0014957744
164,80,0.0,0.0023117405
164,81,0.0,0.0023888042
164,82,0.0,0.003204693
164,83,-0.174334980894011,0.0024339557
164,84,0.0,0.0022937558
164,85,0.0,0.0028102826
164,86,0.0,0.0027721156
164,87,0.0,0.0017300257
164,88,0.0,0.0025587063
164,89,0.0,0.001656529
164,90,0.0,0.0017942386
164,91,0.0,0.0014978643
164,92,0.0,0.0028925878
164,93,0.0,0.0033045174
164,94,0.0,0.0023914105
164,95,0.0,0.0025256402
164,96,0.0,0.0023801439
164,97,0.0,0.0016996409
164,98,0.0,0.00164726
164,99,0.0,0.0023728982
164,100,0.0,0.0016205125
164,101,0.0,0.0023116735
164,102,0.0,0.0018839915
164,103,0.0,0.0019249786
164,104,0.0,0.0020000003
164,105,0.0,0.0017200918
164,106,0.0,0.002576881
164,107,0.0,0.0037955474
164,108,0.0,0.0018955227
164,109,0.0,0.0017081662
164,110,0.0,0.0016174829
164,111,0.0,0.0018429724
164,112,0.0,0.0016782428
164,113,0.0,0.0023327903
164,114,0.0,0.00217498
164,115,0.149580582350571,0.0023993193
164,116,0.0,0.0016623978
164,117,0.0,0.0024641217
164,118,0.153850554461483,0.0025056247
164,119,0.0,0.0035003852
164,120,0.0,0.0021820255
164,121,0.0,0.0018594847
164,122,0.0,0.0026115375
164,123,0.0,0.0016924231
164,124,0.0,0.002114107
164,125,0.0,0.002384149
164,126,0.0,0.0022993973
164,127,0.0,0.0014770064
164,128,0.0,0.0017332286
164,129,0.0,0.0021479917
164,130,0.0,0.0029241703
164,131,0.0,0.0024455003
164,132,0.0,0.0020998362
164,133,0.0,0.002461514
164,134,0.0,0.0025055357
164,135,0.0,0.0015888559
164,136,0.0,0.002393946
164,137,0.0,0.0025900537
164,138,0.0,0.0028790561
164,139,0.0,0.0014914926
164,140,0.0,0.001675671
164,141,0.0,0.0014859019
164,142,-0.162980139945085,0.0016997494
164,143,0.0,0.0036256583
164,144,0.0,0.0026265546
164,145,0.0,0.0021051695
164,146,0.0,0.0029829754
164,147,0.0,0.0026765685
164,148,0.0,0.0025901068
164,149,0.157475309598147,0.0015764823
164,150,0.0,0.0021005608
164,151,-0.165022965248328,0.002584206
164,152,0.0,0.0026917472
164,153,0.0,0.0035915477
164,154,0.0,0.0014622547
164,155,-0.176534457018584,0.0018810919
164,156,0.0,0.0023140293
164,157,0.0,0.0029608961
164,158,0.162139201880242,0.0018151524
164,159,0.0,0.0023378427
164,160,0.0,0.0016203076
164,161,0.0,0.0035126493
164,162,0.0,0.0014933166
164,163,0.0,0.0018610498
164,164,0.0,0.030703487
164,165,0.0,0.002520788
164,166,0.0,0.001694222
164,167,0.0,0.0027091848
164,168,0.0,0.003178189
164,169,0.0,0.0018473556
164,170,0.0,0.0022922847
164,171,0.0,0.0029424354
164,172,0.0,0.0023814728
164,173,0.0,0.0019510644
164,174,0.0,0.0020517576
164,175,0.0,0.0017879605
164,176,0.0,0.0018456657
164,177,0.0,0.0017105513
164,178,0.0,0.0023531425
164,179,0.0,0.0033975476
164,180,0.0,0.0034254687
164,181,0.0,0.0024814773
164,182,0.0,0.002468313
164,183,0.0,0.0024972488
164,184,0.14017305817311,0.0014781179
164,185,0.0,0.0030012974
164,186,0.0,0.0027461639
164,187,0.0,0.0034163846
164,188,0.0,0.0024733483
164,189,0.0,0.0031194012
164,190,0.0,0.002505043
164,191,0.0,0.0026145838
164,192,0.0,0.0015801713
164,193,0.0,0.0021498832
164,194,0.0,0.002718904
164,195,0.0,0.0028144172
164,196,0.0,0.0017956616
164,197,0.0,0.00258801
164,198,0.0,0.0014858991
164,199,0.0,0.0026201154
164,200,0.0,0.001492877
164,201,0.0,0.001630249
164,202,0.0,0.0019545457
164,203,-0.142633464359782,0.0024627345
164,204,0.0,0.001501889
164,205,0.0,0.0019489061
164,206,0.0,0.0015226919
164,207,-0.137882689616754,0.001999897
164,208,0.0,0.0021994617
164,209,0.0,0.0027664779
164,210,0.0,0.0024996763
164,211,0.13809424083962,0.0015834146
164,212,0.0,0.0015311823
164,213,0.0,0.0035545384
164,214,0.0,0.0025804508
164,215,0.0,0.0030923863
164,216,0.0,0.0024290183
164,217,0.0,0.0014784904
164,218,0.0,0.0020659957
164,219,0.0,0.0017835754
164,220,0.0,0.0017413385
164,221,0.0,0.0023161215
164,222,0.0,0.0014939993
164,223,0.0,0.001467594
164,224,0.0,0.0024041105
164,225,0.0,0.0016308785
164,226,0.0,0.0024124533
164,227,0.0,0.002694143
164,228,0.0,0.0021281876
164,229,0.0,0.0015280228
164,230,0.0,0.0023196386
164,231,0.0,0.0022898181
164,232,0.0,0.0015514013
164,233,0.0,0.0022796458
164,234,0.0,0.0026713973
164,235,0.0,0.001811584
164,236,-0.129038929104195,0.0029934389
164,237,0.13772978402779,0.001488056
164,238,0.0,0.0024434486
164,239,0.0,0.0020010704
164,240,0.0,0.002552682
164,241,0.0,0.0014930367
164,242,0.0,0.0030802004
164,243,0.0,0.002581798
164,244,0.141752803668251,0.0025807992
164,245,0.0,0.0014934489
164,246,0.0,0.002613877
164,247,0.0,0.0017542783
164,248,0.0,0.0025861352
164,249,0.0,0.0018972456
164,250,0.0,0.0021911534
164,251,0.0,0.0015914147
164,252,0.0,0.0017595743
164,253,0.136793788333826,0.0014895229
164,254,0.0,0.0014825226
164,255,0.0,0.0023775809
164,256,0.0,0.0024503325
164,257,0.0,0.002705101
164,258,0.0,0.0026137666
164,259,0.0,0.0016142139
164,260,0.0,0.0022157216
164,261,0.0,0.0024260138
164,262,0.0,0.0014782781
164,263,0.0,0.0023289635
164,264,0.0,0.002893671
164,265,0.0,0.0017415881
164,266,0.0,0.0025125807
164,267,0.0,0.0019852757
164,268,0.0,0.0016517979
165,1,0.0,0.0023175972
165,2,0.0,0.002417867
165,3,0.0,0.0021885112
165,4,0.0,0.0016859006
165,5,-0.131581377765634,0.0034984057
165,6,-0.144317062855541,0.0017717374
165,7,0.0,0.0025408901
165,8,0.0,0.0033443864
165,9,0.0,0.0035263672
165,10,0.0,0.0016940921
165,11,0.0,0.002554589
165,12,0.0,0.0021795412
165,13,0.0,0.0024709348
165,14,0.0,0.0015167296
165,15,0.0,0.0021034
165,16,0.0,0.0024498915
165,17,0.0,0.0027321158
165,18,0.0,0.0034879888
165,19,0.0,0.003550456
165,20,0.0,0.0024636919
165,21,0.0,0.0014923532
165,22,0.0,0.001525857
165,23,0.0,0.002636999
165,24,0.0,0.0029482357
165,25,0.0,0.0022343146
165,26,0.0,0.0021245135
165,27,-0.14474964730808,0.0031605372
165,28,0.0,0.0035133888
165,29,0.0,0.0036033704
165,30,0.0,0.002059414
165,31,0.0,0.0024320758
165,32,0.0,0.0015528109
165,33,0.0,0.0018851007
165,34,0.0,0.0023748418
165,35,0.0,0.0018377593
165,36,0.0,0.0030998592
165,37,0.0,0.003266871
165,38,0.0,0.0029030447
165,39,0.0,0.002028259
165,40,0.0,0.0022089416
165,41,-0.151647938217757,0.0024163518
165,42,0.0,0.0016181706
165,43,0.0,0.0026069144
165,44,0.0,0.0033009732
165,45,0.0,0.00246982
165,46,0.0,0.0024055461
165,47,0.0,0.0027866536
165,48,0.0,0.0015850891
165,49,0.0,0.0024946458
165,50,0.0,0.0024229395
165,51,0.0,0.0024305326
165,52,0.0,0.0018179151
165,53,0.0,0.0026372601
165,54,0.0,0.0017048926
165,55,-0.15388210342589,0.003030274
165,56,0.0,0.002749255
165,57,0.0,0.002182535
165,58,0.0,0.0023167175
165,59,0.0,0.0014775973
165,60,0.0,0.0024310234
165,61,0.0,0.0014663148
165,62,0.0,0.002799105
165,63,0.0,0.00307957
165,64,0.0,0.0015904694
165,65,0.0,0.00208954
165,66,-0.141034796083681,0.001968267
165,67,0.0,0.0015875995
165,68,0.0,0.0029012566
165,69,0.0,0.003345909
165,70,0.0,0.0016871616
165,71,0.0,0.0036304086
165,72,0.0,0.0014996422
165,73,0.0,0.0022499063
165,74,0.0,0.0014684284
165,75,0.0,0.0030836444
165,76,0.0,0.002536336
165,77,0.0,0.002255146
165,78,0.0,0.0016663922
165,79,0.163546802084607,0.0018753256
165,80,0.0,0.0021079732
165,81,0.0,0.0021362696
165,82,0.0,0.003247445
165,83,0.0,0.0032693413
165,84,0.0,0.0032103658
165,85,0.0,0.0032853344
165,86,0.0,0.0025841193
165,87,0.0,0.0017132433
165,88,0.0,0.0023515476
165,89,0.0,0.0029699039
165,90,0.0,0.0020560431
165,91,0.0,0.0016077491
165,92,0.0,0.002482195
165,93,0.0,0.002204461
165,94,0.0,0.0024563465
165,95,0.0,0.0017724624
165,96,0.0,0.0030372282
165,97,0.0,0.0017495248
165,98,0.0,0.0033538248
165,99,0.0,0.0026271427
165,100,0.0,0.0017141784
165,101,0.0,0.0025663958
165,102,0.0,0.002183944
165,103,0.0,0.0015466241
165,104,0.138032703115797,0.0017636637
165,105,0.0,0.002355944
165,106,0.0,0.003556543
165,107,0.0,0.0015448686
165,108,0.0,0.003544793
165,109,0.0,0.0021483367
165,110,0.136991715461827,0.0021605976
165,111,0.0,0.0022884407
165,112,0.156373426476193,0.0019687433
165,113,0.155695048026255,0.002279385
165,114,0.0,0.0027866727
165,115,0.0,0.0029836083
165,116,0.132943451285887,0.0026609194
165,117,0.0,0.0020435597
165,118,0.0,0.0027568927
165,119,0.0,0.0028079944
165,120,0.0,0.0027880515
165,121,0.0,0.001471322
165,122,0.0,0.0034889095
165,123,0.0,0.0020942288
165,124,0.0,0.003539279
165,125,0.0,0.0023763813
165,126,0.0,0.0032608015
165,127,0.0,0.0015921905
165,128,0.0,0.0035188692
165,129,0.0,0.0023210282
165,130,0.0,0.0032028942
165,131,0.0,0.0020283088
165,132,0.0,0.0025878092
165,133,0.0,0.0021987418
165,134,0.0,0.0029614153
165,135,0.0,0.0024672966
165,136,0.0,0.0034239911
165,137,0.145304009664254,0.0021553133
165,138,0.0,0.0028766366
165,139,0.0,0.0020647384
165,140,0.0,0.002339549
165,141,0.0,0.002466674
165,142,0.0,0.0028502531
165,143,0.0,0.0025114273
165,144,0.0,0.002572433
165,145,0.0,0.0030614324
165,146,0.0,0.0024480424
165,147,0.0,0.0025335904
165,148,0.0,0.0017609089
165,149,0.0,0.003029733
165,150,0.0,0.0014942819
165,151,0.0,0.00313413
165,152,0.0,0.0017577545
165,153,0.0,0.0022833566
165,154,0.140826121813761,0.0020703939
165,155,0.163551941246952,0.0030081193
165,156,0.0,0.0036232574
165,157,0.0,0.0017142566
165,158,0.150215327180877,0.0023896578
165,159,0.0,0.0023913044
165,160,0.0,0.0017131609
165,161,0.0,0.0024802415
165,162,0.0,0.0018785838
165,163,-0.142696364714917,0.0021075131
165,164,0.0,0.002520788
165,165,-0.0638428118545562,0.030703487
165,166,0.0,0.00148369
165,167,0.0,0.002352702
165,168,0.0,0.0024134396
165,169,0.145511286806499,0.0016617482
165,170,-0.156715977556435,0.0034727058
165,171,0.0,0.0025654272
165,172,0.0,0.0025838297
165,173,0.0,0.002771269
165,174,0.0,0.002382747
165,175,0.0,0.0025223093
165,176,0.0,0.0018777754
165,177,0.0,0.0022977474
165,178,0.0,0.0016272487
165,179,0.0,0.0034790551
165,180,0.0,0.0018036952
165,181,0.0,0.0025134347
165,182,0.0,0.002448841
165,183,0.0,0.0035526385
165,184,0.0,0.0024396232
165,185,0.0,0.0024106908
165,186,0.0,0.0019771787
165,187,0.162642519387242,0.0020540045
165,188,0.0,0.0032012518
165,189,0.0,0.0017260062
165,190,0.160638902373905,0.0026113982
165,191,0.0,0.002587183
165,192,0.0,0.0026776018
165,193,0.0,0.0018969919
165,194,0.0,0.003066531
165,195,0.0,0.0024996996
165,196,0.0,0.0016676183
165,197,0.0,0.0016423464
165,198,0.0,0.0022886866
165,199,0.0,0.0035873586
165,200,0.0,0.0025445144
165,201,0.0,0.0031745373
165,202,0.0,0.0035372954
165,203,0.0,0.0015074788
165,204,0.0,0.0030898964
165,205,-0.143916543986384,0.0019432735
165,206,0.0,0.0016556191
165,207,0.0,0.0024168203
165,208,0.0,0.0023942157
165,209,0.0,0.0023868158
165,210,0.0,0.002758321
165,211,0.0,0.0024559265
165,212,0.0,0.0023133596
165,213,0.0,0.00266608
165,214,0.162766055810871,0.002275779
165,215,0.0,0.0026647616
165,216,0.0,0.002472567
165,217,0.0,0.0026644804
165,218,0.0,0.0017690863
165,219,0.0,0.0027807509
165,220,0.0,0.0026308838
165,221,0.0,0.0024791807
165,222,0.0,0.0014841761
165,223,0.0,0.002308967
165,224,0.0,0.0020426675
165,225,0.157566826294937,0.002576354
165,226,-0.147921799674898,0.0025617424
165,227,0.0,0.0034357305
165,228,0.0,0.0023365412
165,229,0.0,0.0023193476
165,230,0.0,0.0026883325
165,231,0.0,0.001892427
165,232,0.0,0.0019919425
165,233,0.0,0.0025195442
165,234,0.0,0.002621728
165,235,0.0,0.0023377547
165,236,0.0,0.0014844509
165,237,-0.150323180271288,0.0016451953
165,238,0.0,0.0016988739
165,239,0.156525446565585,0.0018223524
165,240,0.0,0.0015581469
165,241,-0.153045838302334,0.0024240757
165,242,0.162412720089848,0.0023191948
165,243,0.0,0.0023832591
165,244,0.0,0.0027626837
165,245,0.0,0.0026427787
165,246,0.0,0.003617377
165,247,0.0,0.0027723922
165,248,0.0,0.002696285
165,249,0.0,0.0014790469
165,250,0.0,0.0015296964
165,251,0.0,0.0017367485
165,252,-0.1587576523604,0.0018680603
165,253,0.0,0.0026195934
165,254,0.0,0.002359307
165,255,0.0,0.0018976349
165,256,0.0,0.002700522
165,257,0.0,0.0035055731
165,258,0.0,0.0024120235
165,259,0.0,0.0016674027
165,260,0.0,0.0027529672
165,261,0.0,0.0018532448
165,262,0.0,0.0018800977
165,263,0.0,0.001542103
165,264,0.0,0.0030084439
165,265,0.0,0.0019680075
165,266,0.0,0.0024748067
165,267,0.0,0.0026337407
165,268,0.0,0.0026204046
166,1,0.0,0.0014806953
166,2,0.0,0.0035255905
166,3,-0.165906072801544,0.0024556443
166,4,0.0,0.00241085
166,5,0.0,0.0024302062
166,6,0.0,0.0023515555
166,7,0.158291515017312,0.0023907032
166,8,0.0,0.0014811326
166,9,0.153518398285269,0.0018947218
166,10,0.0,0.0029451195
166,11,0.165233407178373,0.0022953083
166,12,0.0,0.00260968
166,13,0.0,0.0025970968
166,14,0.0,0.001711511
166,15,0.0,0.0014585173
166,16,0.0,0.001648956
166,17,0.0,0.0036050566
166,18,0.0,0.0034975843
166,19,0.0,0.003465291
166,20,0.0,0.0026546614
166,21,0.0,0.0021356419
166,22,0.0,0.0019256235
166,23,0.0,0.0024814242
166,24,0.0,0.0026837937
166,25,0.0,0.0018367446
166,26,0.0,0.001479907
166,27,0.0,0.0014804555
166,28,0.159909958022422,0.0034697927
166,29,0.0,0.0016517332
166,30,0.0,0.0023803292
166,31,0.0,0.0028157393
166,32,0.0,0.0021882085
166,33,0.0,0.0015150066
166,34,0.0,0.002625235
166,35,0.0,0.0016030134
166,36,0.0,0.0018628472
166,37,0.150457038367102,0.0016168337
166,38,0.0,0.0014782436
166,39,0.0,0.0035934825
166,40,0.0,0.002800155
166,41,0.0,0.0035002558
166,42,0.0,0.0017041061
166,43,0.0,0.003303586
166,44,0.0,0.002047469
166,45,0.0,0.0034784148
166,46,0.0,0.002523024
166,47,0.0,0.0016827099
166,48,0.0,0.0016454007
166,49,0.0,0.002603828
166,50,0.0,0.0020638844
166,51,0.0,0.0022083465
166,52,0.0,0.0018881429
166,53,0.0,0.0031114952
166,54,0.151128179295878,0.0020004567
166,55,0.166806186257697,0.0018715868
166,56,0.0,0.0027497192
166,57,-0.160574339647826,0.0015532188
166,58,0.0,0.0023191278
166,59,0.0,0.0015571392
166,60,0.0,0.0025372212
166,61,0.0,0.002177379
166,62,0.0,0.0025054822
166,63,0.0,0.0029544784
166,64,0.0,0.0016643852
166,65,0.194762563130567,0.0024288786
166,66,0.152879873231527,0.0014575804
166,67,0.0,0.0033741724
166,68,0.0,0.002509708
166,69,0.0,0.002051548
166,70,0.0,0.0017207651
166,71,0.0,0.0024179844
166,72,0.0,0.0014870539
166,73,0.0,0.0018544877
166,74,0.0,0.0014717183
166,75,0.0,0.001920823
166,76,0.0,0.0029932265
166,77,0.0,0.0016951403
166,78,0.0,0.0027486994
166,79,0.0,0.001720578
166,80,0.0,0.0020908392
166,81,0.0,0.001581403
166,82,0.0,0.0021518832
166,83,0.0,0.0018123165
166,84,0.0,0.0035308409
166,85,0.0,0.00241241
166,86,0.0,0.0020069839
166,87,0.0,0.0022677872
166,88,0.0,0.0015638801
166,89,0.15530332164839,0.0026069395
166,90,0.0,0.0016455683
166,91,-0.159050347150585,0.0023610848
166,92,0.0,0.0034934566
166,93,0.0,0.0015781447
166,94,0.0,0.0014955681
166,95,0.152659719699677,0.0026098005
166,96,0.0,0.0017956272
166,97,0.0,0.0023375018
166,98,0.0,0.0027828082
166,99,0.0,0.0027305605
166,100,0.0,0.002222641
166,101,0.0,0.0036314456
166,102,0.0,0.0015372736
166,103,0.172689395118034,0.0024035876
166,104,0.0,0.0020117676
166,105,0.0,0.0018603513
166,106,0.0,0.0019083717
166,107,0.0,0.0026523825
166,108,0.0,0.0019942229
166,109,0.0,0.0027313544
166,110,0.0,0.0018864418
166,111,0.0,0.0017783991
166,112,0.0,0.0015863832
166,113,0.0,0.0014878353
166,114,0.0,0.0017650905
166,115,0.0,0.0019386355
166,116,0.0,0.0023320108
166,117,0.0,0.0016886336
166,118,0.0,0.0019633202
166,119,0.0,0.0017952137
166,120,0.0,0.0026129722
166,121,0.0,0.0022804774
166,122,0.0,0.0023628417
166,123,0.0,0.0025495328
166,124,0.0,0.0017464617
166,125,0.0,0.003079718
166,126,0.0,0.0017110412
166,127,0.0,0.002734759
166,128,0.0,0.0025754743
166,129,0.0,0.0023372937
166,130,0.0,0.002058636
166,131,0.0,0.0025389506
166,132,-0.159522164995491,0.003027822
166,133,0.0,0.0023579835
166,134,0.0,0.002528979
166,135,0.0,0.0024264962
166,136,0.0,0.0026838654
166,137,0.0,0.0025823917
166,138,0.0,0.0023248284
166,139,0.0,0.0017403122
166,140,0.0,0.0015422967
166,141,0.0,0.0014942093
166,142,0.0,0.0032990575
166,143,0.0,0.0025892914
166,144,0.0,0.0018076589
166,145,0.0,0.003545254
166,146,0.0,0.0015244326
166,147,0.0,0.001883423
166,148,0.0,0.0023409654
166,149,0.0,0.0028480827
166,150,0.0,0.00145711
166,151,0.16572752427705,0.0019485578
166,152,0.0,0.0030224295
166,153,0.0,0.0027690702
166,154,0.0,0.00275996
166,155,0.0,0.002679925
166,156,0.159228274662672,0.0015463769
166,157,0.0,0.0033596656
166,158,0.0,0.0034169196
166,159,0.0,0.001890549
166,160,0.0,0.0019068918
166,161,0.0,0.0029046512
166,162,0.0,0.0016549309
166,163,0.0,0.0026107966
166,164,0.0,0.001694222
166,165,0.0,0.00148369
166,166,0.0,0.030703487
166,167,0.0,0.0021665501
166,168,0.0,0.0016466007
166,169,0.0,0.0048143296
166,170,0.0,0.0018419856
166,171,0.0,0.0026344056
166,172,0.0,0.0026137638
166,173,0.0,0.0027758135
166,174,0.0,0.001938697
166,175,0.0,0.0023743995
166,176,0.158710283307601,0.003178062
166,177,0.0,0.0023318552
166,178,-0.15142439583744,0.002381912
166,179,0.0,0.0031996123
166,180,0.0,0.0027776686
166,181,0.0,0.002130297
166,182,0.0,0.0016744854
166,183,0.0,0.0014888737
166,184,0.153786584373592,0.0023067757
166,185,0.0,0.0024825935
166,186,0.0,0.0028758217
166,187,0.0,0.002505158
166,188,0.0,0.0017915517
166,189,0.0,0.0017389264
166,190,0.0,0.0023060148
166,191,0.0,0.0032258183
166,192,0.0,0.0027835974
166,193,0.0,0.0017276043
166,194,0.0,0.002105557
166,195,0.0,0.0016059419
166,196,0.0,0.0023152516
166,197,0.0,0.00202211
166,198,0.0,0.0018208423
166,199,0.0,0.0018832032
166,200,0.0,0.0016666828
166,201,0.0,0.002211377
166,202,0.0,0.0017029205
166,203,0.0,0.002720079
166,204,0.0,0.0026417538
166,205,0.0,0.0030292687
166,206,0.0,0.002613503
166,207,0.0,0.001937849
166,208,0.0,0.003115797
166,209,0.0,0.002594234
166,210,0.0,0.0023819008
166,211,0.0,0.0026360997
166,212,0.0,0.0030582044
166,213,0.162836079160469,0.0020398893
166,214,0.0,0.0024280464
166,215,0.0,0.0026149047
166,216,0.0,0.0017571105
166,217,0.0,0.0026851702
166,218,0.0,0.0016003991
166,219,0.0,0.0015531364
166,220,0.0,0.002486607
166,221,0.0,0.0027189846
166,222,0.0,0.0014816485
166,223,0.0,0.00149319
166,224,0.0,0.0026889206
166,225,0.0,0.003374178
166,226,0.0,0.0023690937
166,227,0.0,0.0026964424
166,228,0.0,0.0015013125
166,229,0.0,0.0024359147
166,230,0.0,0.0036211303
166,231,0.0,0.0016903346
166,232,0.0,0.003456986
166,233,0.0,0.0022021402
166,234,0.0,0.0016513579
166,235,0.0,0.0021740077
166,236,0.0,0.0021247808
166,237,0.0,0.0014798027
166,238,0.0,0.0020212648
166,239,0.0,0.0023703729
166,240,0.0,0.0022892277
166,241,0.0,0.0014705444
166,242,0.0,0.0017587524
166,243,0.0,0.0014626449
166,244,0.0,0.0026711607
166,245,0.0,0.0020039207
166,246,0.0,0.003396986
166,247,0.0,0.003407022
166,248,0.0,0.0025459942
166,249,0.0,0.0014992491
166,250,0.0,0.002519474
166,251,0.15822741335876,0.001483391
166,252,0.0,0.0016207881
166,253,0.0,0.0021573561
166,254,0.0,0.0019300268
166,255,0.0,0.003522077
166,256,0.0,0.0014800448
166,257,0.0,0.0025843708
166,258,0.0,0.0015118401
166,259,0.0,0.0029059355
166,260,0.0,0.0027934643
166,261,-0.156678129057127,0.0027417652
166,262,0.0,0.0023373011
166,263,0.0,0.002253532
166,264,0.0,0.0019314499
166,265,0.0,0.0025257189
166,266,0.0,0.0025213943
166,267,0.0,0.001497345
166,268,0.0,0.0026517399
167,1,0.0,0.0030098618
167,2,0.0,0.0024432172
167,3,0.0,0.0019734306
167,4,0.0,0.0028023762
167,5,0.0,0.0027385051
167,6,0.0,0.0015313858
167,7,0.0,0.0025634603
167,8,0.0,0.0032925443
167,9,0.0,0.0034339824
167,10,0.0,0.002810455
167,11,0.0,0.002699988
167,12,0.0,0.0025099912
167,13,0.0,0.0026128637
167,14,0.0,0.0027437038
167,15,0.0,0.0027491096
167,16,0.0,0.0035859598
167,17,0.0,0.0027894154
167,18,0.0,0.0030406704
167,19,0.147014400853065,0.0015175007
167,20,0.0,0.0025120769
167,21,0.0,0.0016366891
167,22,0.0,0.0024315119
167,23,0.0,0.0024316073
167,24,0.0,0.0019282294
167,25,0.0,0.00280136
167,26,0.0,0.0033620954
167,27,0.142090014422037,0.0018923576
167,28,0.0,0.0023811967
167,29,0.0,0.0030093994
167,30,0.0,0.0025172206
167,31,0.0,0.002510189
167,32,0.0,0.0022905888
167,33,0.0,0.002774646
167,34,0.0,0.002263506
167,35,0.0,0.0027353736
167,36,0.0,0.0015010377
167,37,0.0,0.0014905729
167,38,0.0,0.0025267713
167,39,0.0,0.002626997
167,40,0.0,0.001633984
167,41,0.0,0.0024892166
167,42,0.0,0.0014849044
167,43,0.0,0.0027885581
167,44,0.0,0.002307559
167,45,0.0,0.0019689086
167,46,0.0,0.002534282
167,47,0.0,0.001493868
167,48,0.0,0.0021819044
167,49,0.0,0.0023870626
167,50,0.0,0.002777122
167,51,-0.147008014154633,0.0026138527
167,52,0.0,0.002506304
167,53,0.0,0.0027819555
167,54,0.0,0.0023324555
167,55,0.0,0.0035264427
167,56,0.0,0.0025836504
167,57,0.0,0.0029160394
167,58,0.0,0.0027750945
167,59,0.0,0.0019651074
167,60,0.0,0.0035194792
167,61,0.0,0.0018298626
167,62,0.0,0.0024719168
167,63,0.0,0.0024397103
167,64,0.0,0.003160595
167,65,0.0,0.002404016
167,66,0.0,0.002756264
167,67,0.0,0.0019729286
167,68,0.143475462569717,0.0023196894
167,69,0.0,0.0025682305
167,70,0.0,0.0014873897
167,71,0.0,0.0020580553
167,72,0.0,0.0015752562
167,73,0.0,0.002510551
167,74,0.0,0.002679226
167,75,0.0,0.0027824845
167,76,0.0,0.002511324
167,77,0.0,0.0031327014
167,78,0.0,0.0019365377
167,79,0.0,0.002179292
167,80,0.0,0.0034671077
167,81,0.0,0.0021326933
167,82,0.0,0.002406476
167,83,0.0,0.0019107945
167,84,0.0,0.0023446265
167,85,0.0,0.0024284953
167,86,0.0,0.0014915788
167,87,0.0,0.0036065117
167,88,0.0,0.0025820574
167,89,0.0,0.002551861
167,90,0.0,0.002805592
167,91,0.0,0.0023784451
167,92,0.0,0.0027929014
167,93,0.0,0.002578169
167,94,0.0,0.0026136185
167,95,0.0,0.0017614849
167,96,0.0,0.003620699
167,97,0.0,0.0023177029
167,98,0.0,0.00344847
167,99,0.0,0.0035123369
167,100,0.0,0.0024092076
167,101,0.0,0.0020506936
167,102,0.0,0.00227739
167,103,0.0,0.0028881058
167,104,0.0,0.0034976974
167,105,0.0,0.0021195225
167,106,0.0,0.0021475982
167,107,0.0,0.0015719263
167,108,0.0,0.0014795712
167,109,-0.151218210304854,0.0023533683
167,110,0.134474626969152,0.0023863446
167,111,0.155113140067866,0.0024224669
167,112,0.0,0.002389398
167,113,0.0,0.00261951
167,114,0.0,0.0015036725
167,115,0.0,0.0024331836
167,116,0.0,0.0033049514
167,117,0.0,0.0016405708
167,118,0.0,0.002030875
167,119,0.0,0.002048404
167,120,0.0,0.0023257853
167,121,0.0,0.0022844886
167,122,0.0,0.0025644973
167,123,0.0,0.0018610172
167,124,0.0,0.0025994508
167,125,0.0,0.0025287657
167,126,0.0,0.0020289253
167,127,0.0,0.001878731
167,128,0.0,0.003554366
167,129,0.143325117257322,0.0029997765
167,130,0.0,0.002374941
167,131,0.0,0.0027496298
167,132,0.0,0.0026891516
167,133,0.0,0.0025922963
167,134,0.0,0.0026460253
167,135,0.0,0.0024762843
167,136,0.0,0.003623101
167,137,0.0,0.003533308
167,138,0.0,0.0035362807
167,139,0.0,0.0025062659
167,140,0.0,0.0028609666
167,141,-0.15993269615408,0.0027742963
167,142,0.0,0.001482063
167,143,0.0,0.0027362178
167,144,0.0,0.0023797788
167,145,0.0,0.0027034213
167,146,0.0,0.0024023517
167,147,0.0,0.0026678601
167,148,0.0,0.0025583473
167,149,0.0,0.0034806365
167,150,-0.137032403326019,0.002426288
167,151,0.0,0.003075718
167,152,0.0,0.0019952115
167,153,0.0,0.0022964804
167,154,0.0,0.0020768382
167,155,0.0,0.003059296
167,156,-0.144192341546956,0.0034539183
167,157,0.0,0.0021117101
167,158,0.0,0.0019868528
167,159,0.0,0.0023781778
167,160,0.0,0.0025458303
167,161,0.0,0.0015151151
167,162,0.0,0.0017415723
167,163,0.0,0.0034017004
167,164,0.0,0.0027091848
167,165,0.0,0.002352702
167,166,0.0,0.0021665501
167,167,0.0,0.030703487
167,168,0.0,0.0025723078
167,169,0.0,0.0022964189
167,170,0.0,0.0025588009
167,171,0.162914499712521,0.003287653
167,172,0.0,0.0036169677
167,173,0.0,0.0025712727
167,174,0.0,0.0016822815
167,175,0.0,0.0028421846
167,176,0.0,0.0019272356
167,177,0.0,0.002447818
167,178,0.0,0.0027863923
167,179,0.0,0.0025744564
167,180,0.0,0.0017928989
167,181,0.0,0.0023059226
167,182,0.0,0.0033901013
167,183,0.0,0.0027577635
167,184,0.0,0.0028440966
167,185,0.0,0.0022974373
167,186,0.0,0.0016332609
167,187,-0.160332299204478,0.002531868
167,188,0.0,0.0023249378
167,189,0.0,0.0022873897
167,190,0.0,0.0030117137
167,191,0.0,0.0018376028
167,192,0.160822751010192,0.0015926566
167,193,0.0,0.0036188504
167,194,0.0,0.0035754866
167,195,0.152823134781874,0.0030589788
167,196,0.0,0.0036304542
167,197,0.0,0.0015312238
167,198,0.143071516697526,0.0025228872
167,199,0.0,0.0031313929
167,200,0.0,0.0023833388
167,201,0.0,0.0026899334
167,202,0.0,0.0033212863
167,203,0.0,0.0024262667
167,204,-0.166265521145168,0.0022778912
167,205,0.0,0.0018662456
167,206,-0.163175339111172,0.0023836726
167,207,0.0,0.0032133786
167,208,0.0,0.003140573
167,209,0.149522151410906,0.00254262
167,210,0.0,0.0034286506
167,211,0.0,0.002429178
167,212,0.0,0.0031585982
167,213,0.0,0.002550915
167,214,0.0,0.0015430786
167,215,0.0,0.0028085904
167,216,0.0,0.0023818258
167,217,0.0,0.0016548326
167,218,0.0,0.0018873946
167,219,0.163599964049367,0.0034060096
167,220,0.0,0.0026417705
167,221,0.0,0.00205694
167,222,0.0,0.0016962052
167,223,0.0,0.0021561505
167,224,-0.155306959551432,0.00349365
167,225,0.0,0.0023561562
167,226,0.0,0.0025705956
167,227,0.0,0.0027500396
167,228,0.0,0.003030036
167,229,0.0,0.0021388484
167,230,0.154870170977328,0.002779983
167,231,0.0,0.0021830285
167,232,0.0,0.0023075426
167,233,0.0,0.0025515817
167,234,0.0,0.0024778023
167,235,-0.144279195186421,0.0025832802
167,236,0.0,0.002079212
167,237,0.0,0.0023743408
167,238,0.0,0.0024390193
167,239,0.0,0.0030448097
167,240,0.0,0.0035969839
167,241,0.0,0.0026830048
167,242,0.0,0.002610194
167,243,0.0,0.003017114
167,244,0.0,0.003009627
167,245,0.0,0.0023072795
167,246,0.0,0.0024486445
167,247,0.0,0.0021428624
167,248,0.0,0.0031827549
167,249,0.0,0.0027279584
167,250,0.0,0.0026906598
167,251,0.0,0.0023626196
167,252,0.0,0.002619694
167,253,0.0,0.0026387773
167,254,0.0,0.0018969541
167,255,0.0,0.0027581695
167,256,0.0,0.0016201055
167,257,0.0,0.0028004455
167,258,0.0,0.0035383306
167,259,0.0,0.0024255347
167,260,0.0,0.0015700585
167,261,0.0,0.0026998268
167,262,0.0,0.0023121536
167,263,0.0,0.0024707317
167,264,0.0,0.0029724077
167,265,0.0,0.003578891
167,266,0.0,0.0018497496
167,267,0.0,0.0031525083
167,268,0.0,0.003549403
168,1,0.0,0.0032845289
168,2,0.0,0.0023838715
168,3,0.0,0.0024134582
168,4,0.0,0.0023065764
168,5,0.0,0.00259068
168,6,0.141552641289607,0.003578452
168,7,0.0,0.0025138673
168,8,0.0,0.001634568
168,9,0.0,0.0019490835
168,10,0.0,0.0036087707
168,11,0.0,0.002686847
168,12,0.0,0.002768814
168,13,0.0,0.0016035135
168,14,0.0,0.0024627713
168,15,0.0,0.0025189756
168,16,0.0,0.0022751102
168,17,0.0,0.002471801
168,18,0.0,0.0024511712
168,19,0.0,0.0035891137
168,20,0.0,0.0026678713
168,21,-0.143833936332729,0.0026060883
168,22,0.157302706446183,0.002771983
168,23,0.0,0.0024469765
168,24,-0.133625535111783,0.0022119898
168,25,0.0,0.0031865062
168,26,0.0,0.0027444004
168,27,0.141976939502349,0.0014935029
168,28,0.0,0.0015493045
168,29,0.0,0.002456998
168,30,0.0,0.0026969393
168,31,0.0,0.0027541425
168,32,0.0,0.0030139806
168,33,0.0,0.0014901804
168,34,0.0,0.0027764048
168,35,0.0,0.0024731993
168,36,0.0,0.0027835285
168,37,0.0,0.0025584595
168,38,0.0,0.001950583
168,39,0.0,0.0033217832
168,40,0.0,0.0026893392
168,41,0.0,0.002505239
168,42,0.0,0.00260075
168,43,0.0,0.0031102118
168,44,0.0,0.0026898663
168,45,0.0,0.0031572767
168,46,0.0,0.002794323
168,47,0.0,0.001900753
168,48,0.0,0.0026350366
168,49,0.0,0.002038836
168,50,0.0,0.0020206277
168,51,0.0,0.0024703257
168,52,0.0,0.002527649
168,53,0.0,0.003212567
168,54,0.0,0.002696447
168,55,0.0,0.0025006803
168,56,0.0,0.0018835245
168,57,0.0,0.0026940582
168,58,0.0,0.0034757825
168,59,0.0,0.0026188488
168,60,0.0,0.002621511
168,61,0.0,0.0018669264
168,62,0.0,0.0035537188
168,63,0.0,0.0019588452
168,64,0.0,0.0032288413
168,65,0.0,0.00221965
168,66,0.138333246979739,0.003419484
168,67,0.0,0.0024046414
168,68,0.0,0.0027722176
168,69,0.0,0.002500325
168,70,0.146624496748423,0.0025502234
168,71,0.0,0.0025073895
168,72,0.0,0.0024219276
168,73,0.0,0.00350567
168,74,0.0,0.0022622412
168,75,0.0,0.0027518733
168,76,0.0,0.0024842103
168,77,0.0,0.0017270148
168,78,0.0,0.0020176754
168,79,0.0,0.00348404
168,80,0.0,0.0024903095
168,81,0.0,0.0032901093
168,82,0.0,0.002274843
168,83,0.0,0.0024229526
168,84,0.0,0.0024848208
168,85,0.147940509761943,0.0015888931
168,86,0.0,0.001687964
168,87,0.0,0.0026656059
168,88,0.0,0.0014876695
168,89,0.0,0.0014828923
168,90,0.0,0.0031554573
168,91,0.0,0.0022220337
168,92,0.0,0.0020647254
168,93,0.0,0.0016263267
168,94,0.0,0.0025124927
168,95,0.0,0.0025055665
168,96,0.0,0.0023562596
168,97,0.0,0.0022292282
168,98,0.0,0.001931088
168,99,0.0,0.0027134777
168,100,0.0,0.0028036516
168,101,0.0,0.0036066733
168,102,0.0,0.0029835529
168,103,0.0,0.0022901138
168,104,0.0,0.0030489773
168,105,0.0,0.003399915
168,106,0.0,0.00226646
168,107,0.0,0.0029297825
168,108,0.0,0.0024108686
168,109,0.0,0.002814123
168,110,0.0,0.0024625212
168,111,0.0,0.0035659317
168,112,0.0,0.0023488123
168,113,0.0,0.0015146285
168,114,0.0,0.001491799
168,115,0.0,0.0019062748
168,116,0.0,0.00187812
168,117,0.0,0.0032682712
168,118,0.0,0.002012047
168,119,0.0,0.0020122617
168,120,0.0,0.0022560116
168,121,0.138261815708182,0.002114689
168,122,0.0,0.0035742833
168,123,0.0,0.0024384563
168,124,0.0,0.0019672094
168,125,0.0,0.0035031433
168,126,0.0,0.0024441844
168,127,0.144206628165966,0.0033388417
168,128,0.0,0.0027520205
168,129,0.0,0.0034778412
168,130,0.0,0.0020847865
168,131,0.0,0.0019153338
168,132,0.0,0.002423049
168,133,0.0,0.0033433428
168,134,0.0,0.0027797855
168,135,0.0,0.0026424737
168,136,0.0,0.002356703
168,137,0.0,0.0021515964
168,138,0.0,0.00201674
168,139,0.131509359500713,0.0035223542
168,140,0.0,0.0021453355
168,141,0.0,0.0016954606
168,142,0.0,0.0030351141
168,143,0.0,0.0026998273
168,144,0.0,0.0016150526
168,145,0.0,0.0027666222
168,146,0.0,0.0018222015
168,147,0.0,0.0024006492
168,148,0.0,0.0015900745
168,149,0.0,0.0027769208
168,150,0.0,0.002890261
168,151,0.149958435093928,0.0033993958
168,152,0.0,0.001830874
168,153,0.0,0.0026242891
168,154,0.0,0.0025996016
168,155,0.0,0.0025382536
168,156,0.0,0.0024918197
168,157,0.0,0.0017235707
168,158,0.0,0.0020587868
168,159,0.0,0.0025192704
168,160,0.0,0.0021290346
168,161,0.0,0.0033303187
168,162,0.0,0.0034468588
168,163,0.0,0.0018162914
168,164,0.0,0.003178189
168,165,0.0,0.0024134396
168,166,0.0,0.0016466007
168,167,0.0,0.0025723078
168,168,0.0,0.030703487
168,169,0.0,0.0024243207
168,170,0.0,0.0034899735
168,171,0.0,0.0023416197
168,172,0.0,0.0024291188
168,173,0.0,0.0020228336
168,174,0.0,0.002521248
168,175,0.0,0.0022331541
168,176,0.0,0.0025745984
168,177,0.0,0.0036080475
168,178,-0.147533190500028,0.0029324717
168,179,0.155748632358618,0.0035076747
168,180,0.0,0.0025047092
168,181,0.0,0.0025739982
168,182,0.0,0.0016985727
168,183,0.0,0.0034129876
168,184,0.0,0.002635471
168,185,0.0,0.0024048071
168,186,0.0,0.0017400933
168,187,0.0,0.0019940934
168,188,0.0,0.002335315
168,189,0.0,0.002021756
168,190,0.0,0.001911589
168,191,0.0,0.0023891605
168,192,0.0,0.0021521798
168,193,0.0,0.0023624888
168,194,0.0,0.003482583
168,195,0.0,0.00259719
168,196,0.153786770545614,0.0026094955
168,197,0.0,0.002789571
168,198,0.0,0.0027710833
168,199,0.0,0.002418844
168,200,0.0,0.0027139322
168,201,0.0,0.0027680732
168,202,0.0,0.0014647674
168,203,0.0,0.0031117117
168,204,0.0,0.002094267
168,205,0.0,0.0025942195
168,206,0.0,0.0030532666
168,207,0.0,0.002658463
168,208,0.0,0.0030073598
168,209,0.0,0.002453648
168,210,0.0,0.0029910877
168,211,0.0,0.0024327822
168,212,0.0,0.0014929576
168,213,0.0,0.0027556848
168,214,0.0,0.0019995077
168,215,0.0,0.0034060185
168,216,0.0,0.002808744
168,217,0.146350395081529,0.0026568682
168,218,0.0,0.0027616178
168,219,0.0,0.0017228238
168,220,0.0,0.0025399253
168,221,0.0,0.0035385815
168,222,0.0,0.0034898613
168,223,0.0,0.002437865
168,224,-0.154295652377219,0.0027510338
168,225,0.0,0.0017350074
168,226,0.0,0.0023389463
168,227,0.0,0.0018482273
168,228,0.0,0.0028587533
168,229,0.0,0.0025585103
168,230,0.0,0.0014867303
168,231,0.0,0.0021921284
168,232,0.0,0.0023453082
168,233,0.0,0.0015385607
168,234,0.0,0.0023283311
168,235,0.0,0.0035666437
168,236,0.0,0.0035026912
168,237,0.0,0.002412464
168,238,0.146293055996289,0.0023709168
168,239,0.0,0.0022979304
168,240,0.0,0.0024209968
168,241,0.0,0.0026622582
168,242,0.0,0.0014794357
168,243,0.0,0.0021039164
168,244,0.0,0.0023115124
168,245,0.0,0.0025908719
168,246,0.0,0.0025042668
168,247,0.0,0.0027489294
168,248,0.0,0.0024641803
168,249,0.0,0.0035934723
168,250,0.0,0.002344632
168,251,0.0,0.0024599046
168,252,0.0,0.0025048205
168,253,0.0,0.0026164749
168,254,0.0,0.0024883864
168,255,0.0,0.0026393696
168,256,0.0,0.0016020741
168,257,0.0,0.0024692924
168,258,0.0,0.002613292
168,259,0.0,0.0016917023
168,260,0.0,0.0033276267
168,261,0.0,0.0027679517
168,262,0.0,0.0025905604
168,263,0.0,0.002308115
168,264,0.0,0.0025798297
168,265,0.0,0.0021458426
168,266,0.0,0.0023939447
168,267,0.0,0.00269992
168,268,0.0,0.002582098
169,1,0.0,0.0025834264
169,2,0.0,0.0023862305
169,3,0.0,0.0023858594
169,4,0.0,0.0019911546
169,5,0.0,0.0027632955
169,6,0.0,0.0017453474
169,7,0.0,0.0015144963
169,8,0.0,0.0024525025
169,9,0.0,0.0026154295
169,10,0.0,0.0023287996
169,11,0.0,0.0027884548
169,12,0.0,0.0024605263
169,13,0.0,0.0026778807
169,14,0.0,0.0016785199
169,15,0.0,0.0024883319
169,16,0.0,0.0035974733
169,17,0.0,0.0026557795
169,18,0.0,0.0034760959
169,19,0.0,0.003535496
169,20,0.138220584749873,0.0014967984
169,21,0.0,0.0023522354
169,22,0.0,0.0015076124
169,23,0.0,0.0022839801
169,24,-0.135617281112455,0.002442595
169,25,0.0,0.0021598567
169,26,0.0,0.002423985
169,27,0.144093166772869,0.0015981146
169,28,0.0,0.0025888216
169,29,0.0,0.003603802
169,30,0.0,0.002214097
169,31,0.0,0.0027891248
169,32,0.0,0.001876229
169,33,0.0,0.0027999063
169,34,0.141706458813686,0.0024589514
169,35,0.14456812585244,0.0018462883
169,36,0.0,0.0020329687
169,37,0.0,0.0014592372
169,38,0.0,0.0030000946
169,39,0.0,0.0016664728
169,40,0.0,0.0027412386
169,41,0.0,0.0027462863
169,42,0.0,0.0016624997
169,43,0.0,0.0026071374
169,44,0.0,0.0023577255
169,45,0.0,0.0026773852
169,46,0.0,0.0025870334
169,47,0.0,0.0017730901
169,48,0.0,0.0014919061
169,49,-0.135353673469885,0.0033596763
169,50,0.0,0.002579586
169,51,0.0,0.0015215315
169,52,-0.149919330738114,0.0025726175
169,53,0.0,0.0014873068
169,54,0.0,0.0015316317
169,55,0.0,0.0031286199
169,56,0.0,0.0035911999
169,57,0.0,0.0027331645
169,58,0.0,0.0024197428
169,59,0.0,0.0046725087
169,60,0.0,0.0021236776
169,61,0.0,0.0015564761
169,62,0.0,0.002303482
169,63,0.0,0.002276524
169,64,0.0,0.0016087424
169,65,0.0,0.0033227787
169,66,0.0,0.0028253812
169,67,0.0,0.00160135
169,68,0.0,0.0017242646
169,69,0.0,0.0027423133
169,70,-0.148809997856088,0.001466142
169,71,0.0,0.002799633
169,72,0.0,0.0017240457
169,73,-0.154213004739211,0.0015939334
169,74,0.0,0.0025382666
169,75,0.0,0.0025803884
169,76,0.0,0.0026965528
169,77,0.0,0.002161276
169,78,-0.136636801529569,0.0023841076
169,79,0.0,0.0018796842
169,80,-0.13338318693968,0.0014626961
169,81,0.0,0.0023580333
169,82,0.0,0.0023428123
169,83,0.0,0.0024381531
169,84,0.0,0.0021326924
169,85,0.0,0.0022310764
169,86,0.0,0.0014796229
169,87,0.0,0.0016249274
169,88,0.0,0.0021345764
169,89,0.0,0.0025509493
169,90,0.0,0.0018797969
169,91,0.0,0.0020692525
169,92,0.0,0.0030534002
169,93,0.0,0.0024806717
169,94,0.0,0.0016309246
169,95,0.0,0.0024339152
169,96,0.0,0.0023294957
169,97,0.0,0.0026894594
169,98,0.0,0.0025500404
169,99,0.0,0.002419475
169,100,0.0,0.0023902906
169,101,0.0,0.0015428523
169,102,0.0,0.0014604647
169,103,0.0,0.0019983137
169,104,0.0,0.0024432275
169,105,0.0,0.0025021783
169,106,0.0,0.0016569598
169,107,0.0,0.0014647548
169,108,-0.155336965077298,0.0028018998
169,109,0.0,0.0016194708
169,110,0.0,0.0020792596
169,111,0.0,0.0027808566
169,112,0.0,0.0014936673
169,113,0.0,0.0016884631
169,114,0.0,0.0026144055
169,115,0.0,0.0020467495
169,116,-0.132340515184307,0.0018313266
169,117,0.0,0.0014905538
169,118,0.0,0.0021384298
169,119,0.0,0.0014895136
169,120,0.0,0.0014978726
169,121,0.0,0.0016561607
169,122,0.0,0.0029546544
169,123,0.143692906650812,0.0025110827
169,124,0.0,0.0017308583
169,125,0.0,0.0027267928
169,126,0.0,0.0017278516
169,127,0.0,0.0014801659
169,128,0.0,0.002613219
169,129,0.0,0.0024802089
169,130,0.0,0.0024556979
169,131,0.0,0.0025014132
169,132,0.0,0.001480185
169,133,0.0,0.0022956687
169,134,0.0,0.0023637735
169,135,0.0,0.0031972975
169,136,0.0,0.0026011495
169,137,0.0,0.0014813174
169,138,0.0,0.002638129
169,139,0.0,0.0025579468
169,140,0.0,0.0014878623
169,141,0.0,0.002737103
169,142,0.0,0.0014794199
169,143,0.0,0.002728335
169,144,0.0,0.0028304448
169,145,0.147259534713483,0.0026659025
169,146,0.0,0.0014767214
169,147,0.0,0.0022049882
169,148,0.0,0.002464843
169,149,0.0,0.002250922
169,150,0.138964254638578,0.0023629544
169,151,0.0,0.0033869226
169,152,0.0,0.0014810138
169,153,0.0,0.0027610348
169,154,0.0,0.0026135775
169,155,-0.162810186998003,0.0025186772
169,156,0.0,0.0015981076
169,157,0.152411538848278,0.0035680383
169,158,0.0,0.002607902
169,159,0.0,0.0018450078
169,160,0.0,0.0014827168
169,161,0.0,0.0022876933
169,162,0.0,0.0017388766
169,163,0.0,0.003354872
169,164,0.0,0.0018473556
169,165,0.0,0.0016617482
169,166,0.0,0.0048143296
169,167,0.0,0.0022964189
169,168,0.0,0.0024243207
169,169,0.0,0.030703487
169,170,0.0,0.0025341613
169,171,0.0,0.0032490538
169,172,0.0,0.003471428
169,173,0.0,0.0022566011
169,174,0.0,0.0015469808
169,175,0.0,0.0023002513
169,176,0.0,0.0015748497
169,177,0.0,0.0024395646
169,178,0.0,0.0027075289
169,179,0.0,0.0024115206
169,180,0.0,0.0014969129
169,181,0.0,0.0023861164
169,182,0.14850931173542,0.0015068576
169,183,0.0,0.0016065887
169,184,0.0,0.0027847434
169,185,0.0,0.0016590613
169,186,0.0,0.0025939126
169,187,0.0,0.0021430273
169,188,0.0,0.0016988409
169,189,0.143770207894363,0.0014848099
169,190,0.0,0.0023285816
169,191,0.0,0.002102117
169,192,0.0,0.0014776969
169,193,0.0,0.0021833032
169,194,0.0,0.0023138598
169,195,0.0,0.0015718671
169,196,0.0,0.001926084
169,197,0.0,0.0028162068
169,198,0.0,0.0015477869
169,199,0.0,0.0034761615
169,200,0.0,0.0024680467
169,201,0.132409478193747,0.002161528
169,202,0.14425496806889,0.002018555
169,203,0.0,0.0026068436
169,204,0.0,0.0024428489
169,205,0.0,0.002322074
169,206,0.0,0.0022413936
169,207,0.0,0.0022510402
169,208,0.0,0.0025063837
169,209,0.0,0.0036045397
169,210,0.0,0.0023425212
169,211,0.0,0.002443253
169,212,0.0,0.0026365551
169,213,-0.147569519570743,0.0024874038
169,214,0.0,0.0014990647
169,215,0.0,0.0016784542
169,216,0.0,0.0017547566
169,217,0.0,0.0018470138
169,218,0.0,0.0014951825
169,219,0.0,0.0014873398
169,220,0.0,0.0024422817
169,221,0.0,0.0014873948
169,222,0.0,0.0015674816
169,223,0.0,0.0018317592
169,224,0.0,0.0026006326
169,225,0.0,0.001481358
169,226,0.0,0.0014808923
169,227,0.0,0.0026104255
169,228,0.0,0.0022537261
169,229,-0.155544186299113,0.0014848933
169,230,0.0,0.0019976269
169,231,0.0,0.002636768
169,232,0.0,0.0033388291
169,233,0.0,0.0024439408
169,234,0.135947151974435,0.0014859284
169,235,0.0,0.0017378954
169,236,0.0,0.0022910205
169,237,0.0,0.0043548606
169,238,0.0,0.002611598
169,239,0.0,0.0020332988
169,240,0.0,0.0022936733
169,241,0.0,0.0016716453
169,242,0.0,0.00260163
169,243,0.138580380225416,0.0019514421
169,244,0.0,0.0025520464
169,245,0.0,0.0015376722
169,246,0.0,0.0024058325
169,247,0.0,0.0018075584
169,248,0.0,0.0024486906
169,249,0.0,0.002536056
169,250,0.0,0.0025977786
169,251,0.143392935353493,0.0018800669
169,252,0.144622714524706,0.0016731359
169,253,0.0,0.0032605124
169,254,0.140401408155964,0.0016987124
169,255,0.0,0.0023554722
169,256,0.0,0.0016357433
169,257,0.0,0.0027128444
169,258,0.0,0.002695112
169,259,0.0,0.002882922
169,260,0.133448347008528,0.0030206656
169,261,0.0,0.0023139762
169,262,0.0,0.002654206
169,263,0.0,0.0019406527
169,264,0.0,0.0031297766
169,265,0.0,0.0030185543
169,266,0.154077121641889,0.0029167063
169,267,0.0,0.0026045255
169,268,0.0,0.001992852
170,1,0.0,0.0016877125
170,2,0.0,0.0023404006
170,3,0.0,0.0016256878
170,4,0.0,0.0015667803
170,5,0.0,0.0031334516
170,6,0.0,0.00163705
170,7,0.0,0.002149398
170,8,0.0,0.0015011458
170,9,0.0,0.0027549127
170,10,0.0,0.0028805234
170,11,0.0,0.0035258383
170,12,0.0,0.0025504655
170,13,0.0,0.0027011419
170,14,0.0,0.0035569128
170,15,0.0,0.00216993
170,16,0.0,0.0023886291
170,17,0.0,0.0024201446
170,18,0.146112564488913,0.0026010182
170,19,0.0,0.0018173503
170,20,0.137264124335037,0.0023162635
170,21,0.144967703758145,0.002140426
170,22,0.0,0.0027807052
170,23,0.0,0.0024466994
170,24,0.0,0.0025035008
170,25,0.0,0.002744724
170,26,0.0,0.0023843911
170,27,0.0,0.0028631887
170,28,0.0,0.0027902476
170,29,0.0,0.0014982694
170,30,0.0,0.0032561128
170,31,0.0,0.0032591023
170,32,0.0,0.0025123814
170,33,0.0,0.002602161
170,34,0.0,0.0032953112
170,35,0.0,0.0014802711
170,36,0.0,0.0020260834
170,37,0.0,0.0023637535
170,38,0.0,0.0035732188
170,39,0.0,0.002394739
170,40,0.0,0.0023962026
170,41,0.0,0.0035693864
170,42,0.0,0.002168592
170,43,0.0,0.0024381885
170,44,0.0,0.0023136404
170,45,0.0,0.0030550947
170,46,0.0,0.0015769503
170,47,0.0,0.002294992
170,48,0.0,0.002844845
170,49,0.0,0.0026671402
170,50,0.0,0.00237309
170,51,0.0,0.0030240514
170,52,0.0,0.0024534962
170,53,0.0,0.0027860743
170,54,0.0,0.0017409539
170,55,0.0,0.0026320731
170,56,0.0,0.0024735867
170,57,0.0,0.002972114
170,58,0.0,0.0023055146
170,59,0.0,0.0027289037
170,60,0.0,0.0028759767
170,61,0.0,0.002475442
170,62,0.0,0.0026038033
170,63,0.0,0.0028071092
170,64,0.0,0.00202152
170,65,0.0,0.0025243652
170,66,0.0,0.0017826161
170,67,0.0,0.0022085272
170,68,0.0,0.0025536902
170,69,0.0,0.0017492604
170,70,0.0,0.0016885786
170,71,0.0,0.0022908188
170,72,0.0,0.0023382106
170,73,0.0,0.0023120404
170,74,0.0,0.0017188415
170,75,0.0,0.0021169987
170,76,0.145985091211399,0.0015991293
170,77,0.0,0.0035666805
170,78,0.135691300596336,0.0024755988
170,79,0.0,0.0035043699
170,80,0.0,0.0023361072
170,81,0.0,0.0025058328
170,82,0.0,0.0026572165
170,83,0.0,0.002697457
170,84,0.0,0.0027542985
170,85,0.0,0.0022963192
170,86,0.0,0.0027108681
170,87,0.154560028338595,0.0035750577
170,88,0.0,0.003334586
170,89,0.0,0.0020290497
170,90,0.0,0.0019761273
170,91,0.0,0.0031784233
170,92,0.0,0.001962387
170,93,0.0,0.002414852
170,94,0.0,0.0017381683
170,95,0.0,0.0036177319
170,96,0.0,0.0031299032
170,97,0.0,0.0024889465
170,98,0.0,0.00251392
170,99,0.146302794585074,0.0018999954
170,100,-0.141893463646459,0.0026296792
170,101,0.0,0.002432946
170,102,0.0,0.0019796179
170,103,0.0,0.0023468002
170,104,0.0,0.0036188923
170,105,0.0,0.0023552817
170,106,0.0,0.0027746274
170,107,0.0,0.002676861
170,108,0.0,0.0032574497
170,109,0.0,0.0014991732
170,110,0.0,0.0024862862
170,111,0.0,0.0024007251
170,112,0.0,0.002695202
170,113,0.153916432822039,0.0029157903
170,114,-0.13952486070854,0.0025528744
170,115,0.0,0.0025450983
170,116,0.0,0.0014773831
170,117,0.0,0.0020478638
170,118,0.0,0.0024228492
170,119,0.0,0.0027782712
170,120,0.0,0.0023542386
170,121,0.0,0.0022666007
170,122,0.0,0.0026867404
170,123,0.0,0.0028506876
170,124,0.0,0.002345989
170,125,0.0,0.0022013802
170,126,0.0,0.0021718368
170,127,0.0,0.0035618288
170,128,0.0,0.0023716982
170,129,0.0,0.0024999385
170,130,0.0,0.0027731145
170,131,0.0,0.003586586
170,132,0.14548130426976,0.001973976
170,133,0.146051721976059,0.002592354
170,134,0.0,0.0027702386
170,135,0.0,0.0026718741
170,136,0.0,0.0027721971
170,137,0.0,0.0023325877
170,138,0.0,0.0024665287
170,139,0.0,0.0019700974
170,140,0.0,0.0032765362
170,141,0.0,0.0035644309
170,142,0.0,0.0027783485
170,143,0.0,0.0026810947
170,144,0.0,0.002742059
170,145,0.0,0.0023416057
170,146,0.0,0.00233059
170,147,0.0,0.0019076676
170,148,0.0,0.0035569323
170,149,0.0,0.0015240395
170,150,0.0,0.0021659755
170,151,0.0,0.0035179309
170,152,0.0,0.002542111
170,153,0.0,0.0033151754
170,154,0.0,0.0026629884
170,155,0.0,0.0023874822
170,156,0.0,0.0028615384
170,157,0.0,0.00273378
170,158,0.0,0.0034961672
170,159,0.0,0.0026384685
170,160,0.145362320924768,0.0030133761
170,161,0.0,0.0023118872
170,162,0.0,0.0023683636
170,163,0.0,0.0027737324
170,164,0.0,0.0022922847
170,165,0.141138484151532,0.0034727058
170,166,0.0,0.0018419856
170,167,0.0,0.0025588009
170,168,0.0,0.0034899735
170,169,0.0,0.0025341613
170,170,0.0,0.030703487
170,171,-0.162140402609502,0.0034188954
170,172,0.0,0.0027582427
170,173,0.0,0.0017957222
170,174,0.0,0.0026883874
170,175,0.0,0.0027846606
170,176,0.154905803323168,0.0020064898
170,177,-0.147726529667119,0.0021194103
170,178,0.0,0.0019550007
170,179,0.0,0.002629565
170,180,0.0,0.002385811
170,181,0.0,0.0035839835
170,182,0.0,0.0017187898
170,183,0.0,0.00270897
170,184,0.0,0.0032023834
170,185,0.0,0.0023489692
170,186,0.0,0.0015996005
170,187,0.0,0.0023905225
170,188,0.0,0.0019303248
170,189,0.0,0.0027741287
170,190,0.0,0.0023374395
170,191,0.0,0.0035893451
170,192,0.0,0.0017468841
170,193,0.0,0.0019944077
170,194,0.0,0.0027160505
170,195,0.0,0.0023101736
170,196,0.0,0.0031376854
170,197,0.0,0.002770661
170,198,0.0,0.0035848543
170,199,0.0,0.0024228096
170,200,0.0,0.0018500444
170,201,0.0,0.002452319
170,202,0.0,0.0021668896
170,203,0.0,0.0027397228
170,204,0.0,0.0022046654
170,205,0.0,0.0027399343
170,206,0.0,0.0014791358
170,207,0.0,0.0025698175
170,208,0.0,0.0025705406
170,209,0.0,0.0022408515
170,210,0.15575342013879,0.0017965236
170,211,0.0,0.0026978413
170,212,0.0,0.002397289
170,213,0.0,0.0025859629
170,214,0.0,0.0015473897
170,215,0.0,0.0016283086
170,216,0.0,0.0019550687
170,217,0.0,0.0025513037
170,218,0.0,0.0019173692
170,219,0.0,0.0024256823
170,220,0.0,0.0023683598
170,221,0.0,0.002554058
170,222,0.0,0.0025229366
170,223,0.0,0.0027703857
170,224,0.0,0.00264881
170,225,0.0,0.0023075868
170,226,0.0,0.0025903704
170,227,0.0,0.001788266
170,228,0.145991493583822,0.0017099981
170,229,0.0,0.0021447144
170,230,0.0,0.0029258896
170,231,0.0,0.0022844542
170,232,0.0,0.0026953677
170,233,0.0,0.0025203996
170,234,-0.146415383199918,0.0025878423
170,235,0.0,0.0018904493
170,236,0.0,0.0017386745
170,237,0.0,0.0036021727
170,238,0.0,0.0025430694
170,239,0.0,0.0032785367
170,240,0.0,0.0025040489
170,241,0.0,0.0016766097
170,242,0.0,0.0015255297
170,243,0.0,0.0023359926
170,244,0.0,0.0031181644
170,245,0.0,0.0024491912
170,246,0.0,0.0025325543
170,247,0.0,0.0035116915
170,248,0.0,0.002603076
170,249,0.0,0.0026037474
170,250,0.152817006155906,0.0023675212
170,251,0.0,0.002296127
170,252,0.0,0.0030122632
170,253,0.0,0.0023734774
170,254,0.0,0.003158541
170,255,0.0,0.0017953482
170,256,0.0,0.0026495326
170,257,0.0,0.0023692576
170,258,0.0,0.0028661462
170,259,0.0,0.0016265903
170,260,0.0,0.0029471964
170,261,0.0,0.0030996026
170,262,0.149365142381879,0.0024544946
170,263,0.0,0.0026764711
170,264,0.0,0.0027699205
170,265,0.0,0.0017160466
170,266,0.0,0.0025658645
170,267,0.0,0.00205511
170,268,0.0,0.0033798479
171,1,0.0,0.0027427548
171,2,0.0,0.0029397253
171,3,0.0,0.0023806584
171,4,0.0,0.0027473015
171,5,0.0,0.0036151134
171,6,0.0,0.0028710845
171,7,0.0,0.0027375566
171,8,0.0,0.0024820794
171,9,0.0,0.0017247181
171,10,0.151455767288223,0.003124916
171,11,0.0,0.002389627
171,12,0.0,0.002788073
171,13,0.0,0.0027756654
171,14,0.0,0.0028268588
171,15,0.0,0.0018972345
171,16,0.0,0.002069559
171,17,0.0,0.0023596012
171,18,0.0,0.0024907715
171,19,0.0,0.0025204709
171,20,0.0,0.0030108625
171,21,0.0,0.002475277
171,22,0.0,0.002446346
171,23,0.0,0.0027660266
171,24,0.0,0.0022736308
171,25,0.0,0.0023266156
171,26,0.0,0.002614004
171,27,0.0,0.0027664513
171,28,0.153033578271411,0.0023280038
171,29,0.0,0.0034773275
171,30,0.0,0.0022118376
171,31,0.0,0.0026691589
171,32,0.0,0.0023098253
171,33,0.0,0.0028843172
171,34,0.14767229907082,0.0032658484
171,35,0.0,0.0036156108
171,36,0.0,0.0027749618
171,37,0.0,0.0023759278
171,38,-0.14814299517498,0.0024854033
171,39,0.155757187607283,0.0022663325
171,40,0.0,0.002511622
171,41,0.0,0.0027317777
171,42,0.0,0.0036233696
171,43,0.0,0.0032431926
171,44,0.0,0.0032002688
171,45,0.0,0.0020125643
171,46,0.0,0.0024751583
171,47,0.0,0.003602528
171,48,0.0,0.0025902782
171,49,0.0,0.0023861378
171,50,0.0,0.0025466108
171,51,0.0,0.0020321943
171,52,0.0,0.0023776377
171,53,0.0,0.0020488882
171,54,0.0,0.0016156835
171,55,0.0,0.0035467846
171,56,0.0,0.0019652545
171,57,0.0,0.0017427779
171,58,0.0,0.0028843763
171,59,0.0,0.0018272437
171,60,0.0,0.0030518505
171,61,0.0,0.0024302886
171,62,0.0,0.002638592
171,63,0.0,0.0024287729
171,64,0.0,0.0023316508
171,65,0.0,0.0025161873
171,66,0.0,0.0020866198
171,67,0.0,0.0025575268
171,68,0.0,0.0016273921
171,69,0.0,0.0015011202
171,70,0.0,0.0023608757
171,71,0.0,0.001562967
171,72,0.0,0.0016079759
171,73,0.0,0.0031561744
171,74,0.0,0.0035704589
171,75,0.0,0.0027942006
171,76,0.0,0.002673949
171,77,0.0,0.0023107599
171,78,0.0,0.0025365353
171,79,-0.169659162732421,0.0035331035
171,80,0.0,0.0028234026
171,81,0.0,0.0023915437
171,82,0.0,0.0025399192
171,83,0.0,0.002530904
171,84,0.0,0.002411062
171,85,0.0,0.002708111
171,86,0.0,0.0030341265
171,87,0.0,0.0023906883
171,88,0.0,0.0024369508
171,89,0.0,0.0026259208
171,90,0.0,0.0026142844
171,91,0.0,0.0027898727
171,92,0.0,0.0036048838
171,93,0.0,0.002630997
171,94,-0.15153606476391,0.0025389632
171,95,0.0,0.002613566
171,96,0.0,0.0026091593
171,97,0.0,0.0024776976
171,98,0.0,0.0025839973
171,99,0.0,0.0025680182
171,100,0.0,0.002775718
171,101,0.0,0.002759344
171,102,0.0,0.002209377
171,103,0.0,0.0031429073
171,104,0.0,0.0016067596
171,105,0.0,0.00277049
171,106,0.160100303701844,0.0026147328
171,107,0.0,0.0026851906
171,108,0.0,0.002340457
171,109,0.0,0.0033948286
171,110,0.0,0.0029434366
171,111,0.0,0.0023977933
171,112,0.0,0.002636387
171,113,0.0,0.0026581963
171,114,0.0,0.001963417
171,115,0.0,0.0027516573
171,116,0.0,0.0023091477
171,117,0.0,0.0029910258
171,118,0.0,0.0032692272
171,119,0.0,0.0035758289
171,120,0.0,0.0034285705
171,121,0.0,0.003394072
171,122,0.0,0.0032864814
171,123,0.0,0.0034992448
171,124,0.0,0.0035566944
171,125,0.0,0.0027986853
171,126,0.0,0.0024890597
171,127,0.0,0.0018030745
171,128,0.0,0.0023961999
171,129,0.0,0.0025911895
171,130,0.0,0.002386853
171,131,0.0,0.002138095
171,132,0.0,0.0026426753
171,133,0.0,0.0031793
171,134,0.0,0.0036323164
171,135,0.0,0.0016476898
171,136,0.0,0.0032884758
171,137,0.0,0.0029834346
171,138,0.0,0.0026528887
171,139,0.139088630034472,0.0024268874
171,140,0.0,0.003458926
171,141,0.0,0.0030646417
171,142,0.0,0.0019870866
171,143,0.0,0.002792547
171,144,0.0,0.0018886472
171,145,0.0,0.0023162114
171,146,0.0,0.002856697
171,147,0.0,0.002151573
171,148,0.0,0.0024227374
171,149,0.0,0.002308528
171,150,0.0,0.0032389462
171,151,0.0,0.0014895103
171,152,0.0,0.002744244
171,153,0.0,0.0028036973
171,154,0.146089324971432,0.0032401797
171,155,0.0,0.0024612145
171,156,0.0,0.00278643
171,157,0.0,0.002614386
171,158,0.0,0.0021710154
171,159,0.0,0.0029825345
171,160,0.0,0.003568428
171,161,0.0,0.002732803
171,162,0.0,0.00363344
171,163,0.0,0.0036328551
171,164,0.0,0.0029424354
171,165,0.0,0.0025654272
171,166,0.0,0.0026344056
171,167,0.0,0.003287653
171,168,0.0,0.0023416197
171,169,0.0,0.0032490538
171,170,0.0,0.0034188954
171,171,0.0,0.030703487
171,172,0.0,0.002567993
171,173,0.0,0.003005948
171,174,0.0,0.0028516897
171,175,0.0,0.0015903004
171,176,0.0,0.0027366276
171,177,0.155782271197901,0.0034570205
171,178,0.0,0.0023831003
171,179,0.0,0.002440141
171,180,0.0,0.0025238148
171,181,0.0,0.0023948448
171,182,0.0,0.002338842
171,183,-0.161401043361774,0.0034749345
171,184,0.0,0.0022754273
171,185,0.0,0.0026141577
171,186,0.0,0.002709041
171,187,-0.168272080397002,0.003537308
171,188,0.0,0.0022751861
171,189,0.0,0.0029481011
171,190,0.0,0.0033608922
171,191,0.0,0.0020532394
171,192,0.0,0.0026706979
171,193,0.0,0.0015370939
171,194,0.0,0.0028302507
171,195,0.0,0.0024551367
171,196,0.162460299365488,0.0022840523
171,197,0.0,0.0025214655
171,198,0.0,0.003058507
171,199,0.0,0.0024958318
171,200,0.0,0.0035576248
171,201,0.0,0.0022009835
171,202,0.0,0.0024970449
171,203,0.0,0.0024189823
171,204,0.0,0.0035230275
171,205,0.0,0.002765873
171,206,0.0,0.0015525669
171,207,0.0,0.0024049873
171,208,0.0,0.0026949984
171,209,0.0,0.001542422
171,210,0.0,0.002377782
171,211,-0.155937880373584,0.0036128364
171,212,0.0,0.001788591
171,213,0.0,0.0029301825
171,214,0.0,0.0028723753
171,215,0.0,0.0022881846
171,216,0.0,0.002423943
171,217,0.0,0.0030731051
171,218,0.0,0.0024986565
171,219,0.0,0.0035393066
171,220,0.0,0.0030425177
171,221,0.0,0.002416668
171,222,0.0,0.0020697424
171,223,0.0,0.0024564178
171,224,0.0,0.002178111
171,225,0.0,0.002444571
171,226,0.0,0.0024490026
171,227,-0.160565597164067,0.0026531937
171,228,0.0,0.0024630418
171,229,-0.17665661872791,0.002981259
171,230,0.0,0.0035355752
171,231,0.0,0.003036878
171,232,0.0,0.003255377
171,233,0.0,0.0026636166
171,234,0.0,0.0021255398
171,235,0.0,0.0023865746
171,236,0.0,0.0028126487
171,237,0.0,0.0019611847
171,238,0.0,0.0016397112
171,239,0.0,0.0034112143
171,240,0.0,0.0025902577
171,241,0.158343228475942,0.0023840033
171,242,0.0,0.0030476553
171,243,0.0,0.0016536028
171,244,-0.160069178892925,0.003391936
171,245,0.158132416724759,0.0030072792
171,246,0.0,0.0028054523
171,247,0.0,0.0033901553
171,248,0.0,0.0027645114
171,249,0.0,0.0020035496
171,250,0.0,0.0022153961
171,251,0.0,0.0024088272
171,252,0.0,0.0024859658
171,253,0.0,0.002604778
171,254,0.0,0.0025882656
171,255,0.0,0.0034425152
171,256,0.0,0.0023166803
171,257,0.0,0.0027604233
171,258,0.0,0.0025732946
171,259,0.0,0.0024501835
171,260,0.0,0.0033110962
171,261,0.0,0.002591256
171,262,0.0,0.0027860366
171,263,0.0,0.0016302885
171,264,0.0,0.0021325294
171,265,0.0,0.0018814625
171,266,0.0,0.0023472388
171,267,0.0,0.0023093321
171,268,0.166928186965451,0.0019179182
172,1,0.0,0.0027305493
172,2,0.0,0.0036110673
172,3,0.167567089078626,0.002550535
172,4,0.0,0.0027900846
172,5,0.0,0.002530485
172,6,0.0,0.0024463339
172,7,0.0,0.0024279864
172,8,0.0,0.0029216576
172,9,0.0,0.002701431
172,10,0.0,0.0031326795
172,11,0.0,0.0035730316
172,12,0.0,0.0027312557
172,13,0.0,0.0021127071
172,14,0.0,0.0027369563
172,15,0.0,0.002231746
172,16,0.0,0.0023079347
172,17,0.0,0.0027973796
172,18,0.0,0.0022909786
172,19,0.0,0.0027759597
172,20,0.0,0.0024354737
172,21,0.0,0.0029799337
172,22,0.0,0.0032344991
172,23,0.0,0.0023085154
172,24,0.0,0.002413753
172,25,0.0,0.0015301076
172,26,0.0,0.0034594475
172,27,0.0,0.002382875
172,28,0.0,0.0028377762
172,29,0.0,0.002356023
172,30,0.0,0.0025466816
172,31,0.0,0.0033713123
172,32,0.155438581293941,0.0018996056
172,33,0.0,0.0022184867
172,34,-0.155852672791048,0.0035066488
172,35,0.0,0.0027083564
172,36,0.0,0.002669802
172,37,0.0,0.0017926497
172,38,0.0,0.002283778
172,39,0.0,0.0021771104
172,40,0.0,0.003473917
172,41,0.0,0.0034905896
172,42,0.0,0.0014915555
172,43,0.0,0.0025149053
172,44,0.0,0.002510074
172,45,0.16292063572134,0.0033475463
172,46,0.0,0.0024956134
172,47,0.0,0.0025523175
172,48,0.0,0.0027685072
172,49,0.0,0.0032336488
172,50,-0.155919742090518,0.0023888783
172,51,0.0,0.0023738379
172,52,0.0,0.0028077802
172,53,0.0,0.0023215609
172,54,0.0,0.0024631554
172,55,0.0,0.0035494757
172,56,0.0,0.003182853
172,57,0.0,0.0031207982
172,58,0.16303799266145,0.0027095554
172,59,0.0,0.0025591282
172,60,0.0,0.0025645997
172,61,0.147748248379961,0.0017296309
172,62,0.0,0.0027638776
172,63,0.0,0.0023287833
172,64,0.0,0.0028177537
172,65,0.196712484444859,0.0023054476
172,66,0.0,0.0027179457
172,67,0.0,0.0025024572
172,68,0.0,0.0024004672
172,69,0.0,0.002690035
172,70,0.0,0.0026617907
172,71,0.0,0.0016009626
172,72,0.0,0.002523778
172,73,0.0,0.002781583
172,74,0.158344164764187,0.0024227635
172,75,0.0,0.0034246943
172,76,0.161677206560749,0.0023160358
172,77,0.0,0.0023938455
172,78,0.0,0.001968293
172,79,0.0,0.0025940314
172,80,0.0,0.0036268556
172,81,0.16371906588826,0.0032913596
172,82,0.0,0.0023904555
172,83,0.0,0.0024955948
172,84,0.0,0.0022989218
172,85,0.0,0.0024395012
172,86,0.0,0.0026214686
172,87,0.0,0.0025988128
172,88,0.163502539472009,0.0017015133
172,89,0.0,0.0026365537
172,90,0.166226018447751,0.0024027545
172,91,0.0,0.0024367436
172,92,0.0,0.0018546507
172,93,0.0,0.0020501409
172,94,0.0,0.002456775
172,95,0.0,0.0015263082
172,96,0.0,0.0035595289
172,97,0.0,0.0025511608
172,98,0.0,0.0033089481
172,99,0.0,0.0028021429
172,100,0.0,0.0025873561
172,101,0.0,0.0032353057
172,102,0.0,0.0030518225
172,103,0.0,0.0025909115
172,104,0.0,0.0036206702
172,105,0.0,0.0028956397
172,106,-0.168969132353146,0.002750312
172,107,0.0,0.0026973314
172,108,0.0,0.0025921268
172,109,0.0,0.0023648664
172,110,0.0,0.0023660604
172,111,0.0,0.0032499568
172,112,0.0,0.0032017012
172,113,0.0,0.0027789786
172,114,0.0,0.0026468574
172,115,0.151723173489805,0.0027972562
172,116,0.0,0.0020074565
172,117,0.0,0.0034598387
172,118,0.0,0.0023834836
172,119,0.0,0.0023966627
172,120,0.0,0.0032273484
172,121,0.0,0.002264469
172,122,0.15791033474446,0.0022593476
172,123,0.0,0.0035149688
172,124,0.0,0.0025862227
172,125,0.0,0.0016159564
172,126,0.0,0.0025908886
172,127,0.0,0.0029699197
172,128,0.0,0.002794799
172,129,0.0,0.00249265
172,130,0.0,0.0021734126
172,131,0.0,0.0025504623
172,132,0.0,0.0032950132
172,133,0.0,0.0025420329
172,134,0.0,0.0024941652
172,135,0.0,0.0024347673
172,136,0.0,0.002434575
172,137,0.0,0.0032761442
172,138,0.0,0.002236628
172,139,0.0,0.0030030757
172,140,0.0,0.0024814513
172,141,0.0,0.0020752666
172,142,0.0,0.0033916188
172,143,0.0,0.0026713824
172,144,0.0,0.0025742706
172,145,0.0,0.0027099177
172,146,0.0,0.003508755
172,147,0.0,0.002648564
172,148,-0.171717774884772,0.00224722
172,149,0.0,0.002281309
172,150,0.0,0.0018030121
172,151,0.167386752964321,0.0027770875
172,152,0.0,0.0024566543
172,153,0.0,0.0026543727
172,154,0.0,0.0023172004
172,155,0.179063135256318,0.002396957
172,156,0.0,0.00239225
172,157,0.0,0.002661968
172,158,0.0,0.0024583675
172,159,0.0,0.0032362207
172,160,0.0,0.0026114592
172,161,0.0,0.0026811245
172,162,0.0,0.0024664644
172,163,0.0,0.0023770635
172,164,0.0,0.0023814728
172,165,0.0,0.0025838297
172,166,0.0,0.0026137638
172,167,0.0,0.0036169677
172,168,0.0,0.0024291188
172,169,0.0,0.003471428
172,170,0.0,0.0027582427
172,171,0.0,0.002567993
172,172,0.0,0.030703487
172,173,0.0,0.002572603
172,174,0.0,0.002814691
172,175,0.0,0.0022675404
172,176,0.0,0.002423339
172,177,0.0,0.0034830566
172,178,-0.15405107501146,0.0023846785
172,179,0.0,0.002668656
172,180,0.0,0.003631794
172,181,0.0,0.0023241192
172,182,0.0,0.0026083793
172,183,0.159533930274049,0.0032863482
172,184,0.0,0.0034315456
172,185,0.0,0.0025662347
172,186,0.160806463476345,0.0018464266
172,187,0.0,0.003008163
172,188,0.0,0.0016062418
172,189,0.0,0.003529095
172,190,0.0,0.0032960912
172,191,0.0,0.0025900155
172,192,0.0,0.002767181
172,193,0.0,0.0030363165
172,194,0.0,0.002848351
172,195,0.0,0.0019654157
172,196,0.0,0.0025608223
172,197,0.0,0.0024599512
172,198,0.0,0.0026662918
172,199,0.173969383509334,0.0036007036
172,200,0.0,0.0025879531
172,201,0.0,0.0022773421
172,202,0.161939813958482,0.002545016
172,203,0.0,0.0035629547
172,204,0.0,0.0015472453
172,205,0.0,0.002019613
172,206,0.0,0.003085299
172,207,0.0,0.0030610813
172,208,0.0,0.0018735034
172,209,0.0,0.0033925832
172,210,0.0,0.0021894886
172,211,0.0,0.0027111974
172,212,0.0,0.0020268955
172,213,0.0,0.0025243326
172,214,0.16645181590106,0.0035325838
172,215,0.0,0.0019438206
172,216,0.0,0.002493997
172,217,0.0,0.0025521833
172,218,0.0,0.0035597156
172,219,0.0,0.001971718
172,220,-0.166223078202851,0.0027093645
172,221,0.0,0.0024708682
172,222,-0.165164875421053,0.0035443832
172,223,0.0,0.0023205187
172,224,0.0,0.0017536683
172,225,0.0,0.0028391178
172,226,0.0,0.003207644
172,227,-0.158708148651596,0.0030495063
172,228,0.0,0.0021674675
172,229,-0.174613026704029,0.0025008586
172,230,0.0,0.0022170278
172,231,0.0,0.0031685024
172,232,0.0,0.0036003785
172,233,0.0,0.0029314742
172,234,0.0,0.0024744319
172,235,0.0,0.002499654
172,236,0.0,0.0021563522
172,237,0.0,0.0016850536
172,238,0.0,0.002541875
172,239,0.0,0.0026998026
172,240,0.0,0.0025323825
172,241,-0.156511488679952,0.0032372181
172,242,0.0,0.0026280815
172,243,0.0,0.0025922544
172,244,0.158217473026423,0.0025887075
172,245,0.0,0.0036151675
172,246,0.0,0.0029685162
172,247,0.0,0.0023184218
172,248,0.0,0.0023097512
172,249,0.0,0.0024285982
172,250,0.0,0.0020206235
172,251,0.0,0.0019655428
172,252,0.0,0.0024738838
172,253,0.0,0.002500745
172,254,0.0,0.002567106
172,255,0.0,0.002425118
172,256,0.0,0.0034760423
172,257,0.0,0.002661412
172,258,0.0,0.0027353484
172,259,0.0,0.0027133198
172,260,0.0,0.002319552
172,261,0.0,0.0018357425
172,262,0.0,0.002591841
172,263,0.0,0.0032197721
172,264,0.0,0.0023021088
172,265,0.0,0.0023456411
172,266,0.0,0.0020670267
172,267,0.0,0.002745973
172,268,0.0,0.002994996
173,1,0.0,0.0023787888
173,2,0.0,0.0023712986
173,3,0.0,0.0026898868
173,4,0.0,0.0024170233
173,5,0.0,0.0027749366
173,6,0.140901064534845,0.0027474011
173,7,0.0,0.001609093
173,8,0.0,0.002303226
173,9,0.0,0.0035632295
173,10,0.0,0.0023198472
173,11,-0.148823122406168,0.0021253289
173,12,0.0,0.002155181
173,13,0.0,0.0014829366
173,14,0.0,0.0025712862
173,15,0.0,0.0024642856
173,16,0.0,0.0034944871
173,17,0.0,0.0033585196
173,18,0.0,0.0020516673
173,19,0.0,0.0020021154
173,20,0.0,0.0014927755
173,21,0.143171858616577,0.0021373834
173,22,0.0,0.0019312412
173,23,0.0,0.0029594288
173,24,0.0,0.0015089274
173,25,0.0,0.0025373865
173,26,0.0,0.002632827
173,27,0.0,0.003534453
173,28,0.0,0.002651068
173,29,0.0,0.0026899325
173,30,0.0,0.0025108075
173,31,0.0,0.0026135966
173,32,0.0,0.0023019742
173,33,0.0,0.002597902
173,34,0.0,0.0023899716
173,35,0.0,0.0036022766
173,36,0.0,0.0024565626
173,37,0.0,0.0020915214
173,38,0.0,0.0018345676
173,39,0.0,0.0027354718
173,40,0.0,0.0028285068
173,41,0.0,0.0024795192
173,42,0.0,0.0023893388
173,43,0.0,0.0016874135
173,44,0.0,0.0024664486
173,45,0.0,0.0023747403
173,46,0.0,0.0015939027
173,47,0.0,0.002119584
173,48,0.0,0.0029257075
173,49,0.0,0.0026542088
173,50,0.0,0.0024795379
173,51,0.146214875789201,0.002061781
173,52,0.0,0.0019508102
173,53,0.0,0.0023467173
173,54,0.0,0.0014606183
173,55,0.0,0.0025508488
173,56,0.0,0.002443635
173,57,0.0,0.002788247
173,58,0.0,0.0031889724
173,59,0.0,0.0027901921
173,60,0.0,0.0034767333
173,61,0.0,0.0026146541
173,62,0.0,0.0035918588
173,63,-0.143026968867179,0.0018467195
173,64,0.0,0.0027738358
173,65,0.0,0.0036255424
173,66,0.0,0.0018375064
173,67,-0.138861028161911,0.002596239
173,68,0.0,0.0030549536
173,69,0.0,0.0019113524
173,70,0.0,0.001870099
173,71,0.0,0.0030466928
173,72,0.0,0.0025712806
173,73,0.151248724237092,0.0026027374
173,74,0.0,0.0019996138
173,75,0.0,0.0029572505
173,76,0.0,0.001714658
173,77,0.0,0.0027825586
173,78,0.0,0.0016826568
173,79,0.0,0.0025457814
173,80,0.0,0.0027022394
173,81,0.0,0.0020118784
173,82,0.0,0.0016921111
173,83,0.157691160182139,0.0024304772
173,84,0.0,0.0020343428
173,85,0.0,0.0029388247
173,86,0.0,0.0015692404
173,87,0.0,0.0026736776
173,88,0.0,0.0027773567
173,89,0.0,0.0014683758
173,90,0.0,0.0027298578
173,91,-0.143254137809931,0.002367599
173,92,0.0,0.0020436202
173,93,0.0,0.0015746122
173,94,-0.142618982860622,0.0017866939
173,95,0.0,0.0024239346
173,96,0.0,0.002384568
173,97,0.0,0.0024208743
173,98,0.0,0.0015092264
173,99,0.0,0.0021815193
173,100,0.0,0.0030210637
173,101,0.0,0.0027996972
173,102,-0.141098985968945,0.0014892039
173,103,0.0,0.0026606205
173,104,0.0,0.002771581
173,105,0.0,0.0014776727
173,106,0.0,0.0026859012
173,107,0.0,0.0017170468
173,108,0.0,0.0027627312
173,109,0.0,0.0023918631
173,110,0.0,0.002547653
173,111,0.0,0.0024224743
173,112,0.0,0.0014959099
173,113,0.0,0.0026266077
173,114,0.0,0.0031757262
173,115,0.0,0.00215805
173,116,0.0,0.0023323451
173,117,0.0,0.0023266724
173,118,0.0,0.0025006793
173,119,-0.136397394611597,0.0022900836
173,120,0.0,0.0020315317
173,121,0.0,0.0022731172
173,122,0.0,0.002317228
173,123,0.0,0.0029787226
173,124,0.0,0.002571126
173,125,0.0,0.0022753002
173,126,0.0,0.002578429
173,127,0.0,0.0031471336
173,128,0.0,0.0016659121
173,129,0.0,0.0035093934
173,130,0.0,0.0025455304
173,131,0.0,0.0025842278
173,132,-0.143679096697391,0.0018424597
173,133,0.0,0.0023915004
173,134,0.0,0.0027311058
173,135,0.0,0.0024413597
173,136,0.0,0.0024619554
173,137,0.0,0.0021449137
173,138,0.0,0.0017731511
173,139,0.0,0.0023803925
173,140,0.0,0.0019428926
173,141,0.0,0.0025710636
173,142,0.0,0.0019164174
173,143,0.0,0.0023375992
173,144,0.0,0.0025914372
173,145,0.0,0.0033406788
173,146,0.0,0.0018763035
173,147,0.0,0.0025945278
173,148,0.0,0.002601056
173,149,0.0,0.0032193707
173,150,0.0,0.0023955512
173,151,0.0,0.0027137161
173,152,0.0,0.002338735
173,153,0.0,0.002344945
173,154,-0.137492754392699,0.0021235258
173,155,0.0,0.001661777
173,156,0.0,0.002438821
173,157,0.0,0.0024085585
173,158,0.0,0.0024296343
173,159,0.0,0.002329953
173,160,0.0,0.0016086744
173,161,0.0,0.0023632296
173,162,0.0,0.0027793203
173,163,0.0,0.0033051139
173,164,0.0,0.0019510644
173,165,0.0,0.002771269
173,166,0.0,0.0027758135
173,167,0.0,0.0025712727
173,168,0.0,0.0020228336
173,169,0.0,0.0022566011
173,170,0.0,0.0017957222
173,171,0.0,0.003005948
173,172,0.0,0.002572603
173,173,0.0,0.030703487
173,174,0.0,0.0023816614
173,175,0.0,0.0017641326
173,176,0.0,0.0026879222
173,177,0.0,0.00275331
173,178,0.0,0.0023501688
173,179,0.0,0.0026068268
173,180,0.0,0.003138523
173,181,0.0,0.002771515
173,182,0.0,0.0016207471
173,183,0.0,0.0030400082
173,184,0.0,0.0018172581
173,185,0.0,0.0025924742
173,186,0.0,0.0014786613
173,187,0.0,0.002461914
173,188,0.0,0.002590899
173,189,0.0,0.0014960887
173,190,0.0,0.002264517
173,191,0.0,0.0023562526
173,192,0.0,0.0022681477
173,193,0.0,0.0027759983
173,194,0.0,0.0026402972
173,195,0.0,0.0022977488
173,196,0.0,0.0028985497
173,197,0.0,0.0023402213
173,198,0.0,0.003048656
173,199,0.0,0.002478913
173,200,0.14022226729645,0.0017395681
173,201,0.0,0.0022339355
173,202,0.0,0.002160457
173,203,0.0,0.002610012
173,204,0.0,0.0032941108
173,205,0.0,0.0025597955
173,206,0.0,0.0021330686
173,207,0.0,0.0022829338
173,208,0.0,0.0034805099
173,209,0.0,0.0014874274
173,210,0.0,0.0017108168
173,211,0.0,0.00239097
173,212,0.0,0.002519092
173,213,0.151628046380411,0.0026854137
173,214,0.0,0.0027754018
173,215,0.13919759690914,0.0025764364
173,216,0.0,0.0024325144
173,217,0.0,0.003451413
173,218,0.150239962751837,0.001603513
173,219,0.0,0.0014773561
173,220,0.0,0.0022546616
173,221,0.0,0.0026065526
173,222,0.0,0.0025178194
173,223,0.0,0.0017378591
173,224,0.0,0.0031751865
173,225,0.0,0.0024092281
173,226,0.0,0.0027879346
173,227,0.0,0.0033169398
173,228,0.0,0.0018234379
173,229,0.0,0.0020742062
173,230,0.0,0.002402051
173,231,0.0,0.0027999696
173,232,0.0,0.0016470463
173,233,0.0,0.0024236515
173,234,0.0,0.0026996327
173,235,0.0,0.0016829832
173,236,0.0,0.0023835325
173,237,0.0,0.0017204448
173,238,0.0,0.0025754194
173,239,0.0,0.0018991274
173,240,0.0,0.0021395232
173,241,0.0,0.0017407229
173,242,0.0,0.0030167107
173,243,0.0,0.0024872571
173,244,0.0,0.0024161092
173,245,0.0,0.0021653688
173,246,0.0,0.0031124582
173,247,0.0,0.0026059197
173,248,0.0,0.0036153682
173,249,0.0,0.0028369073
173,250,0.0,0.0020048022
173,251,0.0,0.0035013813
173,252,0.0,0.0021322407
173,253,0.0,0.0020604231
173,254,0.0,0.0024691285
173,255,0.0,0.002771102
173,256,0.0,0.0025085094
173,257,0.0,0.0025427924
173,258,0.0,0.0022028964
173,259,0.0,0.0023579486
173,260,0.0,0.002336368
173,261,0.0,0.002442903
173,262,0.0,0.0026203305
173,263,0.0,0.0027634925
173,264,0.0,0.0017519179
173,265,0.0,0.0018635034
173,266,0.0,0.0021942193
173,267,0.0,0.001998946
173,268,0.0,0.0025474182
174,1,0.148394825226936,0.002323287
174,2,0.0,0.0024043927
174,3,0.0,0.0020808782
174,4,0.0,0.0026630517
174,5,0.0,0.0027401187
174,6,0.0,0.00239013
174,7,0.0,0.0019433959
174,8,0.0,0.0033485559
174,9,0.0,0.002814941
174,10,0.0,0.002870528
174,11,0.0,0.0027020779
174,12,0.0,0.0023655375
174,13,0.0,0.0016415296
174,14,0.0,0.0026319874
174,15,-0.143601013361209,0.0018791994
174,16,0.0,0.0021243603
174,17,0.0,0.0035124156
174,18,0.0,0.002534343
174,19,0.0,0.0025404734
174,20,0.0,0.0024545002
174,21,0.0,0.0018916307
174,22,0.0,0.0027559693
174,23,0.0,0.00308599
174,24,0.0,0.002294893
174,25,0.0,0.0018937462
174,26,0.0,0.001765518
174,27,0.0,0.0017623669
174,28,0.0,0.0021507684
174,29,0.0,0.0030724308
174,30,0.0,0.0029852018
174,31,0.0,0.0025426038
174,32,0.0,0.0019297469
174,33,0.0,0.0016321838
174,34,0.0,0.0020684819
174,35,0.0,0.0023477818
174,36,0.0,0.0024936725
174,37,0.0,0.0014901496
174,38,0.0,0.0027563563
174,39,0.0,0.003468025
174,40,0.0,0.002163426
174,41,0.0,0.0024513789
174,42,0.0,0.0014892477
174,43,0.0,0.0027598357
174,44,0.0,0.0018164855
174,45,0.0,0.0015484765
174,46,0.0,0.0024014357
174,47,0.0,0.0014908905
174,48,0.0,0.0018369071
174,49,0.0,0.0023350208
174,50,0.0,0.0025523752
174,51,0.0,0.0027555209
174,52,0.0,0.0035492731
174,53,0.14023005954916,0.0022526458
174,54,0.0,0.0021985453
174,55,0.0,0.0025378452
174,56,0.0,0.0036323816
174,57,0.0,0.002316866
174,58,0.0,0.0024038074
174,59,0.0,0.0029735314
174,60,0.0,0.0023811837
174,61,0.0,0.0016034548
174,62,0.0,0.0025707227
174,63,0.0,0.00351814
174,64,0.0,0.0021481072
174,65,0.0,0.0033643614
174,66,0.0,0.0023935498
174,67,0.0,0.0032397923
174,68,0.0,0.0031239097
174,69,0.0,0.0024288557
174,70,0.0,0.0019073589
174,71,0.165529582110918,0.0027910597
174,72,-0.138435615788835,0.002148808
174,73,0.0,0.003288373
174,74,0.0,0.0022970703
174,75,0.0,0.0021566246
174,76,0.0,0.0016238187
174,77,0.0,0.0032958225
174,78,0.0,0.0027393587
174,79,0.0,0.0022060438
174,80,0.0,0.002561496
174,81,0.0,0.0027773534
174,82,0.0,0.0015374417
174,83,0.0,0.0024862075
174,84,0.0,0.002509967
174,85,0.0,0.0026788935
174,86,0.0,0.0014625955
174,87,0.156380292883061,0.002185326
174,88,0.149371947908852,0.0023883567
174,89,0.0,0.0022417237
174,90,0.0,0.0017750016
174,91,0.0,0.0018916791
174,92,0.0,0.0015356578
174,93,0.0,0.0026418553
174,94,0.0,0.002801503
174,95,0.140862517193753,0.0014936579
174,96,0.0,0.0021090116
174,97,0.0,0.0023719822
174,98,0.0,0.0015943632
174,99,0.0,0.0021636533
174,100,0.0,0.0019389307
174,101,0.0,0.0024620518
174,102,-0.144551406950643,0.0020367093
174,103,0.159344343988366,0.0027107848
174,104,0.138062907856785,0.002701135
174,105,0.0,0.0023848275
174,106,0.0,0.0033263792
174,107,0.0,0.001491941
174,108,0.0,0.002679024
174,109,0.0,0.0024776314
174,110,0.0,0.0023814742
174,111,0.0,0.0016465178
174,112,0.0,0.0018210532
174,113,0.0,0.0027703838
174,114,0.0,0.0021861056
174,115,0.138610605317019,0.0034433547
174,116,0.0,0.0024555228
174,117,0.0,0.0027377908
174,118,0.0,0.0027515483
174,119,0.0,0.0019125706
174,120,0.0,0.0021204278
174,121,0.0,0.0027388167
174,122,0.0,0.0023214421
174,123,0.0,0.0020789253
174,124,0.0,0.0018644524
174,125,0.0,0.003368665
174,126,0.0,0.0020938348
174,127,0.0,0.0014746767
174,128,-0.137367577530268,0.002422717
174,129,-0.146039818619941,0.001706575
174,130,0.0,0.00234323
174,131,0.0,0.0024243975
174,132,0.0,0.002234994
174,133,0.0,0.001959904
174,134,0.14130636473829,0.00218273
174,135,0.0,0.0015498656
174,136,0.0,0.0025076736
174,137,0.0,0.0025868388
174,138,0.0,0.002712015
174,139,0.0,0.0027326383
174,140,0.0,0.0018905532
174,141,0.0,0.002794921
174,142,0.0,0.0027503716
174,143,0.0,0.0019210656
174,144,0.0,0.0023868643
174,145,0.0,0.0024074884
174,146,0.0,0.0027113096
174,147,0.0,0.0015657349
174,148,0.0,0.0025922474
174,149,0.0,0.0029695295
174,150,0.0,0.0027599302
174,151,0.0,0.0025762417
174,152,0.0,0.0023712944
174,153,0.0,0.0021875547
174,154,0.0,0.0027388558
174,155,0.0,0.0025222981
174,156,0.0,0.002203518
174,157,-0.153139420536866,0.0024430957
174,158,-0.150248197761164,0.0016848897
174,159,0.0,0.0034149308
174,160,0.0,0.0027777473
174,161,0.0,0.0017244075
174,162,0.0,0.0016957372
174,163,0.0,0.0033652103
174,164,0.0,0.0020517576
174,165,0.0,0.002382747
174,166,0.0,0.001938697
174,167,0.0,0.0016822815
174,168,0.0,0.002521248
174,169,0.14215304077903,0.0015469808
174,170,0.0,0.0026883874
174,171,0.0,0.0028516897
174,172,0.0,0.002814691
174,173,0.0,0.0023816614
174,174,-0.240361598320305,0.030703487
174,175,0.163713545058124,0.0024929997
174,176,0.161317465412158,0.0020011114
174,177,0.0,0.0014761095
174,178,0.0,0.0035380768
174,179,0.0,0.0018842621
174,180,0.0,0.0020031142
174,181,0.0,0.0022418825
174,182,0.0,0.0016624117
174,183,0.0,0.0034050164
174,184,0.0,0.0019987305
174,185,0.160056708543479,0.0022840216
174,186,0.0,0.0025396035
174,187,0.0,0.0025326204
174,188,0.0,0.0024371399
174,189,0.161249804587045,0.0019719386
174,190,0.0,0.0014926866
174,191,0.155047387943303,0.001978286
174,192,0.0,0.0016731247
174,193,0.0,0.0014869757
174,194,0.0,0.0024408116
174,195,0.0,0.0014925273
174,196,0.0,0.0018713167
174,197,0.0,0.0021158294
174,198,0.0,0.0025661346
174,199,0.0,0.0035914937
174,200,0.0,0.001857982
174,201,0.0,0.0034057344
174,202,0.0,0.0031724437
174,203,0.159056585986217,0.0017408719
174,204,0.0,0.001495732
174,205,0.0,0.002077323
174,206,0.0,0.0019062199
174,207,0.0,0.0026871678
174,208,0.0,0.002295189
174,209,0.0,0.0033704122
174,210,0.0,0.0023414516
174,211,0.0,0.0022474537
174,212,0.0,0.0019836286
174,213,0.0,0.0036308393
174,214,0.0,0.0014621457
174,215,0.0,0.0027674944
174,216,0.0,0.0021380857
174,217,0.0,0.0034817653
174,218,0.0,0.0016228193
174,219,0.0,0.0024928283
174,220,0.0,0.002140182
174,221,0.0,0.0034370027
174,222,0.0,0.0017415951
174,223,0.0,0.0025051548
174,224,0.0,0.0017480245
174,225,0.0,0.0027652131
174,226,0.0,0.0027690218
174,227,0.0,0.0027521616
174,228,0.0,0.0017130799
174,229,0.0,0.001741983
174,230,0.0,0.0030095405
174,231,0.0,0.0021350412
174,232,0.0,0.0023769797
174,233,0.0,0.0021283953
174,234,0.0,0.002269717
174,235,0.0,0.0034617651
174,236,0.0,0.0024364595
174,237,0.0,0.002391261
174,238,0.0,0.0032413462
174,239,0.0,0.002474201
174,240,0.0,0.0023872615
174,241,0.0,0.0025695697
174,242,0.0,0.0026801499
174,243,0.0,0.001536435
174,244,0.0,0.0026223972
174,245,0.0,0.0023882617
174,246,0.0,0.002376486
174,247,0.0,0.0014859345
174,248,0.0,0.0030735582
174,249,0.0,0.0031478591
174,250,0.0,0.0032635378
174,251,0.0,0.002040553
174,252,0.0,0.0025377613
174,253,0.152544517194202,0.0024764119
174,254,0.0,0.002839746
174,255,0.0,0.0018941695
174,256,0.0,0.0022364412
174,257,0.0,0.0026160623
174,258,0.0,0.0024592215
174,259,0.0,0.0030370867
174,260,0.0,0.0025344538
174,261,0.0,0.0031836662
174,262,0.0,0.0020820475
174,263,-0.149114504641988,0.0017547118
174,264,0.0,0.0026753992
174,265,0.0,0.0014913874
174,266,0.0,0.0021152925
174,267,0.0,0.0026335116
174,268,0.0,0.00305537
175,1,0.0,0.002613043
175,2,0.0,0.0027690032
175,3,0.0,0.0022904375
175,4,0.0,0.0024432759
175,5,0.0,0.0027676811
175,6,0.0,0.0027313065
175,7,0.0,0.0024309498
175,8,0.0,0.002410857
175,9,0.0,0.0020217574
175,10,0.0,0.0026582442
175,11,0.0,0.0015997882
175,12,0.0,0.0025132005
175,13,0.0,0.002432777
175,14,0.155436469738673,0.0028548427
175,15,0.0,0.0022948585
175,16,0.0,0.0014899792
175,17,0.0,0.0025437311
175,18,0.0,0.0034515876
175,19,-0.16902421196255,0.0017961743
175,20,0.0,0.0032998915
175,21,0.0,0.0024456629
175,22,0.0,0.0024936218
175,23,0.0,0.0027212314
175,24,0.0,0.0025267904
175,25,0.0,0.0025758198
175,26,0.0,0.0016511651
175,27,0.0,0.0023805378
175,28,0.0,0.0019820612
175,29,0.0,0.0014821244
175,30,0.0,0.0034844545
175,31,-0.152418370459498,0.001574289
175,32,0.0,0.0025833216
175,33,0.0,0.0021114834
175,34,0.0,0.0027983803
175,35,0.0,0.002428058
175,36,0.178353427093682,0.0032158648
175,37,0.0,0.001852083
175,38,0.0,0.002396253
175,39,0.0,0.0030128881
175,40,0.0,0.0017953524
175,41,0.0,0.0024161302
175,42,0.0,0.0015677889
175,43,0.0,0.0027928497
175,44,0.0,0.0016964125
175,45,0.0,0.003215061
175,46,0.0,0.002344632
175,47,0.152338461372334,0.0014957436
175,48,0.0,0.0016220016
175,49,0.0,0.0014804383
175,50,0.0,0.0015570256
175,51,0.0,0.0024866848
175,52,-0.169967876495219,0.0016380427
175,53,0.0,0.00244813
175,54,0.0,0.0023556794
175,55,0.0,0.0026146737
175,56,0.0,0.0029276642
175,57,0.0,0.0014948072
175,58,0.0,0.002335053
175,59,0.0,0.0016571227
175,60,0.0,0.0026629716
175,61,0.0,0.003393365
175,62,0.0,0.0025171074
175,63,0.0,0.001594767
175,64,0.0,0.0024873405
175,65,0.202775988869203,0.00232004
175,66,0.0,0.0017510033
175,67,0.0,0.0030270373
175,68,0.0,0.002306046
175,69,0.0,0.0027742735
175,70,0.0,0.0023240214
175,71,0.0,0.0023895167
175,72,0.0,0.0025838525
175,73,0.0,0.0015124916
175,74,0.0,0.002020978
175,75,0.0,0.0033892929
175,76,0.0,0.0017263242
175,77,0.0,0.0017930977
175,78,0.0,0.0015995456
175,79,0.0,0.0022776462
175,80,0.0,0.0020293235
175,81,0.0,0.002347968
175,82,0.0,0.002467359
175,83,0.0,0.002482518
175,84,0.0,0.0027543446
175,85,0.0,0.0019795736
175,86,0.0,0.0019321954
175,87,0.0,0.0023490475
175,88,-0.168542374001463,0.0016407846
175,89,0.0,0.0025515389
175,90,-0.171349802030391,0.0018184045
175,91,0.0,0.0014977101
175,92,0.0,0.0016510747
175,93,0.0,0.0014904323
175,94,0.0,0.0014865831
175,95,-0.15894084122237,0.002484296
175,96,0.0,0.0021848548
175,97,0.0,0.0025897846
175,98,0.148050670819393,0.0023258738
175,99,0.0,0.0036296458
175,100,0.0,0.0016988921
175,101,-0.159186227832225,0.0025081937
175,102,0.0,0.0023452034
175,103,0.179794629416581,0.0025507542
175,104,0.0,0.002766049
175,105,0.0,0.0021381495
175,106,0.0,0.00165501
175,107,0.162664319144265,0.0021045534
175,108,0.0,0.0016251383
175,109,-0.173857381881321,0.002587839
175,110,0.0,0.001664843
175,111,0.0,0.0014911848
175,112,0.0,0.0024933838
175,113,0.0,0.002133294
175,114,0.0,0.0022931248
175,115,0.0,0.003481913
175,116,0.0,0.0024796464
175,117,0.0,0.002613891
175,118,0.0,0.0026541473
175,119,0.0,0.0014770771
175,120,0.179741770323705,0.002093539
175,121,0.0,0.0015494609
175,122,0.0,0.0026137102
175,123,0.0,0.0024355557
175,124,0.0,0.00257261
175,125,0.0,0.0036115162
175,126,0.0,0.0014842115
175,127,0.0,0.0020712758
175,128,0.0,0.0022566514
175,129,-0.164782598563737,0.0022338596
175,130,0.0,0.003518534
175,131,0.0,0.0020672465
175,132,0.0,0.002872216
175,133,0.0,0.0031864517
175,134,0.0,0.002517675
175,135,0.0,0.0027587265
175,136,0.0,0.0031207567
175,137,0.0,0.0024911538
175,138,0.0,0.002236694
175,139,0.0,0.0019109994
175,140,0.0,0.0014897981
175,141,0.0,0.0017254907
175,142,0.0,0.0024335901
175,143,0.0,0.0020809486
175,144,0.0,0.0017400729
175,145,0.0,0.0027738437
175,146,0.0,0.0019791108
175,147,0.0,0.00196941
175,148,0.0,0.0014746995
175,149,0.0,0.002643859
175,150,0.0,0.001761008
175,151,0.0,0.002423158
175,152,0.0,0.0019696867
175,153,0.175563489649639,0.002425149
175,154,0.0,0.0025433013
175,155,0.0,0.0026663258
175,156,0.0,0.0019265609
175,157,0.0,0.0023434157
175,158,0.169531081937556,0.00248964
175,159,0.0,0.002547686
175,160,0.0,0.0016342723
175,161,-0.158323823285926,0.0023641554
175,162,0.0,0.0026137466
175,163,0.0,0.0018091057
175,164,0.173917837772353,0.0017879605
175,165,0.0,0.0025223093
175,166,0.0,0.0023743995
175,167,0.0,0.0028421846
175,168,0.0,0.0022331541
175,169,0.0,0.0023002513
175,170,0.0,0.0027846606
175,171,-0.167149702304091,0.0015903004
175,172,0.0,0.0022675404
175,173,0.0,0.0017641326
175,174,0.161163009196969,0.0024929997
175,175,0.470440687146038,0.030703487
175,176,0.0,0.0024977261
175,177,0.0,0.0024950793
175,178,0.0,0.002186276
175,179,0.0,0.0017804969
175,180,0.158546156193323,0.0022475794
175,181,0.0,0.002443831
175,182,0.0,0.0036009215
175,183,0.0,0.0024668342
175,184,0.0,0.0014588088
175,185,0.0,0.0026693684
175,186,-0.157738039338851,0.0017167805
175,187,0.0,0.0024342882
175,188,0.0,0.0031491267
175,189,0.0,0.0035721902
175,190,0.0,0.0032246932
175,191,0.0,0.0027954117
175,192,-0.163650823327769,0.002526361
175,193,0.0,0.0023989803
175,194,0.0,0.0027885074
175,195,0.0,0.0025842213
175,196,0.0,0.0027995515
175,197,0.0,0.0015313942
175,198,0.0,0.0027698637
175,199,0.0,0.0020572739
175,200,0.0,0.002394124
175,201,0.0,0.0021442901
175,202,0.0,0.0020375988
175,203,0.0,0.0023961053
175,204,0.0,0.00154188
175,205,0.0,0.0014965115
175,206,0.0,0.0017563445
175,207,-0.150961245525693,0.0019595688
175,208,0.0,0.003624815
175,209,0.0,0.0024769926
175,210,0.0,0.00195337
175,211,0.0,0.0031010653
175,212,0.0,0.002473846
175,213,0.162499660464714,0.0025417944
175,214,0.0,0.0017667632
175,215,0.0,0.0015425673
175,216,0.0,0.002343161
175,217,0.0,0.0019996925
175,218,0.0,0.002447992
175,219,0.0,0.0025812108
175,220,0.0,0.0015992597
175,221,0.0,0.002185905
175,222,0.0,0.0022204155
175,223,0.0,0.003024043
175,224,0.0,0.0014901217
175,225,0.0,0.0023145392
175,226,0.0,0.002498074
175,227,0.0,0.0034358902
175,228,0.0,0.0026026978
175,229,0.0,0.002372033
175,230,0.0,0.0018268251
175,231,-0.155111431569303,0.0019399663
175,232,-0.147673232714911,0.0027835965
175,233,0.0,0.0030984571
175,234,0.0,0.0024068211
175,235,0.0,0.0024251747
175,236,0.0,0.0028863903
175,237,0.0,0.002500948
175,238,0.0,0.0031099971
175,239,0.0,0.0026980839
175,240,0.0,0.0026141834
175,241,-0.15352501898664,0.002303171
175,242,0.0,0.0020988127
175,243,0.152601057448763,0.00245055
175,244,0.0,0.0035113837
175,245,-0.15332062200412,0.0015113628
175,246,0.0,0.0027652783
175,247,0.0,0.0017401068
175,248,0.0,0.0026435778
175,249,0.0,0.0020474484
175,250,0.0,0.0036214893
175,251,0.0,0.0027010841
175,252,0.0,0.002368589
175,253,0.0,0.0018334226
175,254,0.0,0.002422594
175,255,0.0,0.0035961303
175,256,0.0,0.003567434
175,257,0.0,0.0025848513
175,258,0.0,0.0023185504
175,259,0.0,0.0017134352
175,260,0.0,0.0021484508
175,261,-0.156354432661939,0.0016101962
175,262,0.0,0.0014867326
175,263,0.0,0.0015694909
175,264,0.0,0.0017963471
175,265,0.0,0.0018586917
175,266,-0.169665660124243,0.0023006978
175,267,0.0,0.002381742
175,268,0.0,0.0017080102
176,1,0.0,0.002875404
176,2,0.0,0.0034105498
176,3,0.0,0.0032370398
176,4,0.0,0.0030103251
176,5,0.0,0.0024047736
176,6,0.0,0.0021714456
176,7,0.0,0.0025030184
176,8,0.0,0.0017106906
176,9,0.0,0.0027929945
176,10,0.0,0.0032373276
176,11,0.0,0.0023126951
176,12,0.155492312231046,0.00265641
176,13,0.0,0.0022260617
176,14,0.0,0.0017544911
176,15,0.0,0.002446101
176,16,-0.150379037531445,0.002434418
176,17,0.0,0.0024641217
176,18,0.0,0.0025962242
176,19,0.0,0.0024439464
176,20,0.0,0.001654733
176,21,0.162585345185229,0.0022144066
176,22,0.177810018123684,0.0017724223
176,23,0.0,0.0026022778
176,24,0.0,0.0018511391
176,25,0.171417193005609,0.0035587992
176,26,0.0,0.003502102
176,27,0.160486254536851,0.002356891
176,28,0.0,0.0024126195
176,29,0.0,0.0025804536
176,30,0.0,0.0018049753
176,31,0.0,0.0035466067
176,32,0.0,0.0026101866
176,33,0.0,0.002313884
176,34,0.0,0.0023251623
176,35,-0.161015248419391,0.0024184599
176,36,-0.17521315120942,0.0015217294
176,37,0.153889432153503,0.0015600338
176,38,0.0,0.0021387432
176,39,0.0,0.0014568949
176,40,0.0,0.0027769199
176,41,0.0,0.0024354886
176,42,0.0,0.0024271635
176,43,0.0,0.0025941692
176,44,0.0,0.00262438
176,45,0.0,0.0023104507
176,46,0.0,0.0035089399
176,47,0.0,0.0025733397
176,48,0.0,0.002333921
176,49,0.0,0.0020396262
176,50,0.0,0.0022923271
176,51,0.0,0.0016772309
176,52,0.0,0.0029267431
176,53,0.0,0.0035530655
176,54,-0.15457588389777,0.0027625132
176,55,0.0,0.002110654
176,56,0.0,0.0029330468
176,57,0.0,0.0022338997
176,58,0.0,0.0014892169
176,59,0.0,0.0014719884
176,60,0.0,0.0025398945
176,61,0.0,0.0014619273
176,62,0.158762105517144,0.001789262
176,63,0.0,0.0020772903
176,64,0.0,0.0025489228
176,65,0.0,0.0022705183
176,66,-0.156367539429403,0.0021367487
176,67,0.0,0.0015213075
176,68,0.162051075154126,0.002255808
176,69,0.0,0.0022987789
176,70,0.0,0.0017309249
176,71,0.183485150602604,0.001573652
176,72,0.0,0.0022150287
176,73,0.0,0.001673555
176,74,0.0,0.0018480532
176,75,0.151988080350903,0.0014850218
176,76,0.0,0.0036147311
176,77,0.0,0.0019065295
176,78,0.0,0.0024663932
176,79,0.181326961385785,0.0035007615
176,80,0.0,0.0036870018
176,81,0.0,0.0017398181
176,82,0.0,0.001984573
176,83,0.0,0.0034125615
176,84,0.0,0.0021539363
176,85,0.0,0.0025194418
176,86,0.0,0.0016441359
176,87,0.0,0.0022295555
176,88,0.0,0.002674168
176,89,0.0,0.0015299628
176,90,0.0,0.0024879202
176,91,0.0,0.002336456
176,92,0.0,0.0021889494
176,93,0.0,0.0026873644
176,94,0.0,0.0025063464
176,95,0.0,0.0018811091
176,96,0.0,0.0014856318
176,97,0.0,0.0025965325
176,98,0.0,0.0017445963
176,99,0.0,0.0026748204
176,100,0.0,0.0019993507
176,101,0.0,0.0016366523
176,102,0.0,0.001714915
176,103,0.0,0.002247464
176,104,0.0,0.0023524868
176,105,0.0,0.002517534
176,106,0.0,0.0018182509
176,107,0.0,0.0023327721
176,108,0.0,0.0019869055
176,109,0.0,0.0016474673
176,110,0.0,0.0027865996
176,111,0.0,0.0034506037
176,112,0.0,0.0024141395
176,113,0.0,0.0019991905
176,114,0.0,0.002825269
176,115,0.0,0.0027333973
176,116,0.0,0.0025118557
176,117,0.0,0.0016258699
176,118,0.0,0.0017336644
176,119,0.0,0.0017419793
176,120,0.0,0.0018726834
176,121,0.0,0.0015031788
176,122,0.0,0.0032254555
176,123,0.0,0.0023252326
176,124,0.0,0.0027643726
176,125,0.0,0.0031464607
176,126,0.0,0.0014930042
176,127,0.0,0.002353521
176,128,0.0,0.0028672637
176,129,0.0,0.0022519357
176,130,0.0,0.0024672565
176,131,0.0,0.002538755
176,132,0.0,0.002250027
176,133,0.0,0.0025988799
176,134,0.0,0.00234597
176,135,0.0,0.0035050525
176,136,0.0,0.0032953904
176,137,0.0,0.0029101963
176,138,0.0,0.0024115192
176,139,0.0,0.0035306467
176,140,-0.163006325998523,0.0016891463
176,141,0.0,0.0017443062
176,142,0.0,0.0028032502
176,143,0.168010710092559,0.0035821982
176,144,-0.177939935659278,0.0016197343
176,145,-0.164012851548045,0.0030515515
176,146,0.0,0.0027054106
176,147,0.0,0.0026573916
176,148,0.0,0.0034931754
176,149,0.0,0.002783639
176,150,0.0,0.0023853574
176,151,0.0,0.0024667415
176,152,0.0,0.001723222
176,153,0.0,0.0028196392
176,154,0.0,0.0014941683
176,155,0.0,0.0015148604
176,156,0.0,0.002069451
176,157,0.0,0.0023367177
176,158,0.0,0.0025994773
176,159,0.0,0.003106759
176,160,0.0,0.002688257
176,161,0.0,0.0016570915
176,162,0.0,0.0022023506
176,163,0.0,0.0026485967
176,164,0.0,0.0018456657
176,165,0.0,0.0018777754
176,166,-0.171585120971952,0.003178062
176,167,0.0,0.0019272356
176,168,0.0,0.0025745984
176,169,0.0,0.0015748497
176,170,0.0,0.0020064898
176,171,0.0,0.0027366276
176,172,0.0,0.002423339
176,173,0.0,0.0026879222
176,174,0.0,0.0020011114
176,175,0.0,0.0024977261
176,176,0.0,0.030703487
176,177,0.0,0.0030543143
176,178,0.0,0.002231963
176,179,0.0,0.0030061589
176,180,0.0,0.0019361502
176,181,0.0,0.0027851365
176,182,0.0,0.0015101037
176,183,0.0,0.001710833
176,184,0.0,0.0019662916
176,185,0.0,0.0022519683
176,186,0.0,0.002949594
176,187,0.0,0.0015915944
176,188,0.0,0.0023063603
176,189,0.0,0.0019404795
176,190,0.0,0.0023928066
176,191,0.0,0.0026608263
176,192,0.0,0.002369566
176,193,0.0,0.0029695183
176,194,0.0,0.002412099
176,195,0.0,0.0025621164
176,196,0.0,0.002203675
176,197,0.0,0.0031776018
176,198,-0.14345664369958,0.0014917413
176,199,0.0,0.0022798232
176,200,0.0,0.002668023
176,201,0.0,0.002408388
176,202,0.0,0.0024984325
176,203,0.0,0.0019215802
176,204,0.0,0.0017694654
176,205,0.0,0.0018750159
176,206,0.0,0.001536144
176,207,-0.148751806058694,0.0021722154
176,208,0.0,0.002686927
176,209,0.0,0.0026015998
176,210,0.0,0.003598899
176,211,0.0,0.0031724242
176,212,0.0,0.0015463112
176,213,0.0,0.0020800969
176,214,0.0,0.0015047323
176,215,0.0,0.0017201416
176,216,0.0,0.002963385
176,217,0.0,0.003285599
176,218,0.0,0.0016271309
176,219,0.0,0.002650166
176,220,0.0,0.0036168788
176,221,0.0,0.0027844044
176,222,0.0,0.0016328888
176,223,0.0,0.0032324023
176,224,0.0,0.0021224418
176,225,0.0,0.002779631
176,226,0.0,0.0019816658
176,227,-0.15340126467224,0.0018320885
176,228,0.0,0.0025166213
176,229,0.0,0.0018917318
176,230,-0.155287058181944,0.0021630274
176,231,0.0,0.002765974
176,232,0.0,0.002790012
176,233,-0.150780568980968,0.002351209
176,234,0.0,0.001506065
176,235,0.0,0.0035599647
176,236,0.0,0.0014591878
176,237,0.0,0.0014692112
176,238,0.0,0.002687294
176,239,0.0,0.0023421524
176,240,0.0,0.0035773525
176,241,0.0,0.0015924354
176,242,0.0,0.0015706406
176,243,0.0,0.001691489
176,244,0.0,0.0026910068
176,245,0.0,0.0014913836
176,246,0.155332044482716,0.001856551
176,247,0.0,0.0016047643
176,248,0.0,0.0030464604
176,249,0.0,0.0014650743
176,250,0.0,0.0026927171
176,251,0.0,0.0029938603
176,252,0.0,0.0019101999
176,253,0.0,0.0023500137
176,254,0.0,0.0014649876
176,255,0.148131985461246,0.0025052326
176,256,0.0,0.003590492
176,257,0.0,0.0019046958
176,258,0.0,0.0025368556
176,259,0.0,0.0016317093
176,260,0.0,0.0023139436
176,261,0.0,0.0023447294
176,262,0.0,0.0016565518
176,263,0.0,0.0015992336
176,264,0.0,0.001964149
176,265,0.158026163984196,0.0027235318
176,266,0.0,0.0026229164
176,267,-0.156316751452506,0.0019149501
176,268,0.0,0.0025097746
177,1,0.0,0.0025931364
177,2,0.0,0.0035974677
177,3,0.0,0.0022962354
177,4,0.0,0.0017709066
177,5,0.0,0.0034812563
177,6,0.0,0.0024709105
177,7,0.0,0.0014924239
177,8,0.0,0.0023852917
177,9,0.154496199165624,0.003489852
177,10,0.0,0.0034417952
177,11,0.0,0.0027252864
177,12,0.0,0.0032998258
177,13,0.0,0.003548271
177,14,0.0,0.0022196816
177,15,0.0,0.0030843755
177,16,0.0,0.0035602609
177,17,0.166447895862825,0.0022893893
177,18,0.0,0.002209887
177,19,0.0,0.002551158
177,20,0.0,0.0014734156
177,21,0.0,0.003458595
177,22,0.0,0.002280456
177,23,0.0,0.0025671744
177,24,0.0,0.0033341236
177,25,0.0,0.002087201
177,26,0.164571952908007,0.0021524597
177,27,0.0,0.002692055
177,28,0.0,0.0016235663
177,29,-0.150686637062027,0.0014922274
177,30,0.0,0.0024636062
177,31,0.0,0.0025773728
177,32,0.0,0.0014866935
177,33,0.0,0.0014773319
177,34,0.0,0.0014845822
177,35,0.0,0.003422093
177,36,0.0,0.0015886752
177,37,-0.15141534060458,0.0014575077
177,38,0.15578558380689,0.0026568137
177,39,0.0,0.0017396989
177,40,-0.159949601697735,0.0023632278
177,41,0.0,0.0025496017
177,42,0.0,0.0032728743
177,43,0.0,0.0032008095
177,44,0.0,0.0026804395
177,45,0.162333077824453,0.0018048636
177,46,0.0,0.002414031
177,47,0.0,0.0025770701
177,48,0.0,0.0021645194
177,49,0.0,0.0027644564
177,50,0.0,0.0023218486
177,51,0.0,0.0015068986
177,52,0.0,0.0023491713
177,53,0.0,0.0018792115
177,54,0.0,0.003352418
177,55,0.0,0.0036218115
177,56,0.0,0.0030628233
177,57,0.0,0.002211464
177,58,0.0,0.00208398
177,59,0.0,0.0018765493
177,60,0.0,0.0016623558
177,61,0.0,0.004181096
177,62,0.0,0.002527908
177,63,0.0,0.0018856158
177,64,0.0,0.0024599773
177,65,0.1960030594347,0.0034074625
177,66,-0.153853607170285,0.0023849835
177,67,0.0,0.0022901618
177,68,0.0,0.0025067572
177,69,0.0,0.0016614744
177,70,0.0,0.0024099513
177,71,0.0,0.0018874751
177,72,0.0,0.0021159356
177,73,0.0,0.0024487572
177,74,0.0,0.0016709492
177,75,0.0,0.0014884099
177,76,0.0,0.0014923927
177,77,0.0,0.0015438646
177,78,0.0,0.0031052474
177,79,0.0,0.0023364564
177,80,0.0,0.0014847415
177,81,0.0,0.0031354586
177,82,0.0,0.002157799
177,83,0.0,0.0026423298
177,84,0.0,0.0033369353
177,85,0.0,0.0020493446
177,86,0.0,0.0014815847
177,87,0.0,0.0016854131
177,88,0.0,0.0024047429
177,89,0.0,0.0026586438
177,90,0.0,0.0023081955
177,91,0.0,0.0023859753
177,92,0.0,0.0025727013
177,93,0.0,0.0027257665
177,94,0.0,0.0015043188
177,95,0.0,0.0014641923
177,96,0.165042920464291,0.0017375271
177,97,0.0,0.0018335632
177,98,0.0,0.0024969676
177,99,0.0,0.0014812099
177,100,0.0,0.0015562312
177,101,0.0,0.0014929567
177,102,0.0,0.0015170416
177,103,0.0,0.0017216317
177,104,0.0,0.002314575
177,105,0.0,0.0018192143
177,106,0.0,0.002789056
177,107,0.157231161297424,0.0014788788
177,108,0.0,0.0019272147
177,109,0.0,0.0014754962
177,110,0.0,0.00221659
177,111,0.0,0.0028843773
177,112,-0.170586382914078,0.0025044652
177,113,-0.16984634588458,0.0024217335
177,114,0.0,0.0025530974
177,115,0.0,0.0025201486
177,116,0.0,0.0024233898
177,117,0.0,0.0021568453
177,118,0.0,0.0022498844
177,119,0.0,0.0014921101
177,120,0.0,0.003600622
177,121,0.0,0.0030831099
177,122,0.0,0.0022635744
177,123,0.0,0.002535163
177,124,0.0,0.0023328532
177,125,0.0,0.0032382905
177,126,0.0,0.0018597213
177,127,0.0,0.0025636405
177,128,0.0,0.0023087268
177,129,0.0,0.0014712
177,130,0.0,0.0026986212
177,131,0.0,0.0028686537
177,132,0.0,0.00204296
177,133,0.0,0.0018002884
177,134,0.0,0.0019865055
177,135,0.0,0.0028553233
177,136,0.0,0.0022606011
177,137,0.0,0.0015800353
177,138,0.0,0.0023403494
177,139,0.0,0.0018248698
177,140,0.0,0.0023679105
177,141,0.0,0.0030018687
177,142,0.0,0.0014828686
177,143,0.0,0.002621741
177,144,0.0,0.0035339664
177,145,0.0,0.0033076126
177,146,0.0,0.0016452828
177,147,0.0,0.0035869046
177,148,0.0,0.0026600012
177,149,0.0,0.0026987698
177,150,0.0,0.0016314783
177,151,0.0,0.0020814384
177,152,0.0,0.003007866
177,153,0.0,0.0021360056
177,154,0.0,0.00177733
177,155,-0.178417360958327,0.00226785
177,156,0.0,0.0023123054
177,157,0.0,0.002935099
177,158,0.0,0.0026809275
177,159,0.0,0.0026497124
177,160,0.0,0.0019163257
177,161,0.0,0.0015023593
177,162,0.158816002264442,0.0016868715
177,163,0.0,0.0024721706
177,164,0.0,0.0017105513
177,165,0.0,0.0022977474
177,166,0.0,0.0023318552
177,167,0.0,0.002447818
177,168,0.0,0.0036080475
177,169,0.0,0.0024395646
177,170,0.0,0.0021194103
177,171,0.0,0.0034570205
177,172,0.0,0.0034830566
177,173,0.0,0.00275331
177,174,0.0,0.0014761095
177,175,-0.175772833037662,0.0024950793
177,176,-0.172677993775578,0.0030543143
177,177,0.0,0.030703487
177,178,0.0,0.0026322114
177,179,0.0,0.0024611359
177,180,0.0,0.0014877617
177,181,0.0,0.0034450744
177,182,0.0,0.003632146
177,183,0.0,0.0031278268
177,184,0.0,0.0017408207
177,185,0.0,0.002417088
177,186,0.0,0.002574699
177,187,0.0,0.0025429255
177,188,0.0,0.003211231
177,189,0.0,0.0020997263
177,190,0.0,0.0027874322
177,191,0.0,0.0025681886
177,192,0.153782097093085,0.0014754599
177,193,0.0,0.0014594728
177,194,0.0,0.0023112367
177,195,0.0,0.0021426035
177,196,0.0,0.002387059
177,197,0.0,0.0026520323
177,198,0.0,0.0019548046
177,199,0.0,0.0021276427
177,200,0.0,0.0033743344
177,201,0.0,0.0022788206
177,202,0.0,0.002283914
177,203,0.0,0.0020151916
177,204,0.0,0.0015330403
177,205,0.135661289527022,0.0014751013
177,206,0.0,0.0017267121
177,207,0.0,0.0025861412
177,208,0.148498674677746,0.0023008632
177,209,-0.142976226071284,0.0034603532
177,210,0.149645746190097,0.0016468256
177,211,0.0,0.002599449
177,212,0.0,0.0025516078
177,213,0.0,0.0023736018
177,214,0.0,0.0014719539
177,215,0.0,0.0021776073
177,216,0.0,0.0015988913
177,217,0.0,0.003501912
177,218,0.0,0.0021631117
177,219,0.0,0.0025522038
177,220,0.0,0.002890749
177,221,0.0,0.002959997
177,222,0.0,0.0019144798
177,223,0.0,0.0025905725
177,224,0.0,0.0024493225
177,225,0.0,0.002429192
177,226,0.0,0.001833105
177,227,0.0,0.0017867149
177,228,0.0,0.0026542665
177,229,-0.160952290776366,0.0015979516
177,230,0.0,0.0027440651
177,231,0.145757661005244,0.0027676513
177,232,0.0,0.0018316447
177,233,0.143792483683281,0.0025904467
177,234,0.0,0.0023876512
177,235,0.0,0.0035733115
177,236,0.0,0.0064416714
177,237,0.0,0.0015266393
177,238,0.0,0.0025499896
177,239,0.0,0.0017330716
177,240,0.0,0.0024350835
177,241,0.0,0.0033551883
177,242,0.0,0.0021443442
177,243,0.0,0.0014965874
177,244,0.0,0.003108068
177,245,0.0,0.0015973742
177,246,0.0,0.0017020069
177,247,0.0,0.0014933576
177,248,0.0,0.003176766
177,249,0.0,0.0038665542
177,250,0.0,0.0031239633
177,251,0.0,0.0028944016
177,252,0.0,0.0023026252
177,253,0.0,0.0016518855
177,254,0.0,0.0016495492
177,255,0.0,0.001822826
177,256,0.0,0.0024134973
177,257,0.0,0.0026766555
177,258,0.0,0.0025146282
177,259,0.0,0.0014931867
177,260,0.0,0.0027380264
177,261,0.0,0.0022829575
177,262,0.0,0.0033295853
177,263,0.0,0.003004808
177,264,0.0,0.0020059687
177,265,0.0,0.0023355815
177,266,0.0,0.002269911
177,267,0.0,0.0023240792
177,268,0.0,0.0032286681
178,1,0.0,0.002159777
178,2,0.0,0.0018265974
178,3,0.0,0.0017090114
178,4,0.0,0.0027558436
178,5,0.130429993922765,0.0025016316
178,6,0.0,0.0035915743
178,7,0.0,0.0015822779
178,8,0.0,0.003085278
178,9,0.140384589415554,0.0024132784
178,10,0.0,0.002255689
178,11,0.0,0.0023516417
178,12,0.0,0.0020494875
178,13,0.0,0.00152408
178,14,0.0,0.001840922
178,15,0.0,0.0014858758
178,16,0.134446660132076,0.0033705113
178,17,0.0,0.0035129632
178,18,0.146507689067551,0.0034575872
178,19,-0.148455700552282,0.0014889771
178,20,0.0,0.0014922419
178,21,0.0,0.0026478544
178,22,0.0,0.0025139553
178,23,0.0,0.002788404
178,24,0.0,0.0026644072
178,25,0.0,0.0035020756
178,26,0.0,0.0020390148
178,27,0.0,0.0014943494
178,28,0.0,0.0015674843
178,29,0.0,0.0021278914
178,30,0.0,0.0031555486
178,31,0.0,0.003563872
178,32,0.0,0.0029411623
178,33,0.0,0.0025975425
178,34,0.0,0.0027677808
178,35,0.0,0.0023273923
178,36,0.0,0.0018136469
178,37,0.0,0.0017955867
178,38,0.0,0.0020643575
178,39,0.0,0.0016194526
178,40,0.0,0.0022097481
178,41,0.0,0.0025457563
178,42,0.138304986171217,0.0017626528
178,43,0.0,0.0014894842
178,44,0.0,0.0023821671
178,45,0.0,0.0024245605
178,46,0.0,0.0027905828
178,47,0.0,0.002109779
178,48,0.0,0.0023254957
178,49,0.0,0.0035150335
178,50,0.0,0.0025259494
178,51,0.0,0.0023211385
178,52,0.0,0.0028289529
178,53,0.0,0.0025843377
178,54,0.0,0.0035287305
178,55,0.0,0.0027919854
178,56,0.0,0.0017120894
178,57,0.0,0.0022706008
178,58,0.0,0.002783299
178,59,0.0,0.0027561025
178,60,0.0,0.0015783384
178,61,0.0,0.0016853763
178,62,0.0,0.0018439032
178,63,0.0,0.0018949341
178,64,0.0,0.0014898553
178,65,0.0,0.001465844
178,66,0.139800691469102,0.001815401
178,67,0.0,0.0015046401
178,68,0.0,0.0020848503
178,69,0.0,0.0022698985
178,70,0.0,0.0015457384
178,71,0.0,0.0024487046
178,72,0.0,0.0023716018
178,73,0.0,0.0024238443
178,74,-0.143362190107309,0.0016008224
178,75,0.0,0.0023081107
178,76,0.0,0.002968498
178,77,0.0,0.0023332345
178,78,0.0,0.0028041173
178,79,0.0,0.0026466134
178,80,0.0,0.0031854743
178,81,0.0,0.0036231023
178,82,0.144470046171381,0.0019175038
178,83,0.0,0.0033519417
178,84,0.0,0.0024312166
178,85,0.0,0.0033873497
178,86,0.0,0.0017510373
178,87,0.0,0.0022347015
178,88,0.0,0.0022530942
178,89,0.0,0.0025393767
178,90,0.0,0.0034339698
178,91,0.0,0.0024486026
178,92,0.0,0.0018576891
178,93,0.0,0.002429836
178,94,0.0,0.0024339235
178,95,0.0,0.0027185543
178,96,0.149967978179742,0.002770959
178,97,0.0,0.0036319876
178,98,0.0,0.0026920955
178,99,0.0,0.0021237745
178,100,0.0,0.0024953042
178,101,0.13981489809486,0.0024791993
178,102,0.0,0.0036314465
178,103,0.0,0.0026674555
178,104,0.0,0.0027756873
178,105,0.0,0.0024127648
178,106,0.0,0.0023135794
178,107,0.0,0.0023923293
178,108,0.0,0.0024662
178,109,0.0,0.0027804645
178,110,0.0,0.0025916141
178,111,0.156633838181977,0.0014847824
178,112,0.0,0.0025297403
178,113,0.0,0.002394802
178,114,0.0,0.0027399748
178,115,0.0,0.0023842538
178,116,0.0,0.0025521065
178,117,0.0,0.0016568219
178,118,0.0,0.002148163
178,119,0.0,0.0014760876
178,120,0.0,0.0027426323
178,121,-0.139728502451826,0.0024598902
178,122,0.0,0.0022446755
178,123,0.0,0.002773438
178,124,0.147527913233409,0.002053908
178,125,0.0,0.0027118935
178,126,0.0,0.0019053388
178,127,0.0,0.0022851927
178,128,0.0,0.0020959382
178,129,0.0,0.002777969
178,130,0.0,0.0023141564
178,131,0.0,0.0020673582
178,132,0.0,0.0029229284
178,133,0.0,0.0024388079
178,134,0.0,0.0035911552
178,135,0.0,0.0024934802
178,136,0.0,0.002836206
178,137,0.0,0.0025207736
178,138,0.0,0.0026447587
178,139,0.0,0.001771796
178,140,0.0,0.0014906619
178,141,0.0,0.0020941352
178,142,0.0,0.0024951124
178,143,0.0,0.0014765491
178,144,0.159087532718807,0.0019630697
178,145,0.146635997086774,0.0027901544
178,146,0.0,0.0019511529
178,147,-0.148166001313989,0.0015722252
178,148,0.0,0.0030006762
178,149,0.0,0.0026766881
178,150,0.0,0.0027728635
178,151,0.0,0.0014907965
178,152,0.0,0.0014883764
178,153,0.0,0.0026509222
178,154,0.0,0.0019224989
178,155,0.0,0.0023700385
178,156,0.0,0.0035165562
178,157,0.0,0.002280795
178,158,0.0,0.0025377409
178,159,0.0,0.0018667001
178,160,0.0,0.0024170969
178,161,0.0,0.0026582894
178,162,0.0,0.0024368837
178,163,0.0,0.0036310526
178,164,0.0,0.0023531425
178,165,0.0,0.0016272487
178,166,0.0,0.002381912
178,167,0.0,0.0027863923
178,168,0.0,0.0029324717
178,169,0.0,0.0027075289
178,170,0.0,0.0019550007
178,171,0.146809299475729,0.0023831003
178,172,0.0,0.0023846785
178,173,0.0,0.0023501688
178,174,0.0,0.0035380768
178,175,0.0,0.002186276
178,176,0.0,0.002231963
178,177,0.0,0.0026322114
178,178,0.0,0.030703487
178,179,0.0,0.0023038806
178,180,0.0,0.0026907958
178,181,0.0,0.0022530234
178,182,0.0,0.0014910549
178,183,0.0,0.0021093078
178,184,0.144280564274103,0.0036225761
178,185,0.0,0.0027566273
178,186,0.0,0.0026365272
178,187,0.0,0.002802372
178,188,0.0,0.001520066
178,189,0.0,0.0022596568
178,190,0.0,0.0016241726
178,191,0.0,0.002408769
178,192,0.0,0.0016998504
178,193,0.0,0.0022166749
178,194,0.0,0.0035315785
178,195,0.0,0.0014677728
178,196,0.0,0.0023731138
178,197,0.0,0.0017269943
178,198,0.0,0.0016743909
178,199,0.0,0.0023945048
178,200,0.0,0.0025390442
178,201,0.0,0.0024848888
178,202,0.0,0.0019908035
178,203,0.0,0.0015160958
178,204,0.159059812212544,0.0033194385
178,205,0.0,0.0027715527
178,206,0.0,0.0032287682
178,207,0.0,0.0019161953
178,208,0.148567068138722,0.0014917213
178,209,-0.143042076079438,0.00338024
178,210,0.0,0.0028231372
178,211,0.14214083113417,0.002336693
178,212,0.142140425053953,0.0017059734
178,213,0.0,0.0026818626
178,214,0.0,0.0029709633
178,215,0.0,0.0016394346
178,216,0.0,0.003017257
178,217,0.0,0.0015098858
178,218,0.0,0.0015042801
178,219,0.0,0.0022554677
178,220,0.0,0.0018176269
178,221,0.0,0.0024620006
178,222,0.0,0.0018320875
178,223,0.0,0.002089901
178,224,0.0,0.0026342208
178,225,0.0,0.0016564517
178,226,0.0,0.0025663082
178,227,-0.146359097467384,0.003083677
178,228,0.0,0.0025620046
178,229,0.0,0.0018236558
178,230,0.0,0.0031498303
178,231,0.0,0.0023748963
178,232,0.0,0.0022580754
178,233,0.0,0.0020813649
178,234,0.0,0.0014848285
178,235,0.0,0.0016211136
178,236,0.0,0.0019659577
178,237,0.0,0.0025378414
178,238,0.0,0.0025701239
178,239,0.0,0.0024480573
178,240,0.0,0.0014819726
178,241,0.0,0.0022748546
178,242,0.0,0.0026418632
178,243,0.0,0.0025039786
178,244,0.0,0.0023132628
178,245,-0.144141199615278,0.0019275751
178,246,0.0,0.0035991445
178,247,0.0,0.0020668395
178,248,0.0,0.0015727933
178,249,0.0,0.0016793418
178,250,0.0,0.0014919192
178,251,0.0,0.002265002
178,252,0.0,0.002552214
178,253,0.0,0.0014830492
178,254,0.0,0.0026051295
178,255,0.0,0.002187387
178,256,0.0,0.0019175285
178,257,0.0,0.0025431947
178,258,0.0,0.0024577985
178,259,0.0,0.0027834172
178,260,0.0,0.002423162
178,261,0.14699337371885,0.0019755447
178,262,0.0,0.0027562086
178,263,0.0,0.0028260825
178,264,0.0,0.002114776
178,265,0.0,0.002023765
178,266,0.159507647856851,0.0017526844
178,267,0.0,0.0020887745
178,268,0.0,0.0019674483
179,1,0.0,0.0015865387
179,2,0.0,0.0015353253
179,3,0.0,0.002032794
179,4,0.0,0.0036244951
179,5,0.0,0.0025872285
179,6,0.0,0.0035833153
179,7,0.153093585013182,0.0026017702
179,8,0.0,0.002305889
179,9,0.0,0.002440081
179,10,0.0,0.002383396
179,11,0.0,0.0027953433
179,12,0.0,0.0025501316
179,13,0.0,0.002494331
179,14,0.0,0.0015172809
179,15,0.0,0.0021632914
179,16,0.0,0.0021547158
179,17,0.0,0.002629804
179,18,0.0,0.0027024094
179,19,0.0,0.0030453205
179,20,0.0,0.0015427163
179,21,0.0,0.0027807811
179,22,0.0,0.0014915117
179,23,0.0,0.0021476625
179,24,0.0,0.0033315793
179,25,0.0,0.001655933
179,26,0.0,0.0023062509
179,27,0.0,0.0030090427
179,28,0.0,0.0032713562
179,29,0.0,0.0025526546
179,30,0.0,0.001560241
179,31,0.0,0.0029718745
179,32,0.14884413925341,0.0031348923
179,33,0.142313782853438,0.0033170432
179,34,0.0,0.0029148264
179,35,0.0,0.002737035
179,36,0.0,0.0023078998
179,37,0.0,0.002551429
179,38,0.149716358189671,0.003567473
179,39,0.0,0.0018385034
179,40,-0.153718150774194,0.002860126
179,41,0.0,0.0016866969
179,42,0.0,0.0027274545
179,43,0.0,0.0025652312
179,44,0.141162986176838,0.0026630592
179,45,0.0,0.002461047
179,46,0.0,0.0035019675
179,47,0.0,0.0017788489
179,48,0.0,0.0022192756
179,49,0.0,0.0023729093
179,50,0.0,0.002989673
179,51,0.0,0.0019939034
179,52,0.0,0.0024561756
179,53,0.0,0.0019143107
179,54,0.0,0.0021193177
179,55,0.0,0.0021130429
179,56,0.0,0.0018278467
179,57,0.0,0.0027609617
179,58,0.156121147538055,0.0026914212
179,59,0.0,0.0021295808
179,60,0.0,0.003098207
179,61,0.0,0.0014913566
179,62,0.0,0.0018993304
179,63,0.0,0.0034101037
179,64,0.0,0.0017945245
179,65,0.0,0.0017643766
179,66,0.0,0.001983893
179,67,0.0,0.0036168648
179,68,0.0,0.0032175211
179,69,0.0,0.0035320637
179,70,0.0,0.0023297034
179,71,0.0,0.0018140227
179,72,0.0,0.0027432232
179,73,0.0,0.0022480292
179,74,0.0,0.002355101
179,75,0.0,0.0032297503
179,76,0.0,0.0026910556
179,77,0.0,0.0031812382
179,78,0.0,0.0034002303
179,79,0.0,0.002027521
179,80,0.140474862062555,0.0025640926
179,81,0.0,0.0025292095
179,82,0.0,0.0024010506
179,83,0.169330094969731,0.0023551094
179,84,0.0,0.0021590968
179,85,0.0,0.0025035948
179,86,0.0,0.0014962545
179,87,0.0,0.002552798
179,88,-0.156565986069036,0.0030546654
179,89,0.0,0.0030683689
179,90,0.0,0.001747488
179,91,0.0,0.0028894832
179,92,0.0,0.0018841471
179,93,0.0,0.002191103
179,94,0.0,0.002779941
179,95,0.0,0.0024973918
179,96,0.0,0.001983766
179,97,0.0,0.0034898925
179,98,0.0,0.0022417083
179,99,0.0,0.002022197
179,100,0.0,0.002162214
179,101,0.0,0.0032519381
179,102,0.0,0.0019512479
179,103,0.167018671780898,0.0022171475
179,104,0.0,0.002422175
179,105,0.0,0.0026356596
179,106,0.0,0.0016571884
179,107,0.0,0.0036321073
179,108,0.0,0.0018568961
179,109,0.0,0.002749836
179,110,0.0,0.003483017
179,111,0.0,0.0023034723
179,112,-0.163940535334149,0.0023772214
179,113,0.0,0.0025311327
179,114,0.0,0.0027462537
179,115,0.0,0.0018979125
179,116,0.0,0.0021987297
179,117,0.0,0.0017043431
179,118,0.0,0.0033021513
179,119,0.146464670286709,0.002550595
179,120,0.0,0.002709025
179,121,0.0,0.0027458495
179,122,0.0,0.0024603605
179,123,0.0,0.0025810143
179,124,0.0,0.0019660043
179,125,0.0,0.0025917715
179,126,0.0,0.0015513748
179,127,0.0,0.0020354977
179,128,0.0,0.0025783698
179,129,0.0,0.0018217005
179,130,0.0,0.0025584102
179,131,0.0,0.0016366909
179,132,0.154283823270963,0.0017401748
179,133,0.0,0.003626809
179,134,0.0,0.002451342
179,135,0.0,0.0025027934
179,136,0.0,0.0033020545
179,137,0.0,0.0024288506
179,138,0.0,0.0024130736
179,139,0.0,0.0023074918
179,140,0.0,0.002659076
179,141,0.0,0.00240849
179,142,0.158301233829024,0.0017810529
179,143,0.158869319895901,0.0021977709
179,144,0.0,0.0024388433
179,145,0.0,0.0025907708
179,146,0.0,0.0016919258
179,147,0.0,0.0019869278
179,148,0.16443269222138,0.0024736095
179,149,0.0,0.0028346851
179,150,0.0,0.003506456
179,151,-0.16028541279776,0.0023490326
179,152,0.0,0.0020109173
179,153,0.0,0.0031218217
179,154,0.0,0.0032656225
179,155,-0.171466427558564,0.002520332
179,156,0.0,0.002564061
179,157,0.160514907370865,0.00216828
179,158,0.0,0.0035559093
179,159,0.0,0.0022053388
179,160,0.0,0.0033682422
179,161,0.0,0.0020695473
179,162,0.0,0.0031133397
179,163,0.0,0.001492057
179,164,0.0,0.0033975476
179,165,0.0,0.0034790551
179,166,0.162249248622616,0.0031996123
179,167,0.0,0.0025744564
179,168,0.0,0.0035076747
179,169,0.0,0.0024115206
179,170,0.0,0.002629565
179,171,0.0,0.002440141
179,172,0.0,0.002668656
179,173,-0.146135337886036,0.0026068268
179,174,0.0,0.0018842621
179,175,0.0,0.0017804969
179,176,0.0,0.0030061589
179,177,0.0,0.0024611359
179,178,0.0,0.0023038806
179,179,0.0608934687916189,0.030703487
179,180,0.0,0.0023809392
179,181,0.0,0.0025342111
179,182,0.0,0.002139214
179,183,0.0,0.0021710475
179,184,0.0,0.0024173367
179,185,0.0,0.0014914637
179,186,0.0,0.0025894898
179,187,0.0,0.002502154
179,188,0.0,0.0014856718
179,189,0.0,0.0023392602
179,190,0.0,0.00149883
179,191,0.0,0.003143223
179,192,0.162420282538622,0.001822243
179,193,0.0,0.0033326666
179,194,0.0,0.0024432433
179,195,-0.154341202185609,0.0025642705
179,196,0.156332394683737,0.0028051743
179,197,0.0,0.0032250495
179,198,0.0,0.002552939
179,199,0.0,0.0023805373
179,200,0.0,0.0025910586
179,201,0.0,0.0024951417
179,202,0.0,0.0017794175
179,203,0.0,0.001957825
179,204,0.0,0.0029004118
179,205,0.0,0.003422828
179,206,0.0,0.0016061263
179,207,0.0,0.0032150326
179,208,0.0,0.0018756199
179,209,0.0,0.0023122258
179,210,0.0,0.0026568756
179,211,0.0,0.0034067766
179,212,0.0,0.002128113
179,213,0.0,0.0025278581
179,214,0.0,0.0024886942
179,215,0.0,0.0019705985
179,216,0.0,0.00264026
179,217,0.0,0.0018911171
179,218,0.0,0.0018795012
179,219,0.0,0.0017433628
179,220,0.0,0.0022261702
179,221,-0.185399213472072,0.0034508384
179,222,0.0,0.00148632
179,223,0.0,0.0024005454
179,224,0.0,0.0014937329
179,225,0.0,0.0016074469
179,226,-0.147269185285709,0.0027697608
179,227,0.0,0.0026869099
179,228,0.0,0.0025405
179,229,0.0,0.0031966069
179,230,0.0,0.0031866129
179,231,0.0,0.002546256
179,232,0.0,0.0026117037
179,233,0.0,0.0023759413
179,234,0.0,0.003326374
179,235,0.0,0.0025389837
179,236,0.0,0.0023875153
179,237,0.0,0.0021715984
179,238,0.0,0.0027688271
179,239,0.0,0.0023426772
179,240,0.0,0.0023972858
179,241,0.0,0.0034343712
179,242,0.0,0.002877823
179,243,0.0,0.0022073416
179,244,0.0,0.0025157826
179,245,0.0,0.0022007227
179,246,0.0,0.0036331625
179,247,0.0,0.002811288
179,248,0.0,0.0025503207
179,249,0.0,0.002370223
179,250,0.0,0.0024508662
179,251,0.0,0.0024464088
179,252,0.0,0.0027831807
179,253,0.0,0.0025351113
179,254,0.0,0.0026078722
179,255,0.149201824501675,0.002563422
179,256,0.0,0.0027477653
179,257,0.0,0.0023274305
179,258,0.0,0.0035483572
179,259,0.0,0.002607081
179,260,0.0,0.0024236524
179,261,0.0,0.002455893
179,262,0.0,0.0024538515
179,263,0.145300615972144,0.0026482302
179,264,0.0,0.002695647
179,265,0.0,0.0014931802
179,266,0.0,0.001741637
179,267,0.0,0.0023335516
179,268,0.0,0.0024833935
180,1,0.0,0.0019671917
180,2,0.0,0.003426034
180,3,0.0,0.001937164
180,4,0.0,0.0027461895
180,5,0.0,0.0027711932
180,6,0.0,0.0022845748
180,7,-0.150778712769233,0.002211703
180,8,0.0,0.001986742
180,9,0.0,0.0024529565
180,10,0.150749884185171,0.002392103
180,11,0.0,0.0029235454
180,12,0.0,0.0023294827
180,13,0.0,0.002609976
180,14,0.142208080018187,0.003435926
180,15,0.0,0.0023017996
180,16,0.0,0.0031023184
180,17,0.0,0.0023815557
180,18,0.0,0.002425237
180,19,0.0,0.0027180533
180,20,0.0,0.001749754
180,21,0.0,0.0024619834
180,22,-0.165593136984113,0.0026538582
180,23,0.0,0.0024086745
180,24,0.0,0.0027934425
180,25,0.0,0.0024511358
180,26,0.0,0.002789155
180,27,0.0,0.0035550748
180,28,0.0,0.0014987062
180,29,0.0,0.002378698
180,30,0.0,0.0026510116
180,31,0.0,0.0023531248
180,32,0.0,0.003388463
180,33,0.0,0.0035448205
180,34,0.0,0.0014835354
180,35,0.0,0.00237303
180,36,0.0,0.0023312871
180,37,0.0,0.0015593888
180,38,0.0,0.0022869715
180,39,0.0,0.0030892068
180,40,0.0,0.0029385001
180,41,0.0,0.0029864102
180,42,0.0,0.0036211936
180,43,0.0,0.002772647
180,44,0.0,0.002572176
180,45,0.153649817752076,0.0024647587
180,46,0.0,0.0027098889
180,47,0.0,0.0035191365
180,48,0.0,0.0033366778
180,49,0.0,0.002455155
180,50,0.0,0.002707298
180,51,0.0,0.0025272244
180,52,0.0,0.002527642
180,53,0.0,0.0018908363
180,54,0.0,0.0020746104
180,55,0.0,0.0027383557
180,56,0.0,0.0017787488
180,57,0.0,0.0019006543
180,58,0.0,0.0018114047
180,59,0.0,0.0016430104
180,60,-0.144788417548415,0.0027254932
180,61,0.0,0.0015896945
180,62,0.0,0.0023371675
180,63,0.0,0.00205574
180,64,0.0,0.0022279117
180,65,0.0,0.0027774256
180,66,0.145623917312637,0.0014779917
180,67,0.0,0.0015848172
180,68,0.0,0.0023913365
180,69,0.157082581442142,0.0023117554
180,70,0.0,0.00205694
180,71,0.0,0.0022653486
180,72,0.0,0.0026858393
180,73,0.0,0.0023473613
180,74,0.0,0.0024574986
180,75,0.0,0.0025885669
180,76,0.0,0.0023698364
180,77,0.0,0.0015362096
180,78,0.141725582271713,0.002833536
180,79,0.0,0.0020835968
180,80,0.0,0.0016728486
180,81,0.0,0.0035603545
180,82,0.0,0.002053237
180,83,0.166769716382497,0.0022125803
180,84,0.0,0.0034620967
180,85,0.155737518139208,0.002547312
180,86,0.146748678201796,0.0014648973
180,87,0.0,0.0025179433
180,88,0.0,0.0025369874
180,89,0.0,0.0027692434
180,90,0.0,0.0036167647
180,91,0.0,0.002988969
180,92,0.0,0.0034149657
180,93,0.0,0.0022832816
180,94,0.0,0.0018371549
180,95,0.145414212666496,0.0015068664
180,96,0.0,0.0023496356
180,97,-0.154498151661468,0.0030368692
180,98,0.0,0.0019986257
180,99,0.0,0.0031643873
180,100,0.0,0.0027306993
180,101,0.0,0.0014651185
180,102,0.149222301647851,0.0035241782
180,103,0.0,0.002667916
180,104,0.0,0.00241102
180,105,0.0,0.0025347914
180,106,0.159354131395566,0.0026803259
180,107,0.0,0.0021100296
180,108,0.0,0.0024851048
180,109,0.0,0.0014805514
180,110,0.0,0.0022813906
180,111,0.0,0.002073191
180,112,0.0,0.0036314735
180,113,0.0,0.0027171182
180,114,0.0,0.0022375616
180,115,0.0,0.0027488554
180,116,0.0,0.0029961923
180,117,0.0,0.003576031
180,118,0.0,0.0026918077
180,119,0.0,0.0034127585
180,120,0.0,0.0023308313
180,121,0.0,0.0025501377
180,122,0.0,0.0016940567
180,123,0.0,0.0032594549
180,124,0.0,0.0022463738
180,125,0.0,0.0027397922
180,126,0.0,0.0016941391
180,127,0.0,0.0017959704
180,128,0.0,0.002572522
180,129,0.0,0.001474537
180,130,0.0,0.0019971072
180,131,0.0,0.002767046
180,132,0.0,0.0016301586
180,133,0.0,0.002769303
180,134,0.0,0.0014772532
180,135,0.0,0.0029398217
180,136,0.0,0.0033409726
180,137,0.0,0.0027187397
180,138,0.0,0.0027825567
180,139,0.0,0.0020506163
180,140,0.0,0.0032134783
180,141,0.0,0.0032995506
180,142,0.0,0.002035866
180,143,0.0,0.0017525498
180,144,0.0,0.0034986604
180,145,0.0,0.0026099999
180,146,0.0,0.0024536173
180,147,0.0,0.0015118374
180,148,0.0,0.0025428822
180,149,0.0,0.0025609946
180,150,0.0,0.0015110197
180,151,0.0,0.003303255
180,152,0.0,0.0025999518
180,153,0.160622193918473,0.0017479071
180,154,0.0,0.002074073
180,155,0.0,0.0015109931
180,156,0.0,0.0024893275
180,157,0.158087820019159,0.003262708
180,158,0.155103173060211,0.00236208
180,159,0.0,0.0026199077
180,160,0.0,0.002424067
180,161,0.0,0.002977516
180,162,0.150320871944739,0.0025134888
180,163,0.0,0.002425354
180,164,0.0,0.0034254687
180,165,0.0,0.0018036952
180,166,0.0,0.0027776686
180,167,0.0,0.0017928989
180,168,0.0,0.0025047092
180,169,0.0,0.0014969129
180,170,0.0,0.002385811
180,171,0.0,0.0025238148
180,172,0.0,0.003631794
180,173,0.0,0.003138523
180,174,0.0,0.0020031142
180,175,0.0,0.0022475794
180,176,0.0,0.0019361502
180,177,0.0,0.0014877617
180,178,0.0,0.0026907958
180,179,0.0,0.0023809392
180,180,0.424230099422857,0.030703487
180,181,0.157084634699255,0.00237581
180,182,0.0,0.0025653802
180,183,0.0,0.0021347525
180,184,0.0,0.0017975299
180,185,0.155004742604004,0.0021258662
180,186,0.0,0.002614458
180,187,0.0,0.0025856155
180,188,0.0,0.0017462922
180,189,0.0,0.0031260662
180,190,0.0,0.0015436509
180,191,0.0,0.0023429897
180,192,0.0,0.0018297592
180,193,0.0,0.001464094
180,194,0.0,0.002342964
180,195,0.0,0.0032671415
180,196,0.0,0.0024414398
180,197,0.0,0.0027783662
180,198,0.143604978153446,0.0025696633
180,199,0.0,0.0032025138
180,200,0.0,0.002324523
180,201,0.0,0.002645709
180,202,0.0,0.001971942
180,203,0.154036187515176,0.00199336
180,204,0.0,0.003587795
180,205,0.0,0.0014628745
180,206,0.0,0.0017051832
180,207,0.0,0.0025758422
180,208,0.0,0.002360376
180,209,0.150079664928797,0.0027752388
180,210,0.0,0.002652613
180,211,0.0,0.0023830868
180,212,0.0,0.0035959803
180,213,0.0,0.0019062273
180,214,0.161052355573994,0.0028450638
180,215,0.0,0.002429091
180,216,0.0,0.0020358367
180,217,0.0,0.0022881683
180,218,0.0,0.0027676192
180,219,0.0,0.0017974782
180,220,0.0,0.0015017902
180,221,0.0,0.0024914606
180,222,0.0,0.0025770385
180,223,0.0,0.0017740191
180,224,0.0,0.0023831245
180,225,-0.155907866715188,0.0026758313
180,226,0.0,0.002125998
180,227,0.0,0.0024601337
180,228,0.0,0.0024326039
180,229,0.168948828298181,0.0014916463
180,230,0.155447625307828,0.0023760893
180,231,0.0,0.0029781694
180,232,0.0,0.0017856001
180,233,0.0,0.00353572
180,234,0.0,0.0029676254
180,235,-0.14481715963455,0.002765207
180,236,0.0,0.0034941249
180,237,0.0,0.0023791343
180,238,0.0,0.0026065442
180,239,0.0,0.0023991573
180,240,0.0,0.002176209
180,241,0.0,0.0026621856
180,242,0.0,0.0022663889
180,243,0.0,0.0017614136
180,244,0.0,0.0030394718
180,245,0.0,0.0044050114
180,246,0.0,0.0026238817
180,247,0.0,0.0020880606
180,248,0.0,0.003386226
180,249,0.0,0.0017423318
180,250,0.0,0.0024122857
180,251,-0.155750394731066,0.0018085567
180,252,0.0,0.0020445734
180,253,0.0,0.0023753108
180,254,0.0,0.0020835372
180,255,0.0,0.0020478629
180,256,0.0,0.0033646855
180,257,0.0,0.0025016288
180,258,0.0,0.0035375077
180,259,0.0,0.0022015553
180,260,0.0,0.0024452913
180,261,0.0,0.0025672563
180,262,0.0,0.0017094812
180,263,0.0,0.0026634866
180,264,0.0,0.0027332194
180,265,0.0,0.0024288916
180,266,0.0,0.0017288649
180,267,0.0,0.002678249
180,268,0.0,0.0020572832
181,1,0.0,0.0021250993
181,2,0.0,0.0030634124
181,3,0.0,0.0031544059
181,4,0.155899949466921,0.0025012325
181,5,0.0,0.0015379377
181,6,0.0,0.0026636096
181,7,0.0,0.002509906
181,8,0.0,0.0023835772
181,9,0.0,0.002344578
181,10,0.0,0.002322148
181,11,0.0,0.0036320463
181,12,0.0,0.0023514437
181,13,0.0,0.0026660794
181,14,0.0,0.002703227
181,15,0.0,0.00291313
181,16,0.0,0.0019189352
181,17,0.0,0.0028040502
181,18,0.0,0.0023107263
181,19,0.0,0.0033390722
181,20,0.0,0.003206918
181,21,0.0,0.0029216805
181,22,0.0,0.002770686
181,23,0.0,0.0032469518
181,24,0.0,0.0027178149
181,25,0.0,0.0015305798
181,26,0.0,0.0024814475
181,27,0.150326384990093,0.002640761
181,28,0.0,0.0027518598
181,29,0.0,0.0024297754
181,30,0.0,0.0027765394
181,31,0.0,0.0026548905
181,32,0.0,0.002786234
181,33,0.0,0.0021217219
181,34,0.0,0.003445873
181,35,0.0,0.0024924022
181,36,0.0,0.0022103135
181,37,0.144147186253276,0.0024525817
181,38,0.0,0.0026712827
181,39,0.15593030685927,0.003229666
181,40,0.0,0.002629527
181,41,0.157490444829594,0.0033498695
181,42,0.144901370331556,0.0024729446
181,43,0.0,0.0036017536
181,44,0.0,0.0024622115
181,45,0.0,0.0027529425
181,46,0.0,0.0027084928
181,47,0.0,0.0018892772
181,48,0.0,0.0018717963
181,49,0.0,0.002639993
181,50,0.0,0.002526544
181,51,0.0,0.002307082
181,52,0.0,0.003517494
181,53,0.0,0.0019785739
181,54,0.0,0.0032190862
181,55,0.0,0.002505967
181,56,0.0,0.0035974327
181,57,0.0,0.002404781
181,58,0.0,0.0023888196
181,59,0.0,0.0022045453
181,60,0.0,0.002614526
181,61,0.0,0.0028962707
181,62,0.0,0.002568433
181,63,0.0,0.0035940805
181,64,0.0,0.0018634922
181,65,0.0,0.0026376233
181,66,0.0,0.0028827712
181,67,0.0,0.0026642336
181,68,0.0,0.0016100565
181,69,0.0,0.0015231315
181,70,0.0,0.0031621112
181,71,0.0,0.002707012
181,72,0.0,0.0025714394
181,73,0.0,0.0033151722
181,74,-0.150199774970987,0.0032080477
181,75,0.0,0.0027430747
181,76,0.0,0.0035035843
181,77,0.0,0.0025504814
181,78,0.0,0.0026750793
181,79,0.0,0.002487545
181,80,0.0,0.00362289
181,81,-0.15529821949232,0.0032818075
181,82,-0.151360469652054,0.001974875
181,83,0.0,0.002385736
181,84,0.0,0.0027304413
181,85,0.0,0.0031571118
181,86,0.0,0.0026444667
181,87,0.0,0.0025575864
181,88,0.0,0.0024642725
181,89,0.0,0.00355998
181,90,0.0,0.002653169
181,91,0.0,0.002710558
181,92,0.0,0.0035899333
181,93,0.0,0.003570938
181,94,0.0,0.0031609675
181,95,0.146257491758085,0.002861064
181,96,0.0,0.0034147045
181,97,0.155394109894135,0.0025052447
181,98,0.0,0.003259827
181,99,-0.153695138849206,0.0036157463
181,100,0.0,0.0035580029
181,101,0.0,0.0022133598
181,102,0.0,0.0023661628
181,103,0.0,0.0023882329
181,104,0.0,0.002543076
181,105,0.0,0.0019696052
181,106,0.0,0.0028392053
181,107,0.0,0.0027811732
181,108,0.0,0.0025972337
181,109,0.0,0.002605436
181,110,0.0,0.0025885878
181,111,0.0,0.0025838502
181,112,0.0,0.00274309
181,113,0.0,0.0022009462
181,114,0.0,0.0023405072
181,115,0.0,0.0024205106
181,116,0.0,0.002333546
181,117,0.0,0.0014819154
181,118,-0.148027696993249,0.0031687813
181,119,0.0,0.0030910233
181,120,-0.165398523686704,0.0026293653
181,121,0.0,0.0026418106
181,122,0.0,0.002072242
181,123,0.0,0.0019580475
181,124,0.0,0.0030969842
181,125,0.0,0.0023795022
181,126,0.0,0.0027633877
181,127,0.0,0.003199845
181,128,0.0,0.0015005227
181,129,0.0,0.0020128456
181,130,0.15235010537975,0.0027990309
181,131,0.0,0.0024673156
181,132,-0.152832140514597,0.002556413
181,133,0.0,0.0027711717
181,134,0.0,0.0023250263
181,135,0.0,0.0033803154
181,136,0.0,0.0031786845
181,137,0.0,0.0026025283
181,138,0.0,0.0027894913
181,139,0.0,0.002555944
181,140,0.0,0.003407463
181,141,0.0,0.0026321304
181,142,0.0,0.002557017
181,143,0.0,0.0034507602
181,144,0.0,0.0025399192
181,145,0.0,0.0030177021
181,146,0.0,0.0026540593
181,147,0.155232701446973,0.0025991793
181,148,0.0,0.002763738
181,149,0.0,0.0028359345
181,150,0.0,0.0024821535
181,151,0.0,0.0022724527
181,152,0.0,0.002961676
181,153,0.0,0.0035983832
181,154,0.0,0.0021634856
181,155,0.0,0.002060514
181,156,0.0,0.002083553
181,157,0.0,0.0018826067
181,158,0.0,0.0026908745
181,159,0.0,0.0027560564
181,160,0.0,0.0023456574
181,161,0.0,0.0016260734
181,162,0.0,0.0023708013
181,163,0.0,0.0018834588
181,164,0.0,0.0024814773
181,165,0.0,0.0025134347
181,166,0.0,0.002130297
181,167,0.145545573815824,0.0023059226
181,168,0.0,0.0025739982
181,169,0.0,0.0023861164
181,170,0.0,0.0035839835
181,171,0.0,0.0023948448
181,172,0.0,0.0023241192
181,173,0.0,0.002771515
181,174,0.0,0.0022418825
181,175,-0.16733548398054,0.002443831
181,176,0.0,0.0027851365
181,177,0.0,0.0034450744
181,178,0.0,0.0022530234
181,179,0.155444855983369,0.0025342111
181,180,0.0,0.00237581
181,181,0.0,0.030703487
181,182,0.0,0.0025857785
181,183,0.0,0.0026216847
181,184,0.0,0.0033488986
181,185,-0.155695969059402,0.003171483
181,186,0.0,0.002352092
181,187,0.0,0.0017259801
181,188,0.0,0.0033995635
181,189,-0.156856559242559,0.0033427188
181,190,0.0,0.0031937594
181,191,0.0,0.002647826
181,192,0.162142245626752,0.0023211413
181,193,0.0,0.0036303406
181,194,0.0,0.0027671917
181,195,0.0,0.0020902222
181,196,0.0,0.0022707852
181,197,0.0,0.0022768378
181,198,0.0,0.0027543786
181,199,0.169076695384252,0.0025804262
181,200,0.0,0.00274191
181,201,0.144461745341806,0.0025687646
181,202,0.157385443593134,0.0023426106
181,203,0.0,0.001664734
181,204,0.0,0.002687967
181,205,0.0,0.00223009
181,206,0.0,0.002242078
181,207,0.0,0.0025514807
181,208,0.0,0.0020235386
181,209,0.150748928546628,0.0032686042
181,210,0.0,0.00261075
181,211,0.0,0.0025511817
181,212,0.0,0.003499709
181,213,0.0,0.0028079497
181,214,0.0,0.0033120895
181,215,0.0,0.0026941001
181,216,0.0,0.0026563448
181,217,0.0,0.0027115555
181,218,-0.159527799515937,0.002311638
181,219,0.0,0.0025795568
181,220,-0.161548245974145,0.0024947072
181,221,0.0,0.002417448
181,222,0.0,0.0031387918
181,223,0.0,0.0025372803
181,224,0.0,0.00277797
181,225,0.0,0.0024685892
181,226,0.0,0.0024440852
181,227,0.0,0.0019570594
181,228,0.0,0.0021211253
181,229,0.0,0.0024950737
181,230,0.0,0.0027889716
181,231,-0.153681572298936,0.00249734
181,232,0.0,0.0023969663
181,233,0.0,0.0021673832
181,234,0.0,0.002254608
181,235,0.0,0.0032806708
181,236,0.0,0.002366073
181,237,0.0,0.0027838866
181,238,0.0,0.002376875
181,239,0.0,0.0032984777
181,240,0.0,0.0023247334
181,241,0.152109783697982,0.0026400648
181,242,0.0,0.0024062223
181,243,0.0,0.003618908
181,244,0.0,0.0027647559
181,245,0.0,0.002555265
181,246,0.0,0.0024896506
181,247,0.0,0.0023317635
181,248,0.0,0.0023593046
181,249,0.0,0.0027113599
181,250,-0.154806387392869,0.0026290966
181,251,0.0,0.0021572514
181,252,0.0,0.0026193578
181,253,0.0,0.0024795248
181,254,0.0,0.0027649598
181,255,0.0,0.002783108
181,256,0.0,0.003022567
181,257,0.0,0.0034786328
181,258,0.0,0.0019638296
181,259,0.0,0.0025498471
181,260,0.145595174792716,0.0023542568
181,261,0.0,0.0025719688
181,262,0.0,0.0027705966
181,263,0.0,0.0025519314
181,264,0.0,0.0018358906
181,265,0.0,0.0026948764
181,266,0.0,0.0029183351
181,267,0.0,0.002525868
181,268,0.0,0.0027770754
182,1,0.0,0.0015086732
182,2,0.0,0.0015835799
182,3,0.0,0.00303776
182,4,0.0,0.0025222888
182,5,0.0,0.0021621794
182,6,0.0,0.003522683
182,7,0.0,0.0014675385
182,8,-0.150293206362546,0.0027143871
182,9,0.0,0.0024479176
182,10,0.0,0.002708931
182,11,-0.161085524048149,0.0023437883
182,12,0.148207878078547,0.0014942763
182,13,0.0,0.0021667695
182,14,0.0,0.0041396376
182,15,0.0,0.0024903975
182,16,0.0,0.0029700832
182,17,0.0,0.002468911
182,18,0.0,0.0029005748
182,19,0.0,0.0016976506
182,20,0.0,0.0015587555
182,21,0.0,0.00282794
182,22,0.0,0.0020119138
182,23,0.154563431948493,0.0023330627
182,24,0.0,0.0014878195
182,25,0.0,0.0033166567
182,26,0.0,0.0035729045
182,27,0.0,0.0015213531
182,28,0.0,0.0017925045
182,29,0.0,0.002472069
182,30,0.0,0.0014702836
182,31,0.0,0.002444027
182,32,0.0,0.003504999
182,33,-0.143451885703727,0.0022989246
182,34,0.0,0.0026360494
182,35,0.0,0.0016491911
182,36,0.0,0.0022691744
182,37,0.0,0.0014635772
182,38,0.0,0.001592496
182,39,0.0,0.0045020096
182,40,0.0,0.002305178
182,41,0.0,0.0016475939
182,42,0.0,0.002156658
182,43,0.0,0.0020055673
182,44,0.0,0.0022660792
182,45,-0.157256392973367,0.001980973
182,46,0.0,0.0023054346
182,47,0.0,0.0014645774
182,48,0.0,0.002565579
182,49,0.0,0.002359271
182,50,0.0,0.00260932
182,51,0.0,0.0047481973
182,52,0.159152863877947,0.0015680352
182,53,0.0,0.0027471487
182,54,0.0,0.0017878385
182,55,0.0,0.0018792534
182,56,0.0,0.0027058916
182,57,0.0,0.0025297329
182,58,-0.157369669778423,0.0016782926
182,59,0.0,0.0017337459
182,60,0.0,0.0014895275
182,61,0.0,0.0016868869
182,62,0.0,0.0018756613
182,63,0.154811791746367,0.0022423351
182,64,0.0,0.0014935695
182,65,0.0,0.0021290379
182,66,0.0,0.002574711
182,67,0.150302594984387,0.0028371415
182,68,0.0,0.0018301178
182,69,0.0,0.0024048802
182,70,0.157975207172177,0.0014852635
182,71,0.0,0.0026390417
182,72,0.0,0.0020682896
182,73,0.16371098530544,0.0032962603
182,74,0.0,0.001629157
182,75,0.0,0.0025550583
182,76,0.0,0.0018484667
182,77,0.0,0.0020304425
182,78,0.0,0.00161068
182,79,0.0,0.002080469
182,80,0.0,0.0014757947
182,81,0.0,0.002806393
182,82,0.0,0.0016783606
182,83,0.0,0.0024340888
182,84,0.0,0.003759616
182,85,0.0,0.0014932575
182,86,0.0,0.0017455141
182,87,0.0,0.0022377116
182,88,0.0,0.0018132152
182,89,0.0,0.0020279777
182,90,0.0,0.0016333014
182,91,0.0,0.0024316325
182,92,0.0,0.0019473596
182,93,0.0,0.0029830863
182,94,0.0,0.0026907744
182,95,0.0,0.0019248086
182,96,0.0,0.00243751
182,97,0.0,0.0016964506
182,98,0.0,0.0014943527
182,99,0.0,0.0020021787
182,100,0.0,0.0026445729
182,101,0.0,0.0016110805
182,102,0.0,0.0014841575
182,103,0.0,0.0017200401
182,104,-0.145869565028838,0.0023795227
182,105,0.0,0.0027150256
182,106,-0.163094602227942,0.002678893
182,107,0.0,0.0014584027
182,108,0.0,0.0023784698
182,109,-0.162794881028666,0.0027973056
182,110,0.0,0.0016586231
182,111,0.166987991277137,0.0014768741
182,112,0.0,0.0015242202
182,113,0.0,0.0022301325
182,114,0.149150290249574,0.002219011
182,115,0.0,0.0021898542
182,116,0.0,0.0019223336
182,117,0.0,0.0014784159
182,118,0.0,0.0026196945
182,119,0.0,0.0014808285
182,120,0.0,0.0019056094
182,121,0.0,0.0017099646
182,122,0.0,0.002411116
182,123,0.0,0.0023455424
182,124,0.0,0.0015798965
182,125,0.0,0.0024706512
182,126,0.0,0.0017331294
182,127,0.0,0.0014760448
182,128,0.0,0.0030291998
182,129,0.0,0.001647423
182,130,0.0,0.0023850817
182,131,0.0,0.0018716971
182,132,0.0,0.0023895511
182,133,0.0,0.0017572511
182,134,0.0,0.0023011002
182,135,0.0,0.0022204723
182,136,0.0,0.002310413
182,137,0.0,0.0014793058
182,138,0.0,0.0022059744
182,139,0.0,0.0032593608
182,140,0.0,0.0014616819
182,141,0.0,0.003866945
182,142,0.0,0.0014774911
182,143,0.0,0.0018024938
182,144,0.0,0.0027192836
182,145,0.0,0.0035912548
182,146,0.0,0.001642704
182,147,0.0,0.001494254
182,148,0.0,0.0035142098
182,149,-0.154177636226677,0.0028432515
182,150,0.0,0.0021407977
182,151,0.0,0.002102457
182,152,0.0,0.0015090047
182,153,0.0,0.002517329
182,154,0.0,0.0024650777
182,155,-0.172837668108991,0.0026913136
182,156,-0.155231139424668,0.0028831605
182,157,0.0,0.0014938135
182,158,0.0,0.002440527
182,159,0.0,0.0024934183
182,160,0.0,0.0014579399
182,161,-0.148249718803599,0.002577867
182,162,0.0,0.0025522066
182,163,0.0,0.0023454786
182,164,0.0,0.002468313
182,165,0.0,0.002448841
182,166,0.0,0.0016744854
182,167,0.0,0.0033901013
182,168,0.147985188457719,0.0016985727
182,169,0.0,0.0015068576
182,170,0.0,0.0017187898
182,171,0.0,0.002338842
182,172,0.0,0.0026083793
182,173,0.0,0.0016207471
182,174,0.150908248039487,0.0016624117
182,175,0.0,0.0036009215
182,176,0.0,0.0015101037
182,177,0.0,0.003632146
182,178,0.0,0.0014910549
182,179,0.0,0.002139214
182,180,0.0,0.0025653802
182,181,0.0,0.0025857785
182,182,0.0,0.030703487
182,183,0.0,0.0061820894
182,184,0.0,0.0018593874
182,185,0.0,0.003860999
182,186,0.0,0.0014851638
182,187,0.0,0.0022554398
182,188,0.0,0.0017303657
182,189,0.0,0.0014585005
182,190,0.0,0.0015251515
182,191,0.0,0.0027022758
182,192,0.0,0.001468373
182,193,0.0,0.0028283242
182,194,0.0,0.0016278639
182,195,0.158219198610744,0.0022366308
182,196,0.0,0.0026089791
182,197,0.151136124328049,0.0024565468
182,198,0.0,0.0048365295
182,199,-0.173622150335842,0.001491616
182,200,0.0,0.0015619593
182,201,0.0,0.0030792416
182,202,0.0,0.0015747235
182,203,0.0,0.0020913999
182,204,0.0,0.0015459056
182,205,0.0,0.0034890324
182,206,0.0,0.0017410894
182,207,0.0,0.001506201
182,208,0.0,0.002823295
182,209,0.0,0.0023261774
182,210,0.0,0.0030687186
182,211,0.0,0.0016218997
182,212,-0.153825883776878,0.0027696243
182,213,0.165330061262862,0.0016265521
182,214,0.0,0.0014741486
182,215,-0.151776322217422,0.0014707311
182,216,0.0,0.0018606926
182,217,0.0,0.0032950286
182,218,0.0,0.0023074583
182,219,0.0,0.0015229033
182,220,0.0,0.0025888556
182,221,0.0,0.0022712913
182,222,0.164835215553983,0.0016088276
182,223,0.0,0.0022055325
182,224,0.0,0.0016578911
182,225,0.0,0.0014629825
182,226,0.0,0.00250109
182,227,0.0,0.002505429
182,228,0.0,0.002455282
182,229,0.174264508854666,0.0014867787
182,230,0.0,0.0021820795
182,231,0.0,0.0014757868
182,232,0.0,0.002764898
182,233,0.0,0.0016239518
182,234,0.0,0.0031676409
182,235,0.0,0.0016717017
182,236,0.0,0.0027801325
182,237,0.153420346489379,0.0023378879
182,238,0.0,0.0027641063
182,239,0.0,0.0035399552
182,240,0.0,0.002726789
182,241,0.0,0.002957794
182,242,-0.165758971740077,0.0019573672
182,243,0.0,0.0025517927
182,244,0.0,0.0024741353
182,245,0.0,0.0024913684
182,246,0.0,0.0025075143
182,247,0.0,0.0021903743
182,248,0.0,0.0022186008
182,249,0.0,0.0016421233
182,250,0.0,0.0022805831
182,251,0.0,0.0016117916
182,252,0.0,0.0024246988
182,253,0.0,0.0019392455
182,254,0.0,0.0014955928
182,255,0.0,0.0024922537
182,256,0.0,0.0029659532
182,257,0.0,0.0031520678
182,258,0.0,0.0026394227
182,259,0.0,0.002238641
182,260,0.0,0.002484899
182,261,0.0,0.0024549942
182,262,0.0,0.0025228024
182,263,0.0,0.0035901675
182,264,0.0,0.0018400257
182,265,0.0,0.003004374
182,266,0.0,0.0014742105
182,267,0.0,0.0022822255
182,268,0.0,0.0014922223
183,1,-0.162891393777159,0.0024951603
183,2,0.0,0.0020842664
183,3,0.0,0.0026015504
183,4,0.164817256533594,0.0017281566
183,5,0.0,0.0023626112
183,6,0.0,0.002076588
183,7,0.0,0.0015178053
183,8,0.0,0.0018934496
183,9,0.0,0.0017204816
183,10,0.0,0.0025134534
183,11,0.0,0.0024760407
183,12,0.0,0.0016957549
183,13,0.0,0.0014967136
183,14,0.0,0.0014814571
183,15,0.0,0.003561888
183,16,0.0,0.0026201522
183,17,0.0,0.0024550986
183,18,0.0,0.0026839096
183,19,0.0,0.0021529016
183,20,0.0,0.00153118
183,21,0.0,0.0023669954
183,22,0.0,0.0015517166
183,23,0.0,0.0027766856
183,24,0.0,0.0017394624
183,25,0.0,0.0023790128
183,26,-0.165633744737715,0.00311278
183,27,0.0,0.001797412
183,28,0.0,0.0014940682
183,29,0.0,0.0028041112
183,30,0.0,0.0015760213
183,31,0.0,0.0029114666
183,32,0.0,0.00254056
183,33,0.0,0.0027064113
183,34,0.0,0.0025605364
183,35,0.0,0.0027473639
183,36,0.0,0.0036194893
183,37,0.152392248083075,0.0018322235
183,38,0.0,0.0026046936
183,39,0.0,0.0017839284
183,40,0.0,0.002010948
183,41,0.0,0.001466861
183,42,0.0,0.0024008667
183,43,0.0,0.0015969472
183,44,0.0,0.0016165609
183,45,0.0,0.0029543815
183,46,0.0,0.0031686132
183,47,0.0,0.0021601552
183,48,0.0,0.0027907179
183,49,0.0,0.0019145021
183,50,0.0,0.00326605
183,51,0.0,0.0014687055
183,52,0.165350749915478,0.0025828602
183,53,0.0,0.0026923097
183,54,0.0,0.002576258
183,55,0.0,0.0019104565
183,56,0.0,0.0023001553
183,57,0.0,0.002701365
183,58,0.0,0.00235845
183,59,0.165283317838658,0.0031521427
183,60,0.0,0.0023457478
183,61,0.0,0.0023721275
183,62,0.15721751540435,0.0021352642
183,63,0.0,0.0018463577
183,64,0.0,0.0016314811
183,65,0.0,0.0017499812
183,66,0.0,0.0014941762
183,67,0.0,0.0014672065
183,68,0.0,0.0018037595
183,69,0.0,0.0023709685
183,70,0.0,0.0015248032
183,71,-0.181700030982641,0.0019344855
183,72,0.0,0.0015476211
183,73,0.0,0.0014683735
183,74,0.0,0.0029937471
183,75,0.0,0.0023962525
183,76,0.0,0.001492992
183,77,0.0,0.0024767192
183,78,0.0,0.0024916716
183,79,0.0,0.0034786267
183,80,0.0,0.0027813883
183,81,0.0,0.0023188572
183,82,0.0,0.0028205756
183,83,0.0,0.0032359925
183,84,0.0,0.0014812583
183,85,-0.165600338756019,0.0031156233
183,86,0.0,0.0033529443
183,87,0.0,0.0035783388
183,88,0.0,0.0014898661
183,89,0.0,0.0016164486
183,90,0.0,0.0031497981
183,91,0.0,0.0024275999
183,92,0.0,0.0029644673
183,93,0.0,0.0022976836
183,94,0.0,0.0024209763
183,95,0.0,0.0035287836
183,96,0.0,0.0027409839
183,97,0.0,0.003064983
183,98,0.0,0.0024071643
183,99,0.0,0.00279144
183,100,0.0,0.001512303
183,101,0.0,0.0028460384
183,102,0.0,0.002406517
183,103,0.0,0.0023072134
183,104,-0.151550159888169,0.0016467222
183,105,0.0,0.0014884407
183,106,0.0,0.0014870786
183,107,0.0,0.0014986163
183,108,0.0,0.002689201
183,109,0.0,0.003614427
183,110,0.0,0.0022833087
183,111,0.173491000486985,0.0024310653
183,112,-0.171686978880991,0.0015300531
183,113,0.0,0.002358636
183,114,0.0,0.0014894325
183,115,0.0,0.003136293
183,116,0.0,0.0015146611
183,117,-0.143948900070136,0.0017418987
183,118,0.0,0.0025587985
183,119,0.153385352213667,0.0016235448
183,120,0.0,0.0016840808
183,121,0.0,0.0014939248
183,122,0.0,0.003105043
183,123,0.0,0.0015314855
183,124,0.163405082603449,0.0017900798
183,125,0.0,0.0027559358
183,126,0.0,0.003424535
183,127,0.0,0.0016619517
183,128,0.0,0.0035220874
183,129,0.0,0.0018023276
183,130,0.0,0.002785833
183,131,0.0,0.0014648209
183,132,0.0,0.002049889
183,133,0.162207487710194,0.0020841835
183,134,0.0,0.0015975283
183,135,0.0,0.0018252921
183,136,0.0,0.002575547
183,137,0.0,0.0016006399
183,138,0.0,0.002766246
183,139,-0.147207783168714,0.0014919797
183,140,0.0,0.003523591
183,141,-0.178881579305353,0.0014576111
183,142,0.0,0.0025629373
183,143,-0.166376140679367,0.0015970105
183,144,0.0,0.0014932444
183,145,0.0,0.0034286315
183,146,0.0,0.0035022916
183,147,0.0,0.0036472068
183,148,0.0,0.0023571216
183,149,0.0,0.0035400363
183,150,0.0,0.0014947248
183,151,0.0,0.0023922794
183,152,0.0,0.0015266305
183,153,0.0,0.0017876341
183,154,0.0,0.001663499
183,155,0.0,0.0016854713
183,156,0.0,0.002287644
183,157,0.0,0.0020238073
183,158,0.0,0.0027693855
183,159,0.0,0.0023172619
183,160,0.161441827360273,0.0021470124
183,161,0.0,0.0025917124
183,162,0.0,0.0014920887
183,163,-0.15667053096732,0.0014921976
183,164,0.0,0.0024972488
183,165,0.0,0.0035526385
183,166,0.169915776259671,0.0014888737
183,167,0.0,0.0027577635
183,168,-0.15374817198786,0.0034129876
183,169,0.0,0.0016065887
183,170,0.0,0.00270897
183,171,0.0,0.0034749345
183,172,0.0,0.0032863482
183,173,0.0,0.0030400082
183,174,0.0,0.0034050164
183,175,0.0,0.0024668342
183,176,0.0,0.001710833
183,177,0.0,0.0031278268
183,178,0.0,0.0021093078
183,179,0.0,0.0021710475
183,180,0.0,0.0021347525
183,181,0.0,0.0026216847
183,182,0.0,0.0061820894
183,183,0.0,0.030703487
183,184,0.0,0.0036095777
183,185,0.0,0.0014571995
183,186,-0.153572102222656,0.002500608
183,187,0.0,0.0036146631
183,188,0.0,0.0014941138
183,189,0.0,0.0016410211
183,190,0.0,0.0015278254
183,191,0.0,0.0024372437
183,192,0.0,0.0016241539
183,193,0.0,0.002158326
183,194,0.0,0.0017677927
183,195,0.0,0.0020335317
183,196,0.0,0.0023632334
183,197,0.0,0.002609964
183,198,0.0,0.0014943713
183,199,-0.166142848803077,0.001700345
183,200,0.0,0.0014943066
183,201,0.0,0.002161081
183,202,0.0,0.0014718436
183,203,0.0,0.0017202445
183,204,0.0,0.0016430034
183,205,0.0,0.0023645945
183,206,0.0,0.0031645414
183,207,0.0,0.002465718
183,208,0.0,0.0015047537
183,209,-0.14813310838509,0.002789041
183,210,0.0,0.002409832
183,211,0.0,0.0020278413
183,212,0.0,0.0016128705
183,213,0.0,0.0014950144
183,214,0.0,0.0017212634
183,215,0.0,0.0024706149
183,216,0.0,0.0017277803
183,217,0.0,0.003511433
183,218,0.0,0.002374542
183,219,0.0,0.0016306913
183,220,0.0,0.001469038
183,221,0.0,0.0017934139
183,222,0.0,0.0023662462
183,223,0.0,0.001491474
183,224,0.0,0.0026241504
183,225,0.0,0.0037610475
183,226,0.0,0.0018556002
183,227,0.0,0.0032393648
183,228,0.0,0.0017390382
183,229,0.0,0.002314819
183,230,0.0,0.002020819
183,231,0.0,0.0020914134
183,232,0.0,0.0018057963
183,233,0.0,0.0026899618
183,234,0.0,0.002690943
183,235,0.0,0.0018931418
183,236,0.0,0.0024305456
183,237,0.0,0.0016067615
183,238,0.0,0.0035829372
183,239,0.0,0.0018143868
183,240,-0.149880946769734,0.002785129
183,241,0.149470349754401,0.0014723479
183,242,0.0,0.0014586626
183,243,0.0,0.0018360671
183,244,0.0,0.0014819559
183,245,0.0,0.0016306262
183,246,0.0,0.0027484503
183,247,0.0,0.0036043595
183,248,0.0,0.0019981419
183,249,-0.158992100557656,0.0014806474
183,250,0.0,0.002345135
183,251,0.0,0.0014669052
183,252,0.0,0.0026583327
183,253,0.0,0.0019177645
183,254,0.0,0.0014922405
183,255,0.0,0.003487315
183,256,0.0,0.0014954084
183,257,0.0,0.003055951
183,258,0.0,0.0032628677
183,259,0.0,0.0034826552
183,260,0.0,0.0024567517
183,261,0.0,0.0023557278
183,262,-0.14868403824293,0.0018837177
183,263,0.0,0.0017090845
183,264,0.0,0.0027118092
183,265,-0.15613782016616,0.0023735943
183,266,0.0,0.00270868
183,267,0.154448834369546,0.0023207185
183,268,0.0,0.0024496429
184,1,0.0,0.0018515736
184,2,0.0,0.0024079983
184,3,0.0,0.0022898759
184,4,0.0,0.00278138
184,5,0.0,0.0019462081
184,6,0.0,0.0023969007
184,7,0.0,0.0031382232
184,8,0.0,0.003353118
184,9,0.0,0.0034884512
184,10,0.0,0.0025191493
184,11,-0.157512771874666,0.0027429922
184,12,0.144920742119799,0.0029745298
184,13,0.0,0.0019198973
184,14,0.0,0.0035389503
184,15,0.0,0.002356043
184,16,0.0,0.0017261496
184,17,0.0,0.00218524
184,18,0.0,0.002551498
184,19,0.0,0.0022142623
184,20,0.143479154567265,0.0026956084
184,21,0.0,0.0014770064
184,22,0.0,0.0023897104
184,23,-0.151135334726858,0.003397978
184,24,0.0,0.0015712418
184,25,0.0,0.0025097718
184,26,0.0,0.0035128687
184,27,0.0,0.002295713
184,28,-0.152438064242554,0.0017448906
184,29,0.0,0.001489182
184,30,0.0,0.0035018497
184,31,0.0,0.00252017
184,32,-0.146706817989907,0.0029175794
184,33,0.0,0.0014947797
184,34,0.0,0.0017487952
184,35,0.0,0.0025343946
184,36,0.0,0.001490396
184,37,0.0,0.002321913
184,38,0.147566512334416,0.0026925951
184,39,0.0,0.0023207013
184,40,0.0,0.0028263973
184,41,0.0,0.00258076
184,42,0.0,0.0022786781
184,43,0.0,0.0031216186
184,44,0.0,0.0025397409
184,45,0.0,0.0014931993
184,46,0.0,0.002383348
184,47,0.0,0.002296507
184,48,0.0,0.002467622
184,49,0.0,0.0018475908
184,50,0.0,0.0034464756
184,51,0.0,0.0035827141
184,52,0.0,0.002277432
184,53,0.0,0.0025160005
184,54,0.0,0.0022361083
184,55,0.0,0.0026671696
184,56,0.0,0.0027325037
184,57,0.0,0.0014633993
184,58,0.0,0.002781184
184,59,0.0,0.002370108
184,60,0.0,0.0019542803
184,61,0.0,0.0015405538
184,62,0.0,0.0027737129
184,63,0.0,0.0025995253
184,64,0.0,0.002311787
184,65,-0.185662159365831,0.002887018
184,66,0.0,0.0023388248
184,67,0.0,0.002431265
184,68,0.0,0.0017823018
184,69,0.0,0.0033940854
184,70,0.0,0.0035689818
184,71,0.0,0.0036010006
184,72,0.0,0.0033374391
184,73,0.160080002434514,0.0021737372
184,74,0.0,0.0015800847
184,75,0.0,0.0030989707
184,76,0.0,0.003590499
184,77,0.0,0.0014934498
184,78,0.0,0.0017874925
184,79,0.0,0.0021234402
184,80,0.0,0.0020616152
184,81,0.0,0.0020532054
184,82,0.0,0.0025872728
184,83,0.0,0.003602299
184,84,0.0,0.00162195
184,85,0.0,0.0014603301
184,86,0.0,0.0020776456
184,87,-0.161558180648763,0.002397819
184,88,0.0,0.00172893
184,89,0.0,0.0027140928
184,90,0.0,0.0023778155
184,91,0.0,0.0022370648
184,92,0.0,0.002539651
184,93,0.0,0.002936008
184,94,0.0,0.0022751167
184,95,0.0,0.0017575892
184,96,0.0,0.0025270008
184,97,0.154617557516726,0.0021387208
184,98,0.0,0.0019802665
184,99,0.0,0.0024142172
184,100,0.0,0.0024194475
184,101,0.145751274425769,0.0027146242
184,102,-0.149337629995539,0.001724462
184,103,0.0,0.002611116
184,104,0.0,0.0032508192
184,105,0.0,0.0027560126
184,106,0.159477290256327,0.0025525056
184,107,0.0,0.0025606896
184,108,0.0,0.0025364999
184,109,0.0,0.0016991366
184,110,0.0,0.0026300363
184,111,0.16328432695158,0.0023434707
184,112,0.0,0.0017945273
184,113,0.0,0.0016153324
184,114,0.0,0.00246316
184,115,0.0,0.0024366877
184,116,0.0,0.0017412482
184,117,0.0,0.002609143
184,118,0.0,0.0021809116
184,119,0.0,0.0014939471
184,120,0.0,0.0014736392
184,121,0.0,0.0015381752
184,122,0.0,0.0036185756
184,123,0.0,0.0017422047
184,124,0.0,0.0027724328
184,125,0.0,0.0026662364
184,126,0.0,0.0017435178
184,127,0.0,0.0018543401
184,128,0.0,0.0033748453
184,129,0.0,0.0026874854
184,130,0.0,0.0023789564
184,131,0.0,0.0029438403
184,132,0.0,0.0019715987
184,133,0.0,0.0014794087
184,134,0.0,0.0022843396
184,135,0.0,0.001724503
184,136,0.0,0.0018341881
184,137,0.0,0.0020461092
184,138,0.0,0.002465128
184,139,0.138547381300857,0.002766286
184,140,0.0,0.0014574551
184,141,0.0,0.0023237378
184,142,0.0,0.0027860831
184,143,0.0,0.0020504259
184,144,0.0,0.0018494958
184,145,0.0,0.0024254345
184,146,0.0,0.0014844667
184,147,0.0,0.0020618732
184,148,0.0,0.0023099715
184,149,0.0,0.0014901347
184,150,0.0,0.0020501465
184,151,0.0,0.0025674049
184,152,0.0,0.002145208
184,153,0.0,0.0017353324
184,154,0.0,0.0014793444
184,155,0.0,0.003338568
184,156,0.0,0.0027757315
184,157,0.0,0.0024022805
184,158,0.0,0.0023309877
184,159,0.0,0.0016600066
184,160,0.0,0.0019349153
184,161,0.0,0.0023954613
184,162,0.0,0.0024524978
184,163,0.0,0.0016485951
184,164,0.0,0.0014781179
184,165,0.0,0.0024396232
184,166,0.0,0.0023067757
184,167,0.0,0.0028440966
184,168,0.0,0.002635471
184,169,0.0,0.0027847434
184,170,0.0,0.0032023834
184,171,0.0,0.0022754273
184,172,0.0,0.0034315456
184,173,0.0,0.0018172581
184,174,0.0,0.0019987305
184,175,0.166499256867438,0.0014588088
184,176,0.0,0.0019662916
184,177,0.0,0.0017408207
184,178,0.0,0.0036225761
184,179,0.0,0.0024173367
184,180,0.0,0.0017975299
184,181,0.0,0.0033488986
184,182,0.0,0.0018593874
184,183,0.0,0.0036095777
184,184,0.175262175500393,0.030703487
184,185,0.0,0.0027312338
184,186,0.0,0.0019736355
184,187,0.0,0.0022877534
184,188,0.0,0.0020947265
184,189,0.0,0.0023682253
184,190,-0.153857448003183,0.0025633303
184,191,0.0,0.0032296283
184,192,0.156252996979911,0.00241007
184,193,0.0,0.0017402247
184,194,0.0,0.0033765435
184,195,0.0,0.0027680416
184,196,-0.150396273252213,0.0021365052
184,197,0.0,0.0023443312
184,198,0.0,0.00361185
184,199,-0.162935577160219,0.0014894977
184,200,0.0,0.0033685649
184,201,0.0,0.0020142663
184,202,0.0,0.0014795922
184,203,0.0,0.00167468
184,204,0.0,0.0027788854
184,205,0.0,0.0025502546
184,206,0.0,0.0017094896
184,207,0.0,0.0031068954
184,208,0.0,0.0019601728
184,209,0.0,0.0025017941
184,210,0.0,0.0024487642
184,211,0.0,0.0024599638
184,212,0.0,0.0023424258
184,213,0.0,0.0019395724
184,214,0.0,0.002352544
184,215,0.0,0.003349117
184,216,0.0,0.00181633
184,217,0.0,0.0030613616
184,218,0.0,0.0023215776
184,219,0.0,0.0023648543
184,220,0.0,0.0029237643
184,221,0.0,0.0023986804
184,222,0.154689484784437,0.002151072
184,223,-0.159218210087322,0.0026562475
184,224,0.0,0.0033288128
184,225,0.0,0.0034466358
184,226,0.0,0.0034553884
184,227,0.0,0.0018888321
184,228,0.0,0.0022068233
184,229,0.0,0.0025585983
184,230,0.0,0.0017064447
184,231,0.0,0.0017574467
184,232,0.0,0.0017822916
184,233,0.0,0.0018619997
184,234,0.0,0.0027641421
184,235,0.0,0.0023423503
184,236,0.0,0.0033663833
184,237,0.0,0.0022508758
184,238,0.0,0.0015335698
184,239,0.0,0.0019326233
184,240,0.0,0.00195002
184,241,0.0,0.0029307986
184,242,0.0,0.00452039
184,243,0.0,0.0016208766
184,244,0.0,0.0020862631
184,245,0.0,0.0014579864
184,246,0.0,0.0026906366
184,247,0.0,0.001634392
184,248,0.0,0.0031516785
184,249,0.0,0.0035560033
184,250,0.0,0.001978768
184,251,0.0,0.0016712928
184,252,-0.152055615932267,0.0025504492
184,253,0.0,0.0014863783
184,254,0.0,0.0018226937
184,255,0.0,0.0018643662
184,256,0.0,0.0026562298
184,257,0.0,0.0034903358
184,258,0.0,0.0025354899
184,259,0.0,0.0017383061
184,260,0.0,0.0022670352
184,261,0.0,0.0034776954
184,262,0.0,0.002514671
184,263,0.0,0.0014598938
184,264,0.0,0.0024668234
184,265,0.0,0.0023292964
184,266,0.0,0.0015055346
184,267,0.0,0.001740837
184,268,0.0,0.0020116135
185,1,0.0,0.0018542549
185,2,-0.162434135016643,0.0033712317
185,3,0.0,0.0024844194
185,4,0.0,0.0025445586
185,5,0.0,0.0015444802
185,6,0.0,0.0016143159
185,7,0.0,0.0025518052
185,8,0.0,0.003308522
185,9,0.0,0.00306335
185,10,0.0,0.002121307
185,11,0.162861007480765,0.002497668
185,12,0.0,0.0020425725
185,13,0.0,0.001493833
185,14,0.0,0.0017559221
185,15,0.0,0.0017254506
185,16,0.0,0.0023246137
185,17,0.0,0.0023636296
185,18,0.0,0.0018709041
185,19,0.16001368689915,0.002233088
185,20,0.0,0.002137824
185,21,0.0,0.0036151744
185,22,-0.171348061967696,0.0017169444
185,23,0.0,0.002749179
185,24,0.0,0.0029649106
185,25,0.0,0.0019720555
185,26,-0.161182435047186,0.0024412028
185,27,0.0,0.0034091412
185,28,0.0,0.0025434033
185,29,0.0,0.0017496324
185,30,0.0,0.002407102
185,31,0.0,0.0028142007
185,32,0.0,0.0026146783
185,33,0.0,0.0023802305
185,34,0.0,0.0025437898
185,35,0.0,0.0025675078
185,36,0.0,0.0022048093
185,37,0.0,0.0027115531
185,38,0.0,0.0014956472
185,39,0.0,0.0015329607
185,40,0.0,0.002414206
185,41,0.0,0.0035648881
185,42,0.0,0.0017608106
185,43,0.156884307166491,0.0018474068
185,44,0.0,0.003436619
185,45,0.0,0.0024392726
185,46,0.0,0.0035422938
185,47,0.0,0.0022870135
185,48,0.0,0.002332779
185,49,0.0,0.002765119
185,50,0.0,0.0020158961
185,51,0.0,0.0019936217
185,52,0.0,0.0014993157
185,53,0.0,0.0016907104
185,54,0.0,0.0033445074
185,55,0.0,0.0020203367
185,56,0.0,0.0015221965
185,57,0.0,0.0024043554
185,58,-0.159104197093269,0.0036071981
185,59,0.160841425665399,0.001601615
185,60,-0.149820307738181,0.0025633299
185,61,0.0,0.0024048411
185,62,0.0,0.0021024952
185,63,0.0,0.001741421
185,64,0.0,0.0015438143
185,65,0.0,0.0029472476
185,66,0.0,0.002255001
185,67,0.0,0.0017949552
185,68,0.0,0.0035130926
185,69,0.0,0.0019175722
185,70,0.0,0.0016096458
185,71,0.0,0.0014605206
185,72,0.0,0.0026855688
185,73,0.0,0.0015129182
185,74,0.0,0.0017605517
185,75,-0.146464542803221,0.0023535965
185,76,0.0,0.0034005381
185,77,0.0,0.002773894
185,78,0.0,0.0016732425
185,79,0.174737192784792,0.0026411721
185,80,0.0,0.0025981148
185,81,0.0,0.0025828178
185,82,0.0,0.0023763012
185,83,0.0,0.002714606
185,84,0.0,0.0016170847
185,85,-0.161149926831645,0.0026914706
185,86,0.0,0.0024647615
185,87,0.0,0.0023633568
185,88,0.0,0.0025875522
185,89,0.0,0.0022890242
185,90,0.162215301902412,0.002359374
185,91,0.0,0.0015927325
185,92,0.145595937207582,0.0025871838
185,93,0.0,0.002401629
185,94,0.0,0.0020563519
185,95,0.0,0.0021444615
185,96,0.0,0.0019053407
185,97,0.0,0.0027680374
185,98,0.0,0.0027896347
185,99,0.0,0.0036317739
185,100,0.0,0.0027701338
185,101,0.0,0.0035266438
185,102,0.0,0.0023286454
185,103,-0.170209943318581,0.0026277374
185,104,0.0,0.002342301
185,105,0.0,0.0035295943
185,106,0.0,0.0014928016
185,107,0.0,0.0016900157
185,108,0.0,0.0020987783
185,109,0.164589204981045,0.0017304528
185,110,0.0,0.0015940429
185,111,0.0,0.0026413677
185,112,0.0,0.0017453842
185,113,0.0,0.0018720999
185,114,0.0,0.0030420744
185,115,0.0,0.002783019
185,116,0.0,0.001491534
185,117,0.0,0.0016062539
185,118,0.0,0.002736615
185,119,0.0,0.0017401786
185,120,0.0,0.0023758006
185,121,0.0,0.0035877381
185,122,0.0,0.0017950237
185,123,0.0,0.0018573105
185,124,0.159013666899926,0.0028688828
185,125,0.0,0.0034563453
185,126,0.152205388757893,0.0021046856
185,127,0.0,0.0027338648
185,128,0.0,0.002529434
185,129,0.0,0.0020016097
185,130,0.0,0.002325478
185,131,0.0,0.0018147598
185,132,0.0,0.002792227
185,133,0.0,0.0017007976
185,134,0.0,0.001758425
185,135,-0.161193847817262,0.0026358464
185,136,0.0,0.002389195
185,137,0.0,0.0019480605
185,138,0.0,0.0014931811
185,139,0.0,0.0014867494
185,140,0.0,0.0017503216
185,141,0.0,0.002898979
185,142,0.0,0.0024703112
185,143,0.161904879533568,0.0027312324
185,144,0.0,0.0020375457
185,145,0.0,0.003584384
185,146,0.0,0.0016125822
185,147,0.0,0.002420764
185,148,0.0,0.002355285
185,149,0.0,0.0018498455
185,150,0.0,0.0014923853
185,151,0.0,0.0021500369
185,152,0.0,0.0015529236
185,153,0.0,0.0023669726
185,154,0.0,0.0035396186
185,155,0.0,0.003160682
185,156,0.0,0.0016521094
185,157,0.0,0.002060824
185,158,0.0,0.0022276393
185,159,0.0,0.0018609036
185,160,0.0,0.0016048672
185,161,0.0,0.0019178893
185,162,0.0,0.002347238
185,163,0.0,0.0031816345
185,164,-0.164646438024208,0.0030012974
185,165,0.0,0.0024106908
185,166,0.0,0.0024825935
185,167,0.0,0.0022974373
185,168,0.0,0.0024048071
185,169,0.0,0.0016590613
185,170,0.0,0.0023489692
185,171,0.0,0.0026141577
185,172,0.0,0.0025662347
185,173,0.0,0.0025924742
185,174,0.0,0.0022840216
185,175,0.172152622263586,0.0026693684
185,176,0.0,0.0022519683
185,177,0.0,0.002417088
185,178,0.0,0.0027566273
185,179,0.0,0.0014914637
185,180,0.0,0.0021258662
185,181,0.0,0.003171483
185,182,0.0,0.003860999
185,183,0.0,0.0014571995
185,184,0.0,0.0027312338
185,185,-0.784498772118241,0.030703487
185,186,0.0,0.0025524092
185,187,0.0,0.002489118
185,188,0.0,0.0014817836
185,189,0.0,0.0027058069
185,190,0.0,0.0022253068
185,191,0.0,0.002609373
185,192,0.0,0.0023364164
185,193,0.0,0.0033924095
185,194,0.0,0.0027787504
185,195,0.0,0.0023643188
185,196,0.0,0.0027882475
185,197,0.0,0.001604767
185,198,0.0,0.0021682577
185,199,0.166838021417863,0.0027806722
185,200,0.0,0.0014955043
185,201,0.0,0.0024192482
185,202,0.0,0.0014934712
185,203,0.0,0.0028445814
185,204,0.0,0.0023558857
185,205,0.0,0.0017089965
185,206,0.0,0.0026663695
185,207,0.0,0.002384012
185,208,0.0,0.0027694493
185,209,0.0,0.003456066
185,210,0.0,0.0024368898
185,211,0.0,0.0036059967
185,212,0.0,0.0016280273
185,213,0.0,0.002057687
185,214,0.0,0.0026087258
185,215,0.0,0.0020866254
185,216,0.0,0.002468544
185,217,0.0,0.0030426597
185,218,-0.157415558494902,0.003503574
185,219,0.0,0.0017109876
185,220,0.0,0.0021861224
185,221,0.0,0.0030426392
185,222,0.0,0.0017043408
185,223,0.0,0.0023710784
185,224,0.154507972708095,0.0018301005
185,225,0.0,0.0017285058
185,226,0.0,0.0025253105
185,227,0.0,0.0032502017
185,228,0.0,0.0036198385
185,229,0.0,0.0025030943
185,230,0.0,0.0034793974
185,231,0.0,0.0023937938
185,232,0.0,0.003578214
185,233,0.0,0.001653343
185,234,0.0,0.0024125366
185,235,0.0,0.0019764625
185,236,0.0,0.0020388244
185,237,0.0,0.0014949245
185,238,0.0,0.0023391508
185,239,0.0,0.0025168695
185,240,0.0,0.0028741886
185,241,0.0,0.0014741058
185,242,0.0,0.0034126136
185,243,0.0,0.0023322613
185,244,0.0,0.0023578745
185,245,0.0,0.0029369388
185,246,0.154118065937324,0.0014838022
185,247,0.0,0.003478447
185,248,-0.155644807530038,0.0020893705
185,249,0.0,0.002385886
185,250,0.0,0.0016105212
185,251,0.0,0.002236885
185,252,-0.155697475958048,0.002769614
185,253,0.0,0.0023176367
185,254,0.0,0.0018893271
185,255,0.0,0.002422119
185,256,0.0,0.0024114642
185,257,0.0,0.0015132576
185,258,0.0,0.0019111871
185,259,0.0,0.002783265
185,260,0.0,0.0018855436
185,261,0.0,0.0019265842
185,262,0.0,0.0015170816
185,263,0.0,0.0015339842
185,264,0.0,0.0027024318
185,265,0.0,0.0028800447
185,266,0.0,0.0024567833
185,267,0.0,0.0029171668
185,268,0.158233563786443,0.0028007645
186,1,0.0,0.002744696
186,2,0.0,0.002728139
186,3,0.0,0.0023896606
186,4,0.0,0.0021934202
186,5,0.0,0.0018835315
186,6,0.0,0.0019117333
186,7,0.0,0.002314995
186,8,0.13435379606122,0.0016123126
186,9,0.0,0.0029164804
186,10,0.0,0.0029993732
186,11,0.0,0.0031234883
186,12,0.0,0.0018046764
186,13,0.0,0.002774308
186,14,0.0,0.0027807355
186,15,0.0,0.0015073544
186,16,0.0,0.0019309944
186,17,0.0,0.0027717422
186,18,0.0,0.0015118481
186,19,0.0,0.0021548327
186,20,0.0,0.0018368564
186,21,-0.138533356529799,0.0023453473
186,22,0.0,0.002618479
186,23,0.0,0.00350605
186,24,0.0,0.0023288932
186,25,0.0,0.0030812258
186,26,0.0,0.0024332805
186,27,0.0,0.0020352118
186,28,0.0,0.0027522007
186,29,0.0,0.0019157771
186,30,0.0,0.002383328
186,31,0.0,0.0025666985
186,32,0.0,0.0022301022
186,33,0.0,0.0016118824
186,34,0.0,0.0025268304
186,35,0.0,0.0024861712
186,36,0.0,0.002415394
186,37,0.0,0.002397941
186,38,0.0,0.0025674058
186,39,0.0,0.0030216454
186,40,0.0,0.0022107968
186,41,0.0,0.0021412633
186,42,0.0,0.0021377578
186,43,0.0,0.0035137502
186,44,0.0,0.0014917958
186,45,0.0,0.0025234227
186,46,0.0,0.0027705622
186,47,0.0,0.0025345082
186,48,0.0,0.0035112877
186,49,0.0,0.0025540655
186,50,0.134537673516144,0.0026741726
186,51,-0.141477785602486,0.0015177634
186,52,0.0,0.0017343941
186,53,0.0,0.0024539065
186,54,0.0,0.002614235
186,55,0.0,0.0026278892
186,56,0.0,0.0025565368
186,57,0.0,0.0029581222
186,58,0.0,0.002768089
186,59,0.0,0.0035807518
186,60,0.0,0.0024881735
186,61,0.0,0.0024653096
186,62,0.0,0.003548697
186,63,0.0,0.0017692083
186,64,0.0,0.0023486088
186,65,0.0,0.0032492625
186,66,0.0,0.0017009573
186,67,0.0,0.0025311606
186,68,0.0,0.0016400288
186,69,0.143719230073593,0.0034687123
186,70,0.0,0.0027838368
186,71,0.0,0.0023117042
186,72,0.0,0.0015352545
186,73,0.0,0.0025424324
186,74,0.0,0.0026813135
186,75,0.0,0.0021111649
186,76,0.0,0.0028154622
186,77,0.0,0.0022352664
186,78,0.129668683687405,0.0021401602
186,79,-0.154502440312217,0.002543773
186,80,0.0,0.0018828339
186,81,0.0,0.0019175368
186,82,0.0,0.0023958636
186,83,0.0,0.0024848352
186,84,0.0,0.0016992264
186,85,0.0,0.0017052884
186,86,0.0,0.0027562184
186,87,0.0,0.0023867576
186,88,0.0,0.0032425933
186,89,0.0,0.0014891406
186,90,0.14343059769063,0.0015546959
186,91,0.0,0.002312655
186,92,0.0,0.0023771743
186,93,0.0,0.0023687351
186,94,0.0,0.0017809374
186,95,0.133043514400634,0.0026779254
186,96,0.0,0.0026023006
186,97,0.0,0.0024372418
186,98,0.0,0.0033810963
186,99,0.0,0.002864277
186,100,0.0,0.0022702292
186,101,0.0,0.002641194
186,102,0.136527641102828,0.0019026739
186,103,0.0,0.0026432076
186,104,0.0,0.002370419
186,105,0.131426928030374,0.002768428
186,106,0.0,0.0022544325
186,107,0.0,0.002537107
186,108,0.0,0.0015271571
186,109,0.0,0.002772525
186,110,0.0,0.00360356
186,111,0.0,0.0026774062
186,112,0.0,0.0023381547
186,113,0.0,0.0022435407
186,114,0.0,0.00217865
186,115,0.0,0.0034828451
186,116,0.0,0.0017398805
186,117,0.0,0.0021949494
186,118,0.0,0.002382473
186,119,0.0,0.0026134443
186,120,0.0,0.0020133033
186,121,0.0,0.0015574098
186,122,0.0,0.002548147
186,123,0.136364945988551,0.0021396629
186,124,0.0,0.0022482374
186,125,0.0,0.0036014467
186,126,0.0,0.0027425364
186,127,0.0,0.0021244437
186,128,0.0,0.0026465277
186,129,0.0,0.0024477104
186,130,0.0,0.002605538
186,131,0.0,0.0020145588
186,132,0.0,0.0018069539
186,133,0.0,0.0027880757
186,134,0.0,0.0014852341
186,135,0.0,0.0018496606
186,136,-0.129084003925187,0.0024312446
186,137,0.0,0.003045625
186,138,0.0,0.0031252168
186,139,0.0,0.0020803665
186,140,0.0,0.0022949711
186,141,0.15391625978645,0.002310515
186,142,0.0,0.0022145128
186,143,0.0,0.0023236005
186,144,0.0,0.0030849301
186,145,0.0,0.0034369072
186,146,0.0,0.0023311893
186,147,0.0,0.0025898083
186,148,0.0,0.0018746695
186,149,0.0,0.0029007024
186,150,0.0,0.002014975
186,151,0.0,0.0027478985
186,152,0.0,0.0023920848
186,153,0.0,0.0028034332
186,154,0.0,0.0024119127
186,155,0.0,0.0025000144
186,156,0.0,0.0025028056
186,157,0.0,0.0018468658
186,158,0.0,0.0025282945
186,159,0.0,0.0027336297
186,160,0.0,0.0023972644
186,161,0.0,0.0022495757
186,162,0.0,0.0024297745
186,163,0.0,0.0023340927
186,164,0.145580205667973,0.0027461639
186,165,0.0,0.0019771787
186,166,0.0,0.0028758217
186,167,0.0,0.0016332609
186,168,0.0,0.0017400933
186,169,0.0,0.0025939126
186,170,0.0,0.0015996005
186,171,0.0,0.002709041
186,172,0.0,0.0018464266
186,173,0.0,0.0014786613
186,174,0.0,0.0025396035
186,175,0.0,0.0017167805
186,176,0.0,0.002949594
186,177,0.0,0.002574699
186,178,0.0,0.0026365272
186,179,0.0,0.0025894898
186,180,0.0,0.002614458
186,181,0.0,0.002352092
186,182,0.0,0.0014851638
186,183,0.0,0.002500608
186,184,0.0,0.0019736355
186,185,0.0,0.0025524092
186,186,0.0,0.030703487
186,187,0.0,0.0027301116
186,188,0.0,0.0017129174
186,189,0.0,0.0023089256
186,190,0.0,0.003606766
186,191,0.0,0.0026089363
186,192,0.0,0.0028137388
186,193,0.0,0.0017335829
186,194,0.0,0.0023892839
186,195,0.0,0.0018562987
186,196,0.0,0.0018373672
186,197,0.0,0.0016873064
186,198,0.142873017152195,0.0035364153
186,199,0.167468098491734,0.0026142
186,200,0.0,0.0025989749
186,201,0.0,0.0023040934
186,202,0.0,0.0016788207
186,203,0.0,0.0023390697
186,204,0.0,0.002532593
186,205,0.0,0.0021091234
186,206,0.0,0.0018451908
186,207,0.0,0.0021702535
186,208,-0.155081974044387,0.002432262
186,209,0.0,0.0025983043
186,210,0.0,0.0019981312
186,211,0.0,0.00238918
186,212,0.148373512279938,0.0014941907
186,213,0.0,0.0033189445
186,214,0.0,0.0024672085
186,215,0.0,0.0014978852
186,216,0.0,0.0024745269
186,217,0.0,0.0021148296
186,218,0.0,0.0025979197
186,219,-0.163372983031554,0.0014856639
186,220,0.0,0.00254812
186,221,0.0,0.0028248765
186,222,0.0,0.0026331488
186,223,0.0,0.0027426006
186,224,0.0,0.002855016
186,225,0.0,0.0023878124
186,226,0.0,0.0023661954
186,227,0.0,0.0024502361
186,228,0.0,0.001484585
186,229,0.0,0.0022920254
186,230,0.0,0.002528125
186,231,0.0,0.0028837118
186,232,0.0,0.0019896496
186,233,0.0,0.0018971888
186,234,0.0,0.003243126
186,235,0.0,0.0028004185
186,236,0.0,0.0018927208
186,237,0.0,0.0026869485
186,238,0.0,0.0025566453
186,239,0.0,0.002815417
186,240,0.0,0.0024062828
186,241,0.0,0.0027884338
186,242,0.0,0.0023665726
186,243,0.0,0.0024681194
186,244,0.0,0.0024059773
186,245,0.0,0.0027795057
186,246,0.0,0.002514843
186,247,0.0,0.0025389292
186,248,0.0,0.0024823984
186,249,0.0,0.0018800138
186,250,0.0,0.001971526
186,251,0.0,0.0014992855
186,252,0.0,0.0014891219
186,253,-0.146976678353415,0.0024431376
186,254,0.0,0.002283196
186,255,0.0,0.0017611552
186,256,0.0,0.0021203142
186,257,0.0,0.0024448247
186,258,0.0,0.0027817246
186,259,0.157372506877662,0.0036335168
186,260,-0.144209981255518,0.002783895
186,261,0.0,0.0026410138
186,262,0.0,0.0014950596
186,263,0.0,0.0023885341
186,264,0.0,0.0014856118
186,265,0.0,0.0024564932
186,266,-0.166502315854545,0.0014927918
186,267,0.0,0.0029782625
186,268,0.0,0.0025323788
187,1,0.151687109691284,0.0027703764
187,2,0.0,0.003487558
187,3,0.0,0.0024515595
187,4,0.0,0.0025592307
187,5,0.0,0.0030415803
187,6,0.0,0.002784709
187,7,0.0,0.0025716126
187,8,0.0,0.0024212701
187,9,0.0,0.00288152
187,10,0.0,0.0023833988
187,11,0.0,0.0024453779
187,12,0.0,0.002048235
187,13,0.0,0.0016982486
187,14,0.0,0.0027621984
187,15,0.0,0.00173508
187,16,0.0,0.0022566812
187,17,0.0,0.0025829081
187,18,0.0,0.0020009638
187,19,0.0,0.0035609156
187,20,0.0,0.002546609
187,21,0.0,0.0017413353
187,22,0.0,0.0015844344
187,23,0.0,0.0027776016
187,24,0.0,0.0027492084
187,25,0.158073472808237,0.0028006528
187,26,0.0,0.0034130649
187,27,0.0,0.002423321
187,28,0.0,0.002292979
187,29,0.0,0.0027099522
187,30,0.0,0.002782188
187,31,0.0,0.003268416
187,32,0.0,0.0025558244
187,33,0.0,0.0023191283
187,34,0.0,0.0017859861
187,35,0.0,0.002609902
187,36,0.0,0.0014848923
187,37,0.0,0.00306369
187,38,0.0,0.0020441082
187,39,0.0,0.0025214162
187,40,0.0,0.0023329933
187,41,0.0,0.0027568648
187,42,0.0,0.0016172826
187,43,0.0,0.001618573
187,44,0.0,0.001800505
187,45,0.0,0.002687999
187,46,0.0,0.003555411
187,47,0.0,0.0025716736
187,48,0.0,0.0026710834
187,49,0.0,0.0023594606
187,50,0.0,0.0016055936
187,51,0.0,0.0018290915
187,52,0.0,0.0023399126
187,53,0.0,0.003266993
187,54,0.0,0.0027595153
187,55,0.0,0.0023939046
187,56,0.0,0.0027567013
187,57,0.0,0.0023619109
187,58,0.0,0.0025426731
187,59,0.0,0.0017966214
187,60,0.0,0.003409787
187,61,0.0,0.0020453734
187,62,0.146403502060739,0.0025645178
187,63,0.0,0.002550325
187,64,0.0,0.001457476
187,65,0.18369882785602,0.002462206
187,66,0.0,0.0025503538
187,67,0.0,0.0027412693
187,68,0.0,0.003061972
187,69,0.0,0.0028682835
187,70,0.0,0.0034029968
187,71,0.0,0.001998331
187,72,0.0,0.0025851927
187,73,0.0,0.0015619681
187,74,-0.147868792095782,0.0021090675
187,75,0.0,0.0028028153
187,76,0.0,0.002442961
187,77,0.0,0.002135884
187,78,0.0,0.002783876
187,79,0.0,0.0024413457
187,80,0.0,0.0020488845
187,81,0.0,0.0026201056
187,82,0.0,0.0021573412
187,83,0.0,0.0035589226
187,84,0.0,0.0026509892
187,85,-0.154209723223085,0.0025196192
187,86,0.0,0.002341176
187,87,-0.159849742764496,0.0014935397
187,88,0.0,0.0025936882
187,89,0.0,0.0024252487
187,90,0.0,0.0025933562
187,91,0.150015289756012,0.001744885
187,92,0.139325593381393,0.0032686736
187,93,0.0,0.0020364216
187,94,0.0,0.0020709992
187,95,0.0,0.0024647834
187,96,0.0,0.0015794849
187,97,0.0,0.0019153417
187,98,0.0,0.002377151
187,99,0.0,0.0029950067
187,100,0.146749673299498,0.0024330863
187,101,0.0,0.0027016243
187,102,0.0,0.0016619354
187,103,-0.162879554245141,0.0022501983
187,104,0.0,0.0036090356
187,105,0.0,0.0026733065
187,106,0.0,0.0024992093
187,107,0.0,0.0022178148
187,108,0.0,0.0024774862
187,109,0.0,0.0024230634
187,110,0.0,0.003582019
187,111,0.0,0.0015254999
187,112,0.0,0.0026664631
187,113,0.0,0.0018928279
187,114,0.0,0.0024662116
187,115,0.0,0.0034389114
187,116,0.0,0.002704766
187,117,0.0,0.00191171
187,118,0.0,0.0027540764
187,119,0.0,0.0029924638
187,120,0.0,0.002412409
187,121,0.0,0.002513416
187,122,0.0,0.0014959658
187,123,0.0,0.0035598557
187,124,0.0,0.003373878
187,125,0.0,0.0027738945
187,126,0.0,0.0020971731
187,127,0.0,0.0024127825
187,128,0.0,0.0035118284
187,129,0.0,0.0024550166
187,130,0.0,0.0020808904
187,131,0.0,0.0026145563
187,132,0.0,0.0014973446
187,133,0.0,0.0035933359
187,134,0.0,0.0022399453
187,135,0.0,0.0031188773
187,136,0.0,0.00244394
187,137,0.0,0.0029603606
187,138,0.0,0.0024231002
187,139,0.0,0.002852695
187,140,0.0,0.0024358341
187,141,-0.166577429983573,0.0025643446
187,142,0.0,0.0024563149
187,143,0.0,0.0021714377
187,144,0.0,0.002344082
187,145,0.0,0.0033976296
187,146,0.0,0.0023436034
187,147,0.0,0.0024039932
187,148,0.0,0.002478817
187,149,0.0,0.002263437
187,150,0.0,0.0016419385
187,151,0.0,0.0015514549
187,152,0.0,0.0036059846
187,153,0.0,0.0025685555
187,154,0.0,0.001487432
187,155,0.0,0.0026080837
187,156,0.0,0.0023668865
187,157,0.0,0.002761926
187,158,0.0,0.0026424197
187,159,0.0,0.0027859965
187,160,0.0,0.0020385026
187,161,0.0,0.0017746524
187,162,-0.148846214670831,0.0024003326
187,163,0.0,0.0014938917
187,164,0.0,0.0034163846
187,165,0.0,0.0020540045
187,166,0.0,0.002505158
187,167,0.0,0.002531868
187,168,0.0,0.0019940934
187,169,0.0,0.0021430273
187,170,0.0,0.0023905225
187,171,0.0,0.003537308
187,172,0.0,0.003008163
187,173,-0.142513758734505,0.002461914
187,174,0.0,0.0025326204
187,175,0.0,0.0024342882
187,176,0.0,0.0015915944
187,177,-0.159236128389826,0.0025429255
187,178,0.0,0.002802372
187,179,0.0,0.002502154
187,180,0.0,0.0025856155
187,181,0.0,0.0017259801
187,182,0.0,0.0022554398
187,183,0.0,0.0036146631
187,184,0.0,0.0022877534
187,185,0.0,0.002489118
187,186,0.0,0.0027301116
187,187,-0.635253402637318,0.030703487
187,188,0.0,0.0018073628
187,189,0.0,0.0034711258
187,190,0.0,0.0027609416
187,191,0.0,0.002601311
187,192,0.0,0.0015333467
187,193,0.0,0.0025825673
187,194,0.0,0.003632837
187,195,0.0,0.0019519352
187,196,0.0,0.0035866685
187,197,0.0,0.0020957952
187,198,0.0,0.0025656475
187,199,0.173215750213667,0.002124501
187,200,0.0,0.0035950295
187,201,0.0,0.002662301
187,202,0.161238292614718,0.0026249555
187,203,0.0,0.0020216205
187,204,-0.171733302994877,0.003324905
187,205,0.0,0.0021814862
187,206,0.0,0.0016625063
187,207,0.0,0.0019707503
187,208,0.0,0.0017420473
187,209,0.0,0.002318109
187,210,0.0,0.0021281554
187,211,0.0,0.0023459666
187,212,0.0,0.0023109904
187,213,0.0,0.0035076793
187,214,0.0,0.0026134606
187,215,0.0,0.0016574063
187,216,0.0,0.002120466
187,217,0.0,0.0023096288
187,218,0.0,0.0034513827
187,219,0.0,0.0023649624
187,220,0.0,0.0030342545
187,221,0.0,0.0014831307
187,222,0.0,0.002414777
187,223,0.0,0.002831283
187,224,0.0,0.0015163771
187,225,0.0,0.001481521
187,226,0.0,0.00348876
187,227,0.0,0.001902075
187,228,0.0,0.0035345978
187,229,0.0,0.0017206213
187,230,0.0,0.0027611298
187,231,0.0,0.0024656611
187,232,0.0,0.0029999358
187,233,0.0,0.0024850708
187,234,0.0,0.001479724
187,235,0.0,0.002590918
187,236,0.0,0.0022895425
187,237,0.0,0.0025526905
187,238,0.0,0.0027614762
187,239,0.0,0.0022307863
187,240,0.0,0.0034140185
187,241,0.0,0.0031636152
187,242,0.0,0.0017855414
187,243,0.0,0.0023791906
187,244,0.0,0.0036073816
187,245,0.0,0.0014949962
187,246,0.160009548099056,0.00278746
187,247,0.0,0.002575974
187,248,0.0,0.0027128705
187,249,0.0,0.0036293156
187,250,0.0,0.0017944225
187,251,0.0,0.0018298686
187,252,0.0,0.0021017739
187,253,0.152021046600443,0.0023809127
187,254,0.0,0.0030733007
187,255,0.0,0.003523461
187,256,0.0,0.0025325273
187,257,0.0,0.0014997404
187,258,0.0,0.0019079256
187,259,0.162773669058917,0.0026012766
187,260,0.0,0.0025920905
187,261,0.0,0.002376441
187,262,0.0,0.0023180041
187,263,0.0,0.0026708455
187,264,0.0,0.0025833845
187,265,0.0,0.002471569
187,266,0.0,0.0024724402
187,267,0.0,0.0023864582
187,268,0.0,0.0025592055
188,1,0.0,0.0014740168
188,2,0.0,0.002445946
188,3,0.0,0.0025718543
188,4,0.0,0.0026076147
188,5,0.0,0.0026783166
188,6,0.0,0.0025345306
188,7,0.0,0.0031603673
188,8,0.0,0.0027369023
188,9,0.0,0.0027895505
188,10,0.0,0.0021800902
188,11,0.0,0.0020327205
188,12,0.0,0.0025821677
188,13,0.0,0.0014700862
188,14,0.0,0.002174655
188,15,0.0,0.0014714105
188,16,0.133252143144532,0.002198319
188,17,0.14990086209136,0.0025966926
188,18,0.0,0.0026153848
188,19,-0.147136717573952,0.0021149353
188,20,0.0,0.0017291289
188,21,0.0,0.002116107
188,22,-0.157558968167984,0.0015855567
188,23,0.0,0.0035881838
188,24,0.0,0.002775927
188,25,-0.151894231501787,0.0025536036
188,26,0.0,0.0023975088
188,27,0.0,0.0035112454
188,28,0.0,0.002325113
188,29,0.135706472491916,0.0026635188
188,30,-0.149541528277255,0.0025523445
188,31,0.0,0.0035261656
188,32,0.0,0.0025078487
188,33,0.0,0.0026173186
188,34,0.0,0.0030593555
188,35,0.0,0.0027718851
188,36,0.0,0.0024307403
188,37,0.0,0.0027837157
188,38,0.0,0.0014880365
188,39,0.0,0.001468318
188,40,0.0,0.0026716236
188,41,0.148985409561192,0.0033192872
188,42,0.137076189150292,0.0025305715
188,43,0.0,0.0020051692
188,44,0.0,0.002422608
188,45,0.0,0.002787612
188,46,0.0,0.0035267891
188,47,0.0,0.0026263604
188,48,0.0,0.0016528429
188,49,0.0,0.00232994
188,50,0.0,0.0025148373
188,51,0.0,0.0027877698
188,52,0.147958183920197,0.001659058
188,53,0.0,0.0028290637
188,54,0.0,0.0025590803
188,55,0.0,0.0022334969
188,56,0.0,0.0016211928
188,57,0.0,0.00276649
188,58,0.0,0.0032531447
188,59,0.0,0.0014929464
188,60,0.0,0.0025834478
188,61,0.0,0.0023782891
188,62,0.0,0.0017841565
188,63,0.0,0.002241781
188,64,0.0,0.0037072394
188,65,0.0,0.0014796895
188,66,0.0,0.0026255874
188,67,0.0,0.0015440173
188,68,0.0,0.003422909
188,69,0.0,0.0020007174
188,70,0.0,0.0015491853
188,71,0.0,0.0014780588
188,72,0.0,0.0025916318
188,73,0.0,0.0022368724
188,74,0.0,0.0014850725
188,75,0.0,0.0023874836
188,76,0.0,0.0021640006
188,77,-0.146501940525056,0.0025277259
188,78,0.0,0.0019182144
188,79,0.0,0.0018121232
188,80,0.0,0.0025755502
188,81,0.0,0.0014922107
188,82,0.0,0.0017441865
188,83,0.0,0.0021033515
188,84,0.0,0.0018528756
188,85,0.0,0.0029909112
188,86,0.0,0.002130129
188,87,0.0,0.0016203262
188,88,0.0,0.0016405005
188,89,0.0,0.0035934877
188,90,0.0,0.0020248704
188,91,0.0,0.0027041114
188,92,0.0,0.0021353
188,93,0.0,0.0014912509
188,94,0.0,0.0015902626
188,95,0.0,0.0014936216
188,96,0.0,0.001496851
188,97,0.147002284049834,0.0022860141
188,98,0.0,0.002209053
188,99,0.0,0.0022616503
188,100,0.141013090007877,0.0027097804
188,101,-0.138572685973547,0.002286774
188,102,0.0,0.0021902341
188,103,0.0,0.0014999341
188,104,0.0,0.0022942065
188,105,0.0,0.0025571883
188,106,0.0,0.001902644
188,107,0.0,0.002550553
188,108,0.153304948303567,0.0023435787
188,109,0.0,0.0023602848
188,110,0.0,0.0027831006
188,111,0.0,0.0016321889
188,112,0.0,0.003559147
188,113,0.0,0.0023915963
188,114,0.0,0.002025405
188,115,0.0,0.0016492307
188,116,0.0,0.00147512
188,117,0.0,0.002896767
188,118,0.0,0.0028084046
188,119,0.0,0.0021506054
188,120,0.0,0.0027838792
188,121,0.0,0.0018991027
188,122,0.0,0.0036242623
188,123,0.0,0.003107932
188,124,0.0,0.0021421988
188,125,0.0,0.0025663818
188,126,0.0,0.002242161
188,127,0.0,0.0025909166
188,128,0.0,0.0015656315
188,129,-0.143444364475703,0.001824351
188,130,0.0,0.0035242145
188,131,0.0,0.0026853024
188,132,0.0,0.0023014508
188,133,0.0,0.001966721
188,134,0.0,0.001633808
188,135,0.0,0.002550229
188,136,0.0,0.0032891915
188,137,0.0,0.0024968581
188,138,0.0,0.002833319
188,139,0.0,0.002135728
188,140,0.0,0.0025834572
188,141,0.0,0.0019020038
188,142,0.0,0.0023276657
188,143,0.0,0.0029659849
188,144,0.0,0.0018563243
188,145,0.0,0.0025942884
188,146,0.0,0.0017123385
188,147,0.0,0.0016734181
188,148,0.0,0.0027833502
188,149,0.0,0.003595659
188,150,0.0,0.003533782
188,151,0.0,0.0020336234
188,152,0.0,0.0015791012
188,153,0.0,0.0027717422
188,154,0.0,0.002664328
188,155,0.0,0.0024563083
188,156,0.0,0.0014929012
188,157,0.0,0.0017396212
188,158,0.0,0.0025305962
188,159,-0.140488076531543,0.0022027497
188,160,-0.144460424867708,0.0020593945
188,161,0.0,0.0024224888
188,162,0.0,0.003573285
188,163,0.0,0.002611409
188,164,0.0,0.0024733483
188,165,0.0,0.0032012518
188,166,0.0,0.0017915517
188,167,0.0,0.0023249378
188,168,0.0,0.002335315
188,169,0.0,0.0016988409
188,170,0.0,0.0019303248
188,171,0.0,0.0022751861
188,172,0.0,0.0016062418
188,173,0.0,0.002590899
188,174,0.0,0.0024371399
188,175,0.0,0.0031491267
188,176,0.0,0.0023063603
188,177,-0.153011437778902,0.003211231
188,178,0.0,0.001520066
188,179,0.0,0.0014856718
188,180,0.0,0.0017462922
188,181,0.0,0.0033995635
188,182,-0.148226271017911,0.0017303657
188,183,0.0,0.0014941138
188,184,0.0,0.0020947265
188,185,0.0,0.0014817836
188,186,0.0,0.0017129174
188,187,0.0,0.0018073628
188,188,0.0,0.030703487
188,189,0.0,0.0026289895
188,190,0.0,0.0018670373
188,191,0.0,0.0024629077
188,192,0.0,0.0014880123
188,193,0.0,0.001769491
188,194,0.0,0.002343556
188,195,0.0,0.0019168286
188,196,0.0,0.0025893105
188,197,0.0,0.0030046217
188,198,0.0,0.0027702264
188,199,0.0,0.0026987488
188,200,0.0,0.0033147344
188,201,0.0,0.0014975253
188,202,-0.142045689904331,0.0014874456
188,203,0.0,0.0026557418
188,204,0.0,0.0023545492
188,205,0.0,0.0014926107
188,206,0.0,0.0023517977
188,207,0.0,0.0034459135
188,208,0.141311166118466,0.0026992126
188,209,-0.136056010447199,0.0030287988
188,210,0.0,0.0032721679
188,211,0.0,0.0030048476
188,212,0.0,0.0035442915
188,213,0.0,0.0027707643
188,214,0.146003397481713,0.0022861962
188,215,0.0,0.0036582015
188,216,0.0,0.0015752749
188,217,0.0,0.0015916084
188,218,0.0,0.0016821949
188,219,0.0,0.002352138
188,220,0.0,0.002635323
188,221,0.0,0.002189756
188,222,0.0,0.00195794
188,223,0.0,0.0025713863
188,224,0.0,0.001486016
188,225,0.0,0.0027374346
188,226,0.0,0.0027510268
188,227,0.0,0.0021807845
188,228,0.0,0.0026146206
188,229,0.0,0.0022147154
188,230,0.0,0.0017395071
188,231,0.0,0.0014795493
188,232,0.0,0.002311532
188,233,0.0,0.002353204
188,234,0.0,0.0024683438
188,235,0.0,0.0035875598
188,236,0.0,0.001861441
188,237,0.0,0.0017402372
188,238,0.0,0.0030112402
188,239,0.0,0.0017636097
188,240,0.0,0.0025190078
188,241,0.0,0.0031220117
188,242,0.0,0.001834502
188,243,0.0,0.0033540037
188,244,0.0,0.002995649
188,245,0.0,0.0021926747
188,246,0.140963205963246,0.0021578423
188,247,0.0,0.003361954
188,248,0.0,0.0021430901
188,249,0.0,0.0024580844
188,250,0.0,0.0014925329
188,251,0.0,0.0017664549
188,252,0.0,0.0033201794
188,253,0.0,0.0016806591
188,254,0.0,0.0035638562
188,255,0.0,0.002593353
188,256,0.0,0.0026119319
188,257,0.0,0.0029777065
188,258,0.0,0.0022012983
188,259,0.0,0.0019812947
188,260,0.0,0.002907625
188,261,0.0,0.00154013
188,262,0.0,0.0019702194
188,263,0.0,0.0027515073
188,264,0.0,0.0024985909
188,265,0.0,0.0023372257
188,266,0.0,0.002831961
188,267,0.0,0.0023474805
188,268,0.0,0.0015572659
189,1,0.0,0.0020455709
189,2,0.0,0.002309654
189,3,-0.157167508762737,0.0026137298
189,4,-0.154153290676779,0.002600906
189,5,0.0,0.0026188428
189,6,0.0,0.0025086422
189,7,0.149954023101431,0.0014627217
189,8,0.0,0.003326579
189,9,0.0,0.0027781087
189,10,-0.14992535219636,0.0034609623
189,11,0.0,0.0034674308
189,12,0.0,0.0022137817
189,13,0.0,0.001621089
189,14,-0.141430267738754,0.0015622438
189,15,0.0,0.003125561
189,16,0.0,0.002749322
189,17,0.0,0.003115579
189,18,0.0,0.0024419557
189,19,0.0,0.0015079621
189,20,0.0,0.0014900332
189,21,0.0,0.0034618252
189,22,0.0,0.0015211226
189,23,0.0,0.0033814707
189,24,0.0,0.0035328479
189,25,0.0,0.0027487879
189,26,0.0,0.002641995
189,27,0.0,0.0015236638
189,28,0.0,0.002564997
189,29,0.0,0.0021315687
189,30,0.0,0.0014939196
189,31,0.0,0.0025532637
189,32,0.145791722717817,0.0014944486
189,33,0.0,0.002601365
189,34,0.0,0.003064808
189,35,0.149132124315571,0.002490507
189,36,0.162282204352636,0.0026568696
189,37,0.0,0.0014605867
189,38,0.0,0.0023256084
189,39,0.0,0.0017246711
189,40,0.0,0.0023066774
189,41,0.0,0.0026121456
189,42,0.0,0.0026933048
189,43,0.0,0.00270666
189,44,0.0,0.0035452843
189,45,-0.152809424470872,0.002490629
189,46,0.0,0.0026361258
189,47,0.0,0.001486857
189,48,0.0,0.0032750587
189,49,0.0,0.0014838898
189,50,0.0,0.002720734
189,51,0.0,0.0014777724
189,52,0.0,0.0024175085
189,53,0.0,0.0027671396
189,54,0.0,0.0014865128
189,55,0.158020211663351,0.0017444165
189,56,0.14699372726022,0.0035936916
189,57,0.0,0.0017800042
189,58,-0.152919497982412,0.0024306383
189,59,0.0,0.0020015952
189,60,0.143996492018766,0.0024051513
189,61,0.0,0.0016757292
189,62,0.0,0.0017413157
189,63,0.0,0.0019924631
189,64,0.0,0.0024479944
189,65,0.0,0.002965069
189,66,0.0,0.00195598
189,67,0.0,0.0015546242
189,68,0.0,0.0020100488
189,69,0.0,0.001782204
189,70,0.0,0.0021603927
189,71,-0.169943719978968,0.0026836214
189,72,0.0,0.002586849
189,73,0.0,0.0017311969
189,74,0.0,0.0016854145
189,75,0.0,0.0016183145
189,76,0.0,0.0018154858
189,77,0.0,0.0033707637
189,78,0.0,0.0029671383
189,79,-0.167944807790596,0.0022646412
189,80,0.0,0.001487819
189,81,0.0,0.002677327
189,82,0.0,0.0017733863
189,83,0.0,0.0028170631
189,84,0.0,0.0016861958
189,85,0.0,0.0014952715
189,86,0.0,0.003171275
189,87,0.0,0.002114324
189,88,0.0,0.0023078881
189,89,0.0,0.0024320865
189,90,0.155909667910523,0.0025749984
189,91,0.0,0.0022190777
189,92,0.0,0.0026747994
189,93,0.0,0.0028172098
189,94,0.0,0.0025821044
189,95,0.0,0.002447412
189,96,0.0,0.003048087
189,97,0.0,0.0023956206
189,98,0.0,0.001493589
189,99,0.0,0.0017863456
189,100,0.0,0.0016167737
189,101,0.0,0.0014982084
189,102,0.0,0.0015428001
189,103,0.0,0.0016802493
189,104,0.0,0.0018882761
189,105,0.0,0.0026411107
189,106,0.0,0.0018951055
189,107,-0.148006823924871,0.0014670249
189,108,0.0,0.0023509297
189,109,0.0,0.002024373
189,110,0.0,0.0016450607
189,111,0.0,0.0024007298
189,112,0.0,0.0014825808
189,113,0.0,0.0025342153
189,114,0.144932549842733,0.0019535911
189,115,0.0,0.0024688249
189,116,-0.13651848943935,0.0018488346
189,117,0.0,0.0015973519
189,118,0.0,0.0023455624
189,119,0.0,0.001643477
189,120,0.0,0.0024232254
189,121,0.0,0.001623122
189,122,0.0,0.0027826359
189,123,0.0,0.0017010532
189,124,0.0,0.0017067813
189,125,0.0,0.0016594422
189,126,0.0,0.0020696688
189,127,0.0,0.0014593555
189,128,0.0,0.0030733915
189,129,0.0,0.0035630045
189,130,0.0,0.0019351598
189,131,0.0,0.002938813
189,132,0.0,0.0025634137
189,133,0.0,0.002132364
189,134,0.0,0.0033394066
189,135,0.0,0.0035194801
189,136,0.0,0.0015864414
189,137,0.0,0.0021252776
189,138,0.0,0.0031119487
189,139,0.0,0.0017568064
189,140,0.0,0.0024313102
189,141,0.0,0.0028105709
189,142,0.0,0.0014571268
189,143,0.0,0.0024027824
189,144,0.0,0.0023677447
189,145,0.0,0.0025990615
189,146,0.0,0.0014695753
189,147,0.0,0.0033422122
189,148,0.0,0.0035722363
189,149,0.0,0.0023738388
189,150,0.0,0.0014833142
189,151,0.0,0.0022549382
189,152,0.0,0.001816533
189,153,0.0,0.0023656744
189,154,0.0,0.0016068909
189,155,0.0,0.0034860298
189,156,0.0,0.002674289
189,157,0.0,0.0014956552
189,158,0.0,0.0019297674
189,159,0.0,0.0020984956
189,160,0.0,0.0014905054
189,161,0.0,0.0023793764
189,162,0.0,0.0015265178
189,163,0.0,0.0027296012
189,164,0.0,0.0031194012
189,165,0.0,0.0017260062
189,166,0.0,0.0017389264
189,167,0.0,0.0022873897
189,168,0.0,0.002021756
189,169,0.0,0.0014848099
189,170,0.0,0.0027741287
189,171,0.0,0.0029481011
189,172,0.0,0.003529095
189,173,0.0,0.0014960887
189,174,0.0,0.0019719386
189,175,0.0,0.0035721902
189,176,0.0,0.0019404795
189,177,0.0,0.0020997263
189,178,0.0,0.0022596568
189,179,0.0,0.0023392602
189,180,0.0,0.0031260662
189,181,0.0,0.0033427188
189,182,0.0,0.0014585005
189,183,0.0,0.0016410211
189,184,0.0,0.0023682253
189,185,0.0,0.0027058069
189,186,0.0,0.0023089256
189,187,0.0,0.0034711258
189,188,0.0,0.0026289895
189,189,0.0,0.030703487
189,190,0.0,0.0030699559
189,191,0.0,0.0023129238
189,192,0.161188026761885,0.0014857906
189,193,0.0,0.0014947169
189,194,0.0,0.0014988566
189,195,0.0,0.0023931493
189,196,0.0,0.0025880993
189,197,0.0,0.002176688
189,198,0.0,0.0035100798
189,199,0.0,0.0024451916
189,200,0.0,0.0016739443
189,201,0.0,0.0017628791
189,202,0.0,0.0024615037
189,203,0.0,0.0026189932
189,204,0.0,0.0014662324
189,205,0.0,0.0021481933
189,206,0.0,0.0018530409
189,207,0.0,0.0027934979
189,208,0.0,0.0027272073
189,209,0.149861760178374,0.0024400512
189,210,0.0,0.0027907495
189,211,0.0,0.0024391394
189,212,0.148917121975061,0.0017207465
189,213,0.0,0.0019803941
189,214,0.0,0.0014582076
189,215,0.0,0.0022224719
189,216,0.0,0.0024878788
189,217,0.0,0.0029436871
189,218,0.0,0.0016567409
189,219,0.0,0.0014913445
189,220,0.0,0.0035919258
189,221,0.0,0.0036177947
189,222,0.0,0.0015576091
189,223,0.0,0.001493074
189,224,0.0,0.002531188
189,225,0.155681499839958,0.0014926209
189,226,-0.146151878373867,0.0024045976
189,227,0.0,0.0019986443
189,228,0.0,0.0036203768
189,229,0.0,0.0014844458
189,230,0.0,0.0030435803
189,231,0.0,0.002269011
189,232,0.145450884406434,0.0027212678
189,233,0.0,0.002427375
189,234,0.0,0.0019935914
189,235,0.0,0.0017972905
189,236,0.0,0.0018857783
189,237,-0.148524525851279,0.0016884906
189,238,0.0,0.0023205974
189,239,0.0,0.0017547794
189,240,0.0,0.0032400922
189,241,0.0,0.0024981531
189,242,0.0,0.0017724414
189,243,0.0,0.003435275
189,244,0.152862854621687,0.0027835844
189,245,-0.151013285605361,0.0026259283
189,246,0.0,0.0024202801
189,247,0.0,0.0022845524
189,248,0.0,0.0026232149
189,249,0.0,0.0015407153
189,250,0.0,0.001930098
189,251,0.0,0.0022221194
189,252,0.0,0.0030203066
189,253,0.147515170339498,0.0031117066
189,254,0.152279640278613,0.0016125562
189,255,0.0,0.00184135
189,256,0.0,0.0026203147
189,257,0.0,0.0015340424
189,258,0.0,0.003548415
189,259,0.0,0.0022195228
189,260,0.0,0.0027445257
189,261,0.0,0.0016081869
189,262,0.0,0.0019416274
189,263,0.0,0.0022121342
189,264,0.0,0.0027999785
189,265,0.0,0.002093994
189,266,0.167112345716129,0.002274801
189,267,0.0,0.0027887025
189,268,0.0,0.0016341484
190,1,0.0,0.0027719089
190,2,-0.154629972288494,0.0025496073
190,3,0.0,0.0019242121
190,4,0.0,0.0022290973
190,5,0.0,0.002608736
190,6,0.0,0.0026426506
190,7,0.0,0.0027773734
190,8,0.0,0.0025909045
190,9,0.0,0.0034781112
190,10,0.0,0.0030131773
190,11,0.0,0.0031001265
190,12,0.0,0.0020230091
190,13,0.0,0.0015096525
190,14,0.0,0.0023775934
190,15,0.0,0.0016081636
190,16,0.0,0.0016883118
190,17,0.0,0.0026717274
190,18,0.0,0.0025573657
190,19,-0.152325814820019,0.0023660208
190,20,0.0,0.0027307402
190,21,0.0,0.0025305278
190,22,0.0,0.003553722
190,23,0.0,0.002384393
190,24,0.0,0.0036275475
190,25,0.0,0.0015604421
190,26,0.0,0.00312048
190,27,0.0,0.001846231
190,28,0.0,0.0021269834
190,29,0.0,0.0025227158
190,30,0.0,0.0029127602
190,31,0.0,0.002766563
190,32,0.0,0.0030575618
190,33,0.138064887143785,0.0015594196
190,34,0.0,0.0027784752
190,35,0.0,0.00276044
190,36,0.0,0.0014922973
190,37,0.0,0.0033517978
190,38,0.0,0.0028817295
190,39,0.0,0.003625906
190,40,-0.149128768226525,0.0030981111
190,41,0.0,0.0019586906
190,42,0.0,0.002460075
190,43,0.0,0.0026505603
190,44,0.0,0.0023171743
190,45,0.0,0.0027842014
190,46,0.0,0.002059782
190,47,0.0,0.0014999593
190,48,0.0,0.0019687358
190,49,0.0,0.0023775268
190,50,0.0,0.0027949507
190,51,0.0,0.0026977686
190,52,0.0,0.0021697357
190,53,0.0,0.0034592003
190,54,0.0,0.0024175625
190,55,0.0,0.0024389862
190,56,-0.145590806862254,0.0020643398
190,57,0.0,0.002289299
190,58,0.0,0.0036002477
190,59,-0.153113784802278,0.0023589097
190,60,0.0,0.0031253593
190,61,0.0,0.0023389552
190,62,0.0,0.0034548696
190,63,0.148998198602517,0.0024543381
190,64,0.0,0.003117544
190,65,0.0,0.0017662165
190,66,0.0,0.002196054
190,67,0.0,0.0036222884
190,68,0.148659019904143,0.0027755382
190,69,0.0,0.0023466889
190,70,0.0,0.002834652
190,71,0.0,0.0014937441
190,72,0.0,0.0036083763
190,73,0.0,0.00276554
190,74,0.147099520875507,0.002490573
190,75,0.0,0.0034199525
190,76,0.0,0.00245247
190,77,0.0,0.0017701355
190,78,0.0,0.00217075
190,79,0.0,0.0025977436
190,80,0.0,0.003228662
190,81,0.0,0.0026409337
190,82,0.0,0.0024329335
190,83,0.0,0.0025907937
190,84,0.0,0.0023185606
190,85,0.0,0.0014911415
190,86,0.0,0.0024385988
190,87,0.0,0.0024412237
190,88,0.0,0.0034688236
190,89,0.0,0.0016183681
190,90,0.0,0.0014870223
190,91,0.149234851616396,0.0015453715
190,92,0.138600767218164,0.0026889564
190,93,0.0,0.0024505518
190,94,-0.148573179597266,0.0016278387
190,95,0.0,0.0033588866
190,96,0.0,0.0022413689
190,97,0.0,0.0027855327
190,98,0.0,0.0020771269
190,99,0.0,0.0026138197
190,100,0.0,0.002402362
190,101,0.0,0.0025906735
190,102,0.0,0.0020218291
190,103,0.0,0.0035714735
190,104,0.0,0.003399928
190,105,0.0,0.0024282783
190,106,0.0,0.0025788136
190,107,0.0,0.0035263668
190,108,0.0,0.002336232
190,109,0.0,0.0026045488
190,110,0.0,0.0018043108
190,111,0.160717149565127,0.0020568133
190,112,0.0,0.0024933014
190,113,0.0,0.0026951325
190,114,0.0,0.0022262353
190,115,0.0,0.002249268
190,116,0.0,0.0026552016
190,117,0.0,0.0018248428
190,118,0.0,0.0026140334
190,119,0.0,0.0034871637
190,120,0.0,0.0030611772
190,121,0.0,0.0017337617
190,122,0.0,0.0023498237
190,123,0.0,0.0025001937
190,124,0.0,0.002574345
190,125,0.0,0.0021942249
190,126,0.0,0.0034738285
190,127,0.0,0.0026739035
190,128,0.0,0.002546804
190,129,0.0,0.0026088688
190,130,0.0,0.0028278902
190,131,0.143839626900457,0.0023232964
190,132,0.0,0.0017214506
190,133,0.0,0.0035809302
190,134,-0.143689944259196,0.0019324888
190,135,0.0,0.0027409433
190,136,0.0,0.0024615224
190,137,0.0,0.0017861342
190,138,0.0,0.001693489
190,139,0.0,0.002139464
190,140,0.0,0.0017899517
190,141,0.0,0.0024942053
190,142,0.0,0.002386278
190,143,0.0,0.0023105508
190,144,0.0,0.0018513519
190,145,0.0,0.002313361
190,146,0.0,0.0019624094
190,147,0.0,0.0034216954
190,148,0.0,0.002683252
190,149,0.0,0.001914836
190,150,0.0,0.0017413986
190,151,0.0,0.0022536297
190,152,-0.148396894617057,0.002345942
190,153,0.0,0.0027885525
190,154,0.0,0.0024291277
190,155,0.0,0.002532084
190,156,0.0,0.0031770687
190,157,0.0,0.003576443
190,158,0.0,0.0034954818
190,159,0.0,0.0015444262
190,160,0.0,0.002676195
190,161,0.0,0.0027702055
190,162,0.0,0.002732623
190,163,0.0,0.0026108096
190,164,0.0,0.002505043
190,165,0.0,0.0026113982
190,166,0.0,0.0023060148
190,167,0.0,0.0030117137
190,168,0.0,0.001911589
190,169,0.0,0.0023285816
190,170,0.0,0.0023374395
190,171,0.0,0.0033608922
190,172,0.0,0.0032960912
190,173,0.0,0.002264517
190,174,0.0,0.0014926866
190,175,0.0,0.0032246932
190,176,0.0,0.0023928066
190,177,0.0,0.0027874322
190,178,0.0,0.0016241726
190,179,0.0,0.00149883
190,180,0.0,0.0015436509
190,181,0.0,0.0031937594
190,182,0.0,0.0015251515
190,183,0.0,0.0015278254
190,184,0.0,0.0025633303
190,185,0.0,0.0022253068
190,186,0.0,0.003606766
190,187,0.0,0.0027609416
190,188,0.0,0.0018670373
190,189,0.0,0.0030699559
190,190,0.0,0.030703487
190,191,0.0,0.0017840485
190,192,0.0,0.0019102264
190,193,0.0,0.002606329
190,194,0.0,0.0030220607
190,195,0.0,0.0027291076
190,196,0.0,0.0026047397
190,197,0.148924847660189,0.0024355054
190,198,0.0,0.0024385452
190,199,0.0,0.001497149
190,200,0.0,0.0021134196
190,201,0.0,0.002454027
190,202,0.0,0.0024760603
190,203,0.0,0.0027617794
190,204,0.0,0.0023093591
190,205,0.0,0.0026160679
190,206,0.0,0.00267143
190,207,0.151343482297785,0.0019710548
190,208,0.0,0.0034162654
190,209,0.0,0.002588809
190,210,0.0,0.0023573777
190,211,0.0,0.0024990928
190,212,0.0,0.0017405143
190,213,0.0,0.002948156
190,214,0.0,0.0023144404
190,215,-0.149555678797159,0.0027360735
190,216,0.148610495895544,0.003511562
190,217,0.0,0.0025949422
190,218,0.0,0.0031855735
190,219,0.0,0.003337414
190,220,0.0,0.0014941669
190,221,-0.187276839902281,0.0025110696
190,222,0.0,0.0023477962
190,223,0.0,0.0026382785
190,224,0.158438191873539,0.001786565
190,225,0.0,0.001825517
190,226,0.0,0.0023135329
190,227,0.0,0.002789516
190,228,0.0,0.0023279819
190,229,0.0,0.0025127507
190,230,0.0,0.0024161227
190,231,0.0,0.0017497204
190,232,0.0,0.0024846536
190,233,0.0,0.0035731369
190,234,0.0,0.0023062108
190,235,0.0,0.0033959984
190,236,0.0,0.0023596259
190,237,0.0,0.002344064
190,238,0.0,0.0017340374
190,239,0.0,0.0026140767
190,240,0.0,0.0022925483
190,241,0.0,0.001814039
190,242,0.0,0.0024160044
190,243,0.0,0.002553224
190,244,0.0,0.0035884283
190,245,0.0,0.002310711
190,246,0.0,0.0026722676
190,247,0.0,0.002532336
190,248,0.0,0.002557607
190,249,0.0,0.0027406295
190,250,0.0,0.0022516875
190,251,0.0,0.002405942
190,252,0.0,0.0034493515
190,253,0.0,0.0022083912
190,254,0.0,0.0027376362
190,255,0.0,0.0026565045
190,256,0.0,0.0016517038
190,257,0.0,0.0023896168
190,258,0.0,0.0030417992
190,259,0.0,0.0017548376
190,260,0.0,0.0026161014
190,261,0.0,0.0026904359
190,262,0.0,0.0032404521
190,263,0.0,0.0024053194
190,264,0.0,0.0022253045
190,265,0.160779425710585,0.002587066
190,266,0.0,0.0026709335
190,267,0.0,0.0025439984
190,268,0.0,0.0025579035
191,1,0.0,0.003437532
191,2,0.160739609976833,0.0027807476
191,3,0.0,0.0027919533
191,4,0.0,0.0023995056
191,5,0.0,0.0028684833
191,6,0.0,0.003633249
191,7,0.0,0.0023669554
191,8,0.0,0.0024183453
191,9,0.0,0.0018226062
191,10,0.0,0.0023999843
191,11,0.0,0.0027809301
191,12,0.148278267255192,0.002761372
191,13,0.0,0.002231733
191,14,0.0,0.0016436689
191,15,0.0,0.0022340482
191,16,0.0,0.0024351412
191,17,-0.161319107023452,0.0027588978
191,18,0.0,0.0023749918
191,19,0.0,0.0025366903
191,20,0.0,0.002336199
191,21,0.155042219896577,0.0016047759
191,22,0.0,0.0024964623
191,23,0.0,0.002495083
191,24,0.144038327301792,0.002110246
191,25,0.0,0.0026597097
191,26,0.0,0.0022475678
191,27,0.0,0.0016170144
191,28,0.0,0.003220289
191,29,0.0,0.003623804
191,30,0.0,0.002550437
191,31,0.0,0.0024576173
191,32,0.0,0.002745152
191,33,0.0,0.0025758566
191,34,0.0,0.0026794053
191,35,0.153544967559654,0.0033690524
191,36,0.0,0.0027565407
191,37,0.0,0.0020180661
191,38,0.0,0.0032261168
191,39,0.0,0.0036186394
191,40,0.0,0.0025651166
191,41,0.0,0.00261928
191,42,0.0,0.0018863739
191,43,-0.15524767834571,0.0029788283
191,44,0.0,0.003410148
191,45,0.0,0.0018451274
191,46,0.148889947100833,0.0024535898
191,47,0.0,0.0015202621
191,48,0.0,0.0016422062
191,49,0.0,0.0035744095
191,50,0.0,0.002496196
191,51,0.0,0.0018650829
191,52,0.15922845121645,0.003225871
191,53,0.0,0.0023492142
191,54,0.0,0.0031806743
191,55,0.0,0.0031765038
191,56,0.0,0.0028595338
191,57,0.0,0.0034835106
191,58,0.0,0.002369022
191,59,0.0,0.0023111193
191,60,0.0,0.002773358
191,61,0.0,0.0020031272
191,62,0.0,0.002330286
191,63,0.0,0.0032179817
191,64,0.0,0.0025946274
191,65,0.0,0.0024470584
191,66,0.0,0.0016076411
191,67,0.0,0.0019496824
191,68,0.0,0.0029473486
191,69,0.0,0.001497644
191,70,0.0,0.0016495707
191,71,0.0,0.0015627705
191,72,0.0,0.0017202562
191,73,0.0,0.0023634601
191,74,0.0,0.0026820214
191,75,0.0,0.003470187
191,76,0.0,0.0023880047
191,77,0.0,0.0027123312
191,78,0.0,0.0022722632
191,79,0.0,0.003061025
191,80,0.0,0.0025628563
191,81,0.0,0.002782235
191,82,0.0,0.0020077173
191,83,0.0,0.0027883206
191,84,0.0,0.0025602216
191,85,0.0,0.002635751
191,86,0.0,0.0016754656
191,87,-0.165301162118649,0.0032167565
191,88,0.0,0.0034803925
191,89,0.151476622660577,0.0020919177
191,90,0.0,0.0024762466
191,91,0.0,0.0021879394
191,92,0.0,0.0022351015
191,93,0.0,0.0021515512
191,94,-0.154443505279343,0.0022346135
191,95,0.0,0.0026355055
191,96,0.0,0.0023179874
191,97,0.0,0.001519328
191,98,0.0,0.0024383003
191,99,0.156470092727591,0.0024030097
191,100,0.0,0.0023552664
191,101,0.0,0.0027629323
191,102,0.152797485631357,0.0016426397
191,103,0.0,0.0026138895
191,104,0.0,0.0035032658
191,105,0.0,0.0025908304
191,106,-0.163172061637758,0.0024718223
191,107,-0.15238636935167,0.0024063517
191,108,0.0,0.0023174174
191,109,0.0,0.0025088647
191,110,0.0,0.0029938556
191,111,0.0,0.0034258184
191,112,0.0,0.002333444
191,113,0.0,0.0024476666
191,114,0.0,0.002788039
191,115,0.0,0.0024218932
191,116,0.0,0.0025051744
191,117,0.0,0.0026608738
191,118,0.0,0.0027540713
191,119,0.0,0.0026136916
191,120,0.0,0.0020135324
191,121,0.149035890839693,0.0020474447
191,122,0.0,0.0025515938
191,123,0.0,0.0025643772
191,124,0.0,0.0024921033
191,125,0.0,0.0025972365
191,126,0.0,0.0034758835
191,127,0.0,0.0025103935
191,128,0.0,0.0033854176
191,129,0.0,0.0029626028
191,130,0.0,0.002777588
191,131,0.0,0.0024870192
191,132,0.0,0.0023948918
191,133,0.0,0.002770537
191,134,0.0,0.0035958425
191,135,0.159512261546238,0.0015760944
191,136,0.0,0.0025904602
191,137,0.0,0.0018493701
191,138,0.0,0.002306878
191,139,0.0,0.002329932
191,140,0.0,0.0023732497
191,141,0.172258286330746,0.0034899744
191,142,0.159642974635536,0.0017628446
191,143,0.0,0.0028774007
191,144,0.0,0.0027184738
191,145,0.0,0.0028384607
191,146,0.0,0.0022100685
191,147,0.0,0.0025726813
191,148,0.0,0.0027616182
191,149,0.0,0.0018948489
191,150,0.0,0.001757083
191,151,0.0,0.0021920665
191,152,0.0,0.0027767513
191,153,0.0,0.0036122785
191,154,0.0,0.0024908767
191,155,0.0,0.0025710799
191,156,0.0,0.0026369458
191,157,0.0,0.0028046924
191,158,0.0,0.002327188
191,159,0.0,0.0024372395
191,160,0.0,0.0024381
191,161,0.0,0.0023898361
191,162,0.0,0.0035275472
191,163,0.0,0.0027973126
191,164,0.0,0.0026145838
191,165,0.0,0.002587183
191,166,0.0,0.0032258183
191,167,0.0,0.0018376028
191,168,0.0,0.0023891605
191,169,0.0,0.002102117
191,170,0.0,0.0035893451
191,171,0.156588343444532,0.0020532394
191,172,0.165262625470799,0.0025900155
191,173,0.0,0.0023562526
191,174,0.0,0.001978286
191,175,0.0,0.0027954117
191,176,0.0,0.0026608263
191,177,0.0,0.0025681886
191,178,0.0,0.002408769
191,179,0.0,0.003143223
191,180,0.0,0.0023429897
191,181,0.0,0.002647826
191,182,0.0,0.0027022758
191,183,0.0,0.0024372437
191,184,0.0,0.0032296283
191,185,0.0,0.002609373
191,186,0.0,0.0026089363
191,187,0.0,0.002601311
191,188,0.0,0.0024629077
191,189,0.0,0.0023129238
191,190,0.0,0.0017840485
191,191,0.701640413608402,0.030703487
191,192,0.0,0.002790764
191,193,0.0,0.003336702
191,194,0.0,0.0015822514
191,195,0.0,0.0023073894
191,196,0.0,0.0023842151
191,197,0.0,0.0023315144
191,198,-0.13788077956658,0.0024153213
191,199,0.0,0.0023798267
191,200,0.0,0.0029287408
191,201,0.0,0.002393952
191,202,0.150441070393366,0.002313803
191,203,0.0,0.002423388
191,204,0.0,0.0026137764
191,205,0.0,0.003271494
191,206,0.0,0.0035768645
191,207,0.0,0.0019449582
191,208,0.0,0.002549368
191,209,0.144097380630931,0.0023594927
191,210,0.150819200094168,0.003243891
191,211,0.0,0.0024985303
191,212,0.0,0.0027775508
191,213,0.0,0.0036279894
191,214,0.0,0.0024192268
191,215,0.0,0.0024046944
191,216,0.0,0.0026330021
191,217,0.0,0.0035052071
191,218,0.0,0.0018022396
191,219,0.0,0.0026931516
191,220,0.0,0.002779283
191,221,0.0,0.002422208
191,222,-0.153437132242851,0.001842747
191,223,0.0,0.0015758565
191,224,0.0,0.0026273862
191,225,0.0,0.0021208716
191,226,0.0,0.0027651135
191,227,0.0,0.0024170005
191,228,0.0,0.002716329
191,229,0.0,0.00233834
191,230,0.0,0.0023447555
191,231,0.0,0.0022527417
191,232,0.0,0.0034343703
191,233,0.0,0.002344498
191,234,0.0,0.0023533087
191,235,0.0,0.002778261
191,236,0.0,0.002734329
191,237,0.0,0.0021494012
191,238,-0.141909506535518,0.0014678854
191,239,0.0,0.0023098728
191,240,0.0,0.0024235328
191,241,0.0,0.0025022207
191,242,0.0,0.002983517
191,243,0.0,0.0028816024
191,244,0.0,0.0023176717
191,245,0.0,0.0023109806
191,246,0.0,0.0035535619
191,247,-0.147837980142453,0.002115136
191,248,0.0,0.0023993738
191,249,0.0,0.0014912342
191,250,0.0,0.0026136818
191,251,0.0,0.003630966
191,252,0.0,0.0025135996
191,253,0.0,0.0026117363
191,254,0.0,0.0023731063
191,255,0.0,0.0025090836
191,256,0.0,0.0022328296
191,257,0.0,0.0025315685
191,258,0.0,0.0025324202
191,259,-0.151873631306635,0.0029633404
191,260,0.0,0.0024879873
191,261,0.0,0.0025971225
191,262,0.144633300995335,0.0036124233
191,263,0.138651709856415,0.0020626108
191,264,-0.137863062025097,0.0014785184
191,265,0.0,0.0027444838
191,266,0.0,0.0023873649
191,267,0.0,0.0031888075
191,268,0.0,0.0036209505
192,1,0.147521008867488,0.0022011073
192,2,0.0,0.0028866301
192,3,0.0,0.002358846
192,4,0.0,0.002529726
192,5,0.0,0.0019718576
192,6,0.0,0.0014883727
192,7,0.0,0.0014686286
192,8,0.0,0.0025476646
192,9,0.0,0.0018957104
192,10,0.0,0.0024168347
192,11,0.0,0.0023467224
192,12,0.0,0.0023973985
192,13,0.13738292867848,0.001492796
192,14,0.0,0.0015323176
192,15,0.0,0.0014957148
192,16,0.0,0.0014778734
192,17,0.0,0.0026615616
192,18,0.0,0.0024831975
192,19,0.0,0.0027549919
192,20,0.0,0.0015221015
192,21,0.0,0.0014704736
192,22,0.159465243117349,0.002434533
192,23,0.0,0.0024140924
192,24,0.0,0.0014938749
192,25,0.0,0.0035774107
192,26,0.0,0.0024396693
192,27,0.0,0.0019400101
192,28,0.0,0.0035304008
192,29,0.0,0.0028107213
192,30,0.0,0.001531018
192,31,0.0,0.0022418927
192,32,0.0,0.0015443899
192,33,0.0,0.0026132544
192,34,0.0,0.0023540147
192,35,0.0,0.0014735996
192,36,0.0,0.0024137953
192,37,0.0,0.0014866823
192,38,0.0,0.0014918041
192,39,0.0,0.0026427438
192,40,0.0,0.0018295678
192,41,0.0,0.0017008805
192,42,0.0,0.0029990822
192,43,0.0,0.002158057
192,44,0.0,0.0027346653
192,45,0.0,0.002418371
192,46,0.0,0.0027697138
192,47,0.0,0.0014706594
192,48,0.0,0.002101981
192,49,0.0,0.0022397148
192,50,0.0,0.002553315
192,51,0.0,0.004621242
192,52,0.0,0.0019788025
192,53,0.0,0.0015927139
192,54,0.0,0.0014973404
192,55,0.0,0.0035357578
192,56,0.0,0.0035508173
192,57,0.0,0.001899722
192,58,0.0,0.001701043
192,59,0.0,0.0035156487
192,60,0.0,0.0018787738
192,61,0.0,0.002591629
192,62,0.0,0.0017919727
192,63,0.0,0.0021885019
192,64,0.0,0.0014792224
192,65,0.0,0.00276331
192,66,0.0,0.0016524568
192,67,-0.1414210066152,0.0015399638
192,68,0.0,0.0036088373
192,69,0.0,0.0023390832
192,70,0.0,0.0017423201
192,71,0.0,0.0019788872
192,72,0.0,0.0016810829
192,73,-0.154037076593831,0.002550167
192,74,0.0,0.0027400525
192,75,0.0,0.0021992484
192,76,0.0,0.0014763521
192,77,0.0,0.0019442011
192,78,0.0,0.0025991611
192,79,-0.162619341059855,0.002186614
192,80,0.0,0.0014889687
192,81,0.0,0.0030422108
192,82,0.0,0.0029485063
192,83,0.0,0.0024223677
192,84,0.0,0.0027007814
192,85,0.0,0.0016928101
192,86,0.0,0.0014622398
192,87,0.0,0.0035876269
192,88,0.0,0.0027733934
192,89,0.0,0.0025718557
192,90,0.0,0.0014617709
192,91,0.0,0.0019433047
192,92,0.0,0.0027426146
192,93,0.0,0.0026918421
192,94,0.0,0.0036303098
192,95,0.0,0.0017635468
192,96,0.0,0.0017678542
192,97,0.0,0.0016593235
192,98,0.0,0.0014925189
192,99,0.0,0.0023453543
192,100,0.0,0.00181016
192,101,0.0,0.0017171423
192,102,0.0,0.002903326
192,103,0.0,0.0023997398
192,104,0.0,0.0015795422
192,105,0.0,0.0025088685
192,106,0.0,0.0032899631
192,107,0.143313583168555,0.0014936766
192,108,0.0,0.0014757486
192,109,0.0,0.0016269772
192,110,0.0,0.0024711066
192,111,0.0,0.0032961252
192,112,0.0,0.0014830097
192,113,0.0,0.0027462477
192,114,0.0,0.0016393661
192,115,0.0,0.0027853064
192,116,0.0,0.0020578327
192,117,0.0,0.0023842016
192,118,0.0,0.0024450542
192,119,0.0,0.0024378807
192,120,0.0,0.0025486248
192,121,0.0,0.0028863624
192,122,0.0,0.0017410796
192,123,0.0,0.0025793482
192,124,0.0,0.0032786774
192,125,0.0,0.002422715
192,126,0.0,0.0021788552
192,127,-0.146189125026189,0.0014887666
192,128,0.0,0.0024327757
192,129,0.0,0.002287656
192,130,0.0,0.0022452516
192,131,0.0,0.0016292846
192,132,0.0,0.0028285314
192,133,0.0,0.0014976654
192,134,0.0,0.002385974
192,135,0.0,0.001647797
192,136,0.0,0.002642834
192,137,0.0,0.002108951
192,138,0.0,0.0023076436
192,139,0.0,0.0016863463
192,140,0.0,0.0021380824
192,141,0.0,0.0041510137
192,142,0.0,0.003596757
192,143,0.0,0.0026011728
192,144,-0.159581756976451,0.002130095
192,145,0.147091539174614,0.002790682
192,146,0.0,0.002744143
192,147,0.0,0.0021857559
192,148,-0.155953423026293,0.0023324052
192,149,0.0,0.0019464991
192,150,0.0,0.0017937277
192,151,0.0,0.0030517443
192,152,0.0,0.0023261178
192,153,0.0,0.0029987777
192,154,0.0,0.0018134722
192,155,0.0,0.0016254187
192,156,0.0,0.003111655
192,157,0.0,0.002422914
192,158,0.0,0.0016511902
192,159,0.0,0.0016026068
192,160,0.0,0.0021682167
192,161,0.0,0.001633259
192,162,0.0,0.001516337
192,163,0.0,0.0017340742
192,164,0.0,0.0015801713
192,165,0.0,0.0026776018
192,166,0.0,0.0027835974
192,167,0.0,0.0015926566
192,168,0.0,0.0021521798
192,169,0.0,0.0014776969
192,170,0.0,0.0017468841
192,171,0.0,0.0026706979
192,172,0.0,0.002767181
192,173,0.0,0.0022681477
192,174,0.0,0.0016731247
192,175,0.0,0.002526361
192,176,0.0,0.002369566
192,177,0.154862693053012,0.0014754599
192,178,0.0,0.0016998504
192,179,0.0,0.001822243
192,180,0.0,0.0018297592
192,181,0.0,0.0023211413
192,182,0.0,0.001468373
192,183,-0.155861842296275,0.0016241539
192,184,0.0,0.00241007
192,185,0.0,0.0023364164
192,186,0.0,0.0028137388
192,187,0.0,0.0015333467
192,188,0.0,0.0014880123
192,189,0.0,0.0014857906
192,190,0.0,0.0019102264
192,191,0.0,0.002790764
192,192,0.0,0.030703487
192,193,0.0,0.0014931988
192,194,0.0,0.0016964646
192,195,0.0,0.0035524415
192,196,0.0,0.0014948715
192,197,0.0,0.0027417052
192,198,0.0,0.001476997
192,199,-0.173745612118548,0.0023880345
192,200,0.0,0.0024830312
192,201,0.0,0.0018413514
192,202,0.0,0.0034080795
192,203,0.0,0.0016619954
192,204,0.0,0.0014932691
192,205,0.0,0.0014713486
192,206,-0.169057061222656,0.0015239231
192,207,0.0,0.002481387
192,208,0.0,0.002286877
192,209,0.0,0.002778601
192,210,0.0,0.0023888126
192,211,0.0,0.0018388415
192,212,0.0,0.00174654
192,213,0.0,0.0018301206
192,214,0.0,0.0014680512
192,215,0.0,0.0019569485
192,216,0.150924350219752,0.0027133483
192,217,0.0,0.0024214238
192,218,0.0,0.0015054685
192,219,0.0,0.0031209132
192,220,0.0,0.002922797
192,221,0.0,0.0016193395
192,222,0.0,0.002654097
192,223,-0.169781614636803,0.0016061263
192,224,0.0,0.0014794441
192,225,0.0,0.0015274966
192,226,0.0,0.0017037271
192,227,0.0,0.002459324
192,228,0.0,0.001530237
192,229,0.174388427415081,0.0014683804
192,230,0.0,0.0035824687
192,231,0.0,0.0023982963
192,232,0.0,0.0018206211
192,233,0.0,0.002371145
192,234,0.0,0.001562478
192,235,0.0,0.0017326083
192,236,0.0,0.0016187569
192,237,0.0,0.0033157049
192,238,0.0,0.002692963
192,239,0.0,0.0016911258
192,240,0.0,0.0017659916
192,241,0.0,0.001533255
192,242,0.0,0.003374517
192,243,0.0,0.003311898
192,244,0.0,0.0025781463
192,245,0.0,0.0015342007
192,246,0.0,0.0024968274
192,247,0.0,0.0025226553
192,248,0.0,0.0023838207
192,249,0.0,0.0016558263
192,250,0.15908124106819,0.0019376427
192,251,0.0,0.0035095927
192,252,0.0,0.002573999
192,253,0.0,0.0027586906
192,254,0.0,0.0030769175
192,255,0.0,0.0017391089
192,256,0.0,0.0018104254
192,257,-0.143223311247753,0.0026217191
192,258,0.0,0.0017026551
192,259,0.0,0.001553766
192,260,0.0,0.0020393939
192,261,0.0,0.0019291816
192,262,0.0,0.0015441207
192,263,0.0,0.0026447452
192,264,0.148209541049334,0.0019382788
192,265,0.0,0.001492376
192,266,0.0,0.002764232
192,267,0.0,0.0015133312
192,268,0.0,0.0014808993
193,1,0.0,0.0014992077
193,2,0.0,0.002483245
193,3,0.0,0.0023560785
193,4,0.0,0.0020381557
193,5,0.0,0.0027675824
193,6,0.0,0.0022410327
193,7,0.0,0.0014779177
193,8,0.0,0.0020080716
193,9,0.0,0.0035604094
193,10,0.0,0.0028462424
193,11,0.0,0.002422534
193,12,0.0,0.0026185745
193,13,0.0,0.0015811599
193,14,0.0,0.002538343
193,15,0.0,0.0016882494
193,16,0.0,0.0019747787
193,17,0.0,0.0025715237
193,18,0.0,0.0034516333
193,19,0.0,0.003550069
193,20,0.0,0.0014632437
193,21,0.0,0.002581195
193,22,0.0,0.002423321
193,23,0.0,0.002173074
193,24,0.0,0.002360864
193,25,0.0,0.0021635676
193,26,0.0,0.002472133
193,27,0.0,0.0018641395
193,28,0.0,0.002390121
193,29,0.0,0.0014801589
193,30,0.0,0.0014942023
193,31,0.0,0.002943844
193,32,0.0,0.0014910167
193,33,0.0,0.0024798806
193,34,0.0,0.0014660023
193,35,0.0,0.0027701273
193,36,0.0,0.0015131743
193,37,0.0,0.0014694929
193,38,0.0,0.0026252936
193,39,0.0,0.0019591781
193,40,0.0,0.002556994
193,41,0.0,0.0019364813
193,42,0.0,0.002427301
193,43,0.0,0.0024742493
193,44,0.0,0.0016424945
193,45,0.0,0.0019901218
193,46,0.0,0.0028038258
193,47,0.0,0.003501549
193,48,0.0,0.001946527
193,49,0.0,0.0026667188
193,50,0.156779952045715,0.0024224292
193,51,0.0,0.0019760132
193,52,0.0,0.0014813025
193,53,0.0,0.002642719
193,54,0.0,0.0020124055
193,55,0.0,0.003533362
193,56,0.0,0.0027721017
193,57,0.0,0.0017882576
193,58,0.0,0.0020700097
193,59,0.0,0.0027174763
193,60,0.0,0.0014965236
193,61,0.0,0.003209941
193,62,0.0,0.0014887657
193,63,0.0,0.0034302333
193,64,0.0,0.002468898
193,65,0.0,0.00301912
193,66,0.0,0.0026017781
193,67,0.0,0.0041542137
193,68,0.0,0.002225276
193,69,-0.167479438361784,0.0015435638
193,70,0.0,0.003591837
193,71,0.0,0.0016319994
193,72,0.0,0.0016567861
193,73,0.0,0.0025491482
193,74,0.0,0.0016141976
193,75,0.0,0.0017423811
193,76,0.0,0.00219136
193,77,0.0,0.0018004486
193,78,0.0,0.0019057794
193,79,0.0,0.0017400151
193,80,0.0,0.0014669201
193,81,0.0,0.0017261337
193,82,0.16044813291218,0.002372567
193,83,0.0,0.002348713
193,84,0.0,0.0035467707
193,85,0.0,0.0025759973
193,86,0.0,0.0014984785
193,87,0.0,0.0017749467
193,88,0.0,0.002885498
193,89,0.0,0.0019891802
193,90,0.167143088178398,0.0017223731
193,91,0.0,0.0033638626
193,92,0.0,0.0023091072
193,93,0.15977683511976,0.0028123884
193,94,0.0,0.001486362
193,95,0.0,0.0014589322
193,96,0.0,0.001804004
193,97,0.0,0.0020389203
193,98,0.144415961001506,0.0015451801
193,99,-0.162922975349652,0.0025380058
193,100,0.0,0.001673352
193,101,0.0,0.0014880542
193,102,0.0,0.002576151
193,103,0.175380591296207,0.0018920708
193,104,0.0,0.0026109484
193,105,0.0,0.0015495331
193,106,0.0,0.0034148865
193,107,0.0,0.0014764275
193,108,0.0,0.0019235583
193,109,0.0,0.0014904994
193,110,-0.150811411524897,0.0034712874
193,111,0.0,0.0023705466
193,112,0.0,0.002318882
193,113,0.0,0.0022970005
193,114,0.0,0.0025799517
193,115,0.0,0.0024179574
193,116,0.146354759292017,0.0027831327
193,117,0.0,0.0021545985
193,118,0.0,0.0025253189
193,119,0.153797537754247,0.0024214112
193,120,0.0,0.001708325
193,121,0.0,0.0015523871
193,122,0.0,0.0016395207
193,123,0.0,0.0025687404
193,124,0.0,0.0022367788
193,125,0.15313676554361,0.0024618367
193,126,0.0,0.0022729347
193,127,-0.161854518088886,0.0016331724
193,128,0.0,0.0025491267
193,129,0.0,0.0014574467
193,130,0.0,0.0026198132
193,131,0.0,0.0016367538
193,132,0.0,0.0015790043
193,133,0.162643380577688,0.0021438873
193,134,0.0,0.0017166911
193,135,0.0,0.001768739
193,136,0.0,0.0027498435
193,137,0.159962248255806,0.0020648213
193,138,0.0,0.0026185717
193,139,0.0,0.003128877
193,140,0.0,0.0029344591
193,141,-0.179362279707325,0.0017267587
193,142,0.0,0.001749109
193,143,-0.166823235780012,0.0020964001
193,144,0.0,0.0023692702
193,145,0.162853633495616,0.0025764843
193,146,0.0,0.0017527537
193,147,0.164552853009349,0.002514687
193,148,0.0,0.0030777375
193,149,0.0,0.0027598208
193,150,0.0,0.0022952356
193,151,0.0,0.001619326
193,152,0.160622003168112,0.0023619053
193,153,0.0,0.0031040157
193,154,0.0,0.0047407616
193,155,0.180051027421166,0.0017855419
193,156,0.0,0.002002459
193,157,0.0,0.002778612
193,158,0.0,0.003443732
193,159,0.0,0.0023067617
193,160,0.0,0.0016023372
193,161,0.0,0.0014814036
193,162,0.0,0.0015735081
193,163,0.0,0.002692801
193,164,0.0,0.0021498832
193,165,0.0,0.0018969919
193,166,0.0,0.0017276043
193,167,0.0,0.0036188504
193,168,0.15416133251766,0.0023624888
193,169,0.0,0.0021833032
193,170,0.0,0.0019944077
193,171,0.0,0.0015370939
193,172,0.0,0.0030363165
193,173,0.0,0.0027759983
193,174,0.0,0.0014869757
193,175,0.0,0.0023989803
193,176,0.0,0.0029695183
193,177,0.0,0.0014594728
193,178,0.0,0.0022166749
193,179,0.0,0.0033326666
193,180,0.0,0.001464094
193,181,0.0,0.0036303406
193,182,0.0,0.0028283242
193,183,0.0,0.002158326
193,184,-0.162411626056598,0.0017402247
193,185,0.0,0.0033924095
193,186,0.0,0.0017335829
193,187,0.0,0.0025825673
193,188,0.0,0.001769491
193,189,0.0,0.0014947169
193,190,0.0,0.002606329
193,191,0.0,0.003336702
193,192,0.0,0.0014931988
193,193,0.0,0.030703487
193,194,-0.136485476696341,0.00250794
193,195,0.0,0.0022753533
193,196,0.0,0.0017406791
193,197,-0.13555079551852,0.0024596057
193,198,0.0,0.0018624086
193,199,0.0,0.002838212
193,200,0.0,0.0027740072
193,201,0.0,0.0026911162
193,202,0.0,0.0020940062
193,203,0.0,0.0016369005
193,204,0.0,0.0022132285
193,205,0.0,0.0014605448
193,206,0.0,0.0023575206
193,207,0.0,0.001552477
193,208,0.0,0.001493515
193,209,0.0,0.00232912
193,210,0.0,0.0023947847
193,211,0.137963578064087,0.0023633055
193,212,0.0,0.0014995439
193,213,0.148281037554351,0.0026208656
193,214,0.0,0.0014703781
193,215,0.0,0.002368297
193,216,0.0,0.0018025725
193,217,0.0,0.0027119801
193,218,0.0,0.002576083
193,219,-0.151910247043674,0.0024467865
193,220,0.0,0.0017974116
193,221,0.0,0.0021876795
193,222,0.0,0.0023552491
193,223,0.0,0.0017974665
193,224,0.144209803040915,0.0018134047
193,225,0.0,0.0016208636
193,226,0.0,0.0017610146
193,227,0.0,0.0026687426
193,228,0.0,0.002361976
193,229,0.0,0.0021646079
193,230,0.0,0.0024876748
193,231,0.0,0.0019825445
193,232,0.0,0.0015833532
193,233,0.0,0.0023807697
193,234,0.0,0.0025601285
193,235,0.0,0.0031583016
193,236,0.0,0.006981901
193,237,0.0,0.002332475
193,238,0.0,0.002560963
193,239,0.0,0.0020083375
193,240,0.0,0.0021059406
193,241,0.0,0.002308223
193,242,0.0,0.0024914555
193,243,-0.139248556370413,0.0014667842
193,244,0.0,0.0026247404
193,245,0.0,0.0026481426
193,246,0.0,0.0026713177
193,247,0.0,0.0014897767
193,248,0.0,0.0022266968
193,249,0.0,0.003222905
193,250,0.0,0.0026187622
193,251,0.0,0.0016541732
193,252,0.0,0.0036319103
193,253,0.0,0.0025043613
193,254,-0.141078364529594,0.001559576
193,255,0.0,0.0016344637
193,256,0.0,0.0014587389
193,257,0.0,0.002010059
193,258,0.0,0.0027822303
193,259,0.0,0.0014843121
193,260,0.0,0.0035693427
193,261,0.0,0.0022842782
193,262,0.0,0.0020083538
193,263,0.0,0.0017311205
193,264,0.0,0.0028686323
193,265,0.0,0.0017298157
193,266,0.0,0.0016954136
193,267,0.0,0.0022173226
193,268,0.0,0.0017593028
194,1,0.0,0.0023640082
194,2,0.0,0.0034451447
194,3,0.0,0.0025823517
194,4,0.170861620248264,0.0023378725
194,5,0.0,0.0024189255
194,6,0.0,0.0025218376
194,7,0.0,0.0018392503
194,8,0.0,0.0029979413
194,9,0.161195397353832,0.0025870577
194,10,0.0,0.0030422588
194,11,0.0,0.0023459066
194,12,0.0,0.0023393147
194,13,0.0,0.002331961
194,14,0.0,0.0018489398
194,15,0.0,0.0036281394
194,16,0.0,0.0034909528
194,17,0.0,0.0036252276
194,18,0.0,0.0026045837
194,19,0.0,0.002471101
194,20,0.0,0.0026375237
194,21,0.0,0.002433774
194,22,0.0,0.002800309
194,23,0.0,0.0029627583
194,24,0.0,0.0035938076
194,25,0.0,0.0029986678
194,26,0.0,0.0031370204
194,27,0.0,0.0026160544
194,28,0.0,0.002660411
194,29,0.0,0.0023334343
194,30,-0.173249037753453,0.0025399276
194,31,0.0,0.0025874185
194,32,0.0,0.003629678
194,33,0.154504030080564,0.0017587785
194,34,0.0,0.00243475
194,35,0.0,0.0024575358
194,36,0.0,0.0024608239
194,37,0.0,0.0022747843
194,38,0.0,0.0023521734
194,39,0.0,0.0024044686
194,40,0.0,0.0035841875
194,41,0.0,0.0022579506
194,42,0.0,0.0036235447
194,43,0.0,0.0026672464
194,44,0.0,0.002621648
194,45,0.0,0.0024717748
194,46,0.0,0.0027353163
194,47,0.0,0.0017491039
194,48,-0.156489376460913,0.0023894017
194,49,0.0,0.0028554439
194,50,0.0,0.0027621612
194,51,0.0,0.0023631486
194,52,0.171414678499187,0.0034277928
194,53,0.0,0.0023376774
194,54,0.0,0.0023718225
194,55,0.0,0.0025153789
194,56,0.0,0.002549002
194,57,0.0,0.002072432
194,58,0.0,0.0020930003
194,59,0.0,0.002460807
194,60,0.0,0.002567239
194,61,0.0,0.0031961836
194,62,0.0,0.0026542586
194,63,0.0,0.0031518494
194,64,0.0,0.0024313494
194,65,0.204502060366371,0.0031290152
194,66,0.0,0.0017360346
194,67,0.0,0.0019631293
194,68,0.0,0.0022514332
194,69,0.0,0.0026931413
194,70,0.0,0.0024261572
194,71,0.0,0.0034399051
194,72,0.0,0.0019743857
194,73,0.0,0.0026418134
194,74,0.0,0.0023422185
194,75,0.0,0.003057898
194,76,0.0,0.0034580175
194,77,0.0,0.0031042485
194,78,0.0,0.0027616387
194,79,0.0,0.0020088693
194,80,0.0,0.002284111
194,81,0.0,0.0031669592
194,82,0.0,0.0034805634
194,83,-0.183834492781991,0.0029471926
194,84,0.0,0.0026636072
194,85,0.0,0.0032947408
194,86,0.0,0.0021921117
194,87,0.0,0.0025845594
194,88,0.0,0.002746798
194,89,0.0,0.0021732054
194,90,0.0,0.0022377013
194,91,0.0,0.0032831915
194,92,0.0,0.0031033023
194,93,0.0,0.003572381
194,94,0.0,0.0023376336
194,95,0.0,0.0016088793
194,96,0.172199441075944,0.0024699713
194,97,0.0,0.0015960885
194,98,0.0,0.0023923703
194,99,0.0,0.0029170862
194,100,0.0,0.0027756342
194,101,0.0,0.0024938025
194,102,0.0,0.0024941093
194,103,0.0,0.0032682293
194,104,0.0,0.002598526
194,105,0.0,0.002549185
194,106,0.0,0.0030457885
194,107,0.0,0.0017917417
194,108,0.0,0.0035081906
194,109,0.0,0.0025902544
194,110,0.0,0.0023663798
194,111,0.0,0.0030181152
194,112,0.0,0.0022276915
194,113,0.0,0.0025499314
194,114,0.0,0.002550493
194,115,0.0,0.002446713
194,116,0.0,0.0023777792
194,117,0.0,0.0030064196
194,118,-0.162233870096616,0.0034542098
194,119,0.0,0.0025179284
194,120,-0.181271769749851,0.003034051
194,121,-0.160442051140711,0.0027478817
194,122,0.0,0.0027115704
194,123,-0.164295513293007,0.0028971643
194,124,0.0,0.0017423825
194,125,0.0,0.0017533773
194,126,0.0,0.0025539147
194,127,0.0,0.0024502394
194,128,0.0,0.0035283603
194,129,0.0,0.0026069675
194,130,0.0,0.0022627204
194,131,0.0,0.001477485
194,132,0.167499394602915,0.0023260769
194,133,0.0,0.0036250572
194,134,0.0,0.0025498276
194,135,0.0,0.0014854572
194,136,0.0,0.0024093552
194,137,0.0,0.0035466854
194,138,0.0,0.0036218604
194,139,0.0,0.0024485192
194,140,0.0,0.0036295652
194,141,0.0,0.0023552426
194,142,0.0,0.0027870606
194,143,0.0,0.0035944292
194,144,0.0,0.0024683713
194,145,0.168373522444188,0.002677951
194,146,0.0,0.0023707463
194,147,0.0,0.0035380144
194,148,0.0,0.003365356
194,149,0.0,0.0024183295
194,150,0.0,0.002062635
194,151,-0.174015065468991,0.0031286688
194,152,0.0,0.0025627022
194,153,0.0,0.002434861
194,154,0.0,0.0026260284
194,155,0.0,0.0035747197
194,156,0.0,0.0025560781
194,157,0.0,0.003502598
194,158,0.170974165855174,0.0026140404
194,159,0.0,0.0020717015
194,160,0.0,0.0014938205
194,161,0.0,0.0026311874
194,162,0.0,0.0019812412
194,163,-0.162416128803697,0.0025666044
194,164,0.0,0.002718904
194,165,0.0,0.003066531
194,166,0.0,0.002105557
194,167,0.0,0.0035754866
194,168,0.0,0.003482583
194,169,0.0,0.0023138598
194,170,0.0,0.0027160505
194,171,0.0,0.0028302507
194,172,0.0,0.002848351
194,173,-0.158652930080778,0.0026402972
194,174,0.0,0.0024408116
194,175,0.0,0.0027885074
194,176,0.0,0.002412099
194,177,0.0,0.0023112367
194,178,0.0,0.0035315785
194,179,0.0,0.0024432433
194,180,-0.167786857058208,0.002342964
194,181,0.0,0.0027671917
194,182,0.0,0.0016278639
194,183,0.0,0.0017677927
194,184,0.0,0.0033765435
194,185,0.173618021279065,0.0027787504
194,186,0.0,0.0023892839
194,187,0.0,0.003632837
194,188,0.0,0.002343556
194,189,0.0,0.0014988566
194,190,0.0,0.0030220607
194,191,0.0,0.0015822514
194,192,0.0,0.0016964646
194,193,0.0,0.00250794
194,194,0.206156646367162,0.030703487
194,195,0.0,0.002625071
194,196,0.146578436493537,0.0023404686
194,197,0.138233111561282,0.003188755
194,198,0.0,0.0023975195
194,199,0.0,0.0024356889
194,200,0.0,0.0020127734
194,201,0.0,0.0031579463
194,202,0.0,0.0028066784
194,203,-0.145318305878278,0.002768145
194,204,0.0,0.002495604
194,205,0.0,0.0027537206
194,206,0.0,0.002544046
194,207,0.0,0.0032584365
194,208,0.0,0.0031502573
194,209,0.0,0.0028995294
194,210,0.0,0.0024294606
194,211,0.0,0.0027369764
194,212,0.0,0.0026010983
194,213,0.0,0.0025875783
194,214,0.0,0.0026619262
194,215,0.0,0.0036307499
194,216,0.0,0.0023256796
194,217,0.0,0.0023596124
194,218,0.0,0.0014919378
194,219,0.0,0.0031507541
194,220,0.0,0.0026507806
194,221,0.0,0.002666945
194,222,0.0,0.0023177732
194,223,0.0,0.0026540253
194,224,0.0,0.0035931165
194,225,0.0,0.001516135
194,226,0.0,0.0026486656
194,227,0.0,0.002631274
194,228,0.0,0.0027461923
194,229,0.0,0.0026067058
194,230,0.0,0.002455621
194,231,0.0,0.002902064
194,232,0.0,0.0027204813
194,233,0.0,0.0015911339
194,234,0.0,0.0025371294
194,235,0.0,0.0023272638
194,236,0.0,0.003011047
194,237,0.0,0.0024775644
194,238,0.0,0.002721211
194,239,0.0,0.0017058682
194,240,0.0,0.0014791838
194,241,0.0,0.0024803495
194,242,0.0,0.0027124444
194,243,0.0,0.0027509425
194,244,-0.144421068190605,0.002610338
194,245,0.0,0.0033960035
194,246,0.0,0.0025365185
194,247,0.0,0.0035063745
194,248,0.0,0.0016447352
194,249,0.0,0.0025572353
194,250,0.0,0.0030895607
194,251,0.0,0.002403743
194,252,0.0,0.002404924
194,253,0.0,0.0026467047
194,254,0.0,0.0024577985
194,255,0.0,0.002716998
194,256,0.0,0.0027666274
194,257,0.0,0.001542097
194,258,0.0,0.0016287412
194,259,0.0,0.002327554
194,260,0.0,0.003572485
194,261,0.145496775826934,0.0021698782
194,262,0.0,0.0027873237
194,263,0.0,0.0026939143
194,264,0.0,0.0027290345
194,265,0.0,0.0023018145
194,266,0.157883637171964,0.0033863392
194,267,0.0,0.0027064136
194,268,0.0,0.003338574
195,1,0.0,0.002915706
195,2,0.0,0.0016744873
195,3,0.0,0.0021593762
195,4,0.0,0.003051347
195,5,0.0,0.0026262444
195,6,0.148673820976318,0.0023387987
195,7,0.0,0.0032993332
195,8,0.0,0.0031628506
195,9,0.0,0.0019527897
195,10,0.0,0.0024548084
195,11,0.0,0.0027251015
195,12,-0.144479229209912,0.0014936184
195,13,0.142337538612316,0.0024753846
195,14,0.0,0.0024552853
195,15,0.0,0.0025335313
195,16,0.0,0.0031398889
195,17,0.0,0.0036134538
195,18,0.0,0.0021275785
195,19,0.0,0.0023710486
195,20,0.0,0.0014735996
195,21,0.0,0.0025816495
195,22,0.165216234781676,0.0024639973
195,23,0.0,0.002511649
195,24,0.140347920774068,0.0022134162
195,25,0.0,0.002590592
195,26,0.155414392935816,0.0023133745
195,27,0.0,0.0029054065
195,28,0.0,0.0018015839
195,29,0.0,0.0036327154
195,30,0.0,0.0016546594
195,31,0.0,0.0025375304
195,32,0.0,0.0023489199
195,33,0.0,0.002613883
195,34,0.0,0.0016496778
195,35,0.0,0.002429129
195,36,0.0,0.0022940394
195,37,0.0,0.003454261
195,38,0.0,0.0025745137
195,39,0.0,0.0017406438
195,40,0.0,0.0027865795
195,41,0.0,0.0023973607
195,42,-0.143738005604901,0.003211698
195,43,0.0,0.0023260834
195,44,0.0,0.002189896
195,45,0.0,0.002508216
195,46,0.145075237203916,0.0025629168
195,47,0.0,0.0024589244
195,48,0.0,0.0026223073
195,49,0.0,0.0023677326
195,50,0.0,0.0025425712
195,51,0.0,0.0019500935
195,52,0.0,0.0024232124
195,53,0.0,0.0025246101
195,54,0.0,0.0027669333
195,55,0.158527618588667,0.0028687324
195,56,0.0,0.001739406
195,57,0.0,0.0022007134
195,58,0.0,0.0023642988
195,59,0.0,0.002740635
195,60,-0.14445886842304,0.0027039107
195,61,0.0,0.0020393818
195,62,0.0,0.0025916975
195,63,0.0,0.0022822805
195,64,0.0,0.0034432388
195,65,0.0,0.0014935918
195,66,0.0,0.0034616413
195,67,0.0,0.0031025512
195,68,-0.15057345340724,0.0017094342
195,69,0.0,0.0026982105
195,70,0.0,0.0021869075
195,71,0.0,0.0027570338
195,72,0.0,0.0025518942
195,73,0.0,0.0035092817
195,74,0.0,0.0026122448
195,75,0.0,0.0026009204
195,76,0.0,0.0027234121
195,77,0.0,0.0017414019
195,78,0.0,0.002650559
195,79,0.0,0.001682133
195,80,0.0,0.003158662
195,81,0.0,0.0015613576
195,82,0.0,0.0025978698
195,83,0.0,0.0027650814
195,84,0.0,0.0018559378
195,85,0.0,0.0034533287
195,86,0.0,0.0033560442
195,87,0.0,0.0024791658
195,88,0.0,0.0028526094
195,89,0.0,0.0029769107
195,90,0.0,0.0023862761
195,91,0.0,0.0019137999
195,92,0.0,0.0023294953
195,93,0.0,0.0020697247
195,94,0.0,0.002645024
195,95,0.0,0.002261927
195,96,0.0,0.0036304137
195,97,0.0,0.0025297343
195,98,0.0,0.0023335824
195,99,0.0,0.0014922367
195,100,0.0,0.003123418
195,101,0.0,0.002369129
195,102,0.0,0.0025497545
195,103,0.0,0.0025963532
195,104,-0.142199743993246,0.002422803
195,105,0.0,0.0024103783
195,106,0.0,0.0022430522
195,107,0.0,0.002591989
195,108,0.0,0.0030946792
195,109,0.0,0.0016425699
195,110,0.0,0.0027754079
195,111,0.0,0.0031331703
195,112,0.0,0.0023968369
195,113,0.0,0.0023656478
195,114,0.0,0.0036332477
195,115,0.0,0.0036186376
195,116,0.0,0.0030603549
195,117,0.0,0.0025577238
195,118,0.0,0.003092837
195,119,0.0,0.00247955
195,120,0.0,0.0030146432
195,121,0.0,0.0027659587
195,122,0.0,0.0022682697
195,123,0.0,0.0016243812
195,124,-0.153323235888051,0.002400016
195,125,0.0,0.0027827527
195,126,0.0,0.0020675901
195,127,0.0,0.00148731
195,128,0.0,0.0028006104
195,129,0.0,0.0021721702
195,130,0.0,0.0024081413
195,131,0.0,0.0023688683
195,132,0.0,0.00278875
195,133,0.0,0.0032865098
195,134,0.0,0.0026201042
195,135,0.0,0.0035806075
195,136,0.0,0.0026467093
195,137,0.0,0.00309199
195,138,0.0,0.002422262
195,139,0.0,0.0017402107
195,140,0.0,0.0026969132
195,141,0.167844856126175,0.0014989385
195,142,0.0,0.0031224354
195,143,0.0,0.0018972475
195,144,0.0,0.0020903545
195,145,0.0,0.002915217
195,146,0.0,0.002344443
195,147,0.153986389911936,0.0014918186
195,148,0.0,0.002719923
195,149,0.0,0.0030012913
195,150,0.0,0.003201975
195,151,0.0,0.0021379748
195,152,0.0,0.0025973078
195,153,0.0,0.0026362957
195,154,0.0,0.0021709078
195,155,0.0,0.0024354644
195,156,0.0,0.0025419751
195,157,0.0,0.0017555044
195,158,0.0,0.0020945915
195,159,0.0,0.00234858
195,160,0.0,0.0016038856
195,161,0.0,0.0023208736
195,162,0.0,0.0023684343
195,163,-0.147004195912947,0.0025875354
195,164,-0.158754433800964,0.0028144172
195,165,0.0,0.0024996996
195,166,0.0,0.0016059419
195,167,0.0,0.0030589788
195,168,0.0,0.00259719
195,169,0.0,0.0015718671
195,170,0.0,0.0023101736
195,171,-0.152576392905823,0.0024551367
195,172,0.0,0.0019654157
195,173,0.0,0.0022977488
195,174,0.0,0.0014925273
195,175,0.0,0.0025842213
195,176,0.0,0.0025621164
195,177,0.0,0.0021426035
195,178,0.0,0.0014677728
195,179,0.0,0.0025642705
195,180,0.0,0.0032671415
195,181,0.0,0.0020902222
195,182,0.0,0.0022366308
195,183,0.0,0.0020335317
195,184,0.0,0.0027680416
195,185,0.0,0.0023643188
195,186,0.0,0.0018562987
195,187,0.150375478870255,0.0019519352
195,188,0.0,0.0019168286
195,189,0.0,0.0023931493
195,190,0.0,0.0027291076
195,191,0.0,0.0023073894
195,192,0.0,0.0035524415
195,193,0.0,0.0022753533
195,194,0.0,0.002625071
195,195,0.0,0.030703487
195,196,0.0,0.0028155292
195,197,0.0,0.0025321948
195,198,0.0,0.002676669
195,199,0.0,0.0025530192
195,200,0.0,0.0023726984
195,201,0.0,0.0024181516
195,202,0.0,0.0025816425
195,203,0.0,0.0019987896
195,204,0.0,0.0024466678
195,205,0.0,0.0024708472
195,206,0.0,0.0016168663
195,207,0.146054576902453,0.002382157
195,208,0.0,0.0016717655
195,209,0.0,0.0025724368
195,210,0.0,0.0018066666
195,211,0.0,0.0026093838
195,212,0.0,0.0015120655
195,213,0.0,0.0023905728
195,214,-0.157968747777701,0.0030338443
195,215,0.0,0.0021181996
195,216,0.0,0.0034199166
195,217,0.0,0.0017305058
195,218,0.0,0.0030571902
195,219,0.0,0.001752248
195,220,0.0,0.0017415108
195,221,0.0,0.0020475062
195,222,0.0,0.0020218003
195,223,0.0,0.0028843288
195,224,0.0,0.0023935144
195,225,0.0,0.0026124092
195,226,0.0,0.0027728816
195,227,0.0,0.0028325608
195,228,0.0,0.0018323939
195,229,0.0,0.0034771292
195,230,0.0,0.003556434
195,231,0.0,0.0015147594
195,232,0.0,0.0024495735
195,233,0.0,0.00317202
195,234,0.0,0.0019187159
195,235,0.0,0.0025596214
195,236,0.0,0.0019173967
195,237,0.0,0.0023640376
195,238,0.0,0.002426419
195,239,0.0,0.0018298915
195,240,0.0,0.0026133088
195,241,0.0,0.0023481892
195,242,0.0,0.003550503
195,243,0.0,0.0026066778
195,244,0.15015406083279,0.0027550068
195,245,-0.148337266953865,0.0027701752
195,246,0.0,0.0024036844
195,247,0.0,0.0027720416
195,248,0.0,0.002171711
195,249,0.0,0.002348004
195,250,0.0,0.0017603128
195,251,0.0,0.0023495671
195,252,0.0,0.0024192752
195,253,0.0,0.0014993078
195,254,0.0,0.0027023708
195,255,0.0,0.0033427537
195,256,0.0,0.0033945213
195,257,0.0,0.0035507805
195,258,0.0,0.0021695588
195,259,0.0,0.0023915032
195,260,0.0,0.0024321312
195,261,0.0,0.0023073694
195,262,0.0,0.0023478824
195,263,0.0,0.0027670274
195,264,0.0,0.0014939602
195,265,0.0,0.0019249525
195,266,0.0,0.001672958
195,267,0.0,0.0020430936
195,268,0.0,0.002227514
196,1,0.0,0.0025094147
196,2,0.0,0.001598876
196,3,0.153851799773628,0.003230751
196,4,0.0,0.002487637
196,5,0.0,0.002380541
196,6,0.0,0.0025412813
196,7,0.0,0.001687563
196,8,0.0,0.0028942944
196,9,0.0,0.0030782362
196,10,0.0,0.00276977
196,11,0.0,0.003584358
196,12,0.0,0.0033272104
196,13,0.0,0.0024557514
196,14,0.0,0.0023770565
196,15,0.0,0.0021292013
196,16,0.0,0.0019302289
196,17,0.0,0.0024353806
196,18,0.0,0.0025961343
196,19,0.0,0.002567437
196,20,0.0,0.0023122006
196,21,0.0,0.0025764038
196,22,0.0,0.003259785
196,23,0.0,0.0023668883
196,24,0.0,0.001867488
196,25,0.0,0.0028822226
196,26,0.0,0.0023389077
196,27,0.0,0.002374791
196,28,0.0,0.0035990179
196,29,0.0,0.002614386
196,30,0.0,0.0024690097
196,31,0.0,0.0030342904
196,32,0.0,0.0017034188
196,33,0.0,0.0020074751
196,34,-0.143096203080678,0.002723494
196,35,-0.145985935074229,0.0023968648
196,36,0.0,0.003067986
196,37,0.0,0.0025041085
196,38,0.0,0.0023711836
196,39,0.0,0.0025755106
196,40,0.0,0.0023154188
196,41,0.0,0.0014928035
196,42,0.0,0.0026899693
196,43,0.0,0.0024055382
196,44,0.0,0.0022759382
196,45,0.0,0.0026987274
196,46,0.0,0.0028499765
196,47,0.0,0.0016862759
196,48,0.138207926499143,0.0032189735
196,49,0.0,0.0022852994
196,50,0.0,0.0014914502
196,51,0.0,0.0014814101
196,52,0.0,0.0026170872
196,53,0.0,0.0025468273
196,54,0.0,0.0026960871
196,55,0.0,0.0024433197
196,56,0.0,0.0019996283
196,57,0.0,0.0023302385
196,58,0.0,0.0029479335
196,59,0.0,0.0021005427
196,60,0.0,0.0025700568
196,61,-0.135655122086605,0.0017120242
196,62,0.0,0.0027140258
196,63,0.0,0.0036181812
196,64,0.0,0.0022959244
196,65,0.0,0.0027494878
196,66,0.0,0.0019082492
196,67,0.0,0.0014847061
196,68,0.0,0.002853551
196,69,0.0,0.0024477514
196,70,0.0,0.0023940396
196,71,0.0,0.0029628072
196,72,0.0,0.001477059
196,73,0.0,0.002454015
196,74,0.0,0.0022873008
196,75,0.0,0.002406823
196,76,0.0,0.0018569012
196,77,0.0,0.0024063843
196,78,0.0,0.0017560949
196,79,0.164401733822898,0.00263522
196,80,0.0,0.001726646
196,81,0.0,0.0025260723
196,82,0.0,0.0015715174
196,83,0.0,0.002319573
196,84,-0.149703735346681,0.0025810553
196,85,0.0,0.0036164164
196,86,0.0,0.0033273618
196,87,0.0,0.001488585
196,88,0.150119931686132,0.0024629985
196,89,0.0,0.0030725715
196,90,0.0,0.0016001067
196,91,0.0,0.003492522
196,92,0.0,0.002579202
196,93,0.0,0.0032263314
196,94,0.0,0.0024226583
196,95,0.0,0.0023474693
196,96,0.0,0.0025771125
196,97,0.0,0.0024235053
196,98,0.0,0.0026450017
196,99,0.0,0.002767155
196,100,0.0,0.0014870521
196,101,0.0,0.0034503485
196,102,0.0,0.0026163314
196,103,0.0,0.0027661538
196,104,0.0,0.0028529358
196,105,0.0,0.0028618998
196,106,0.0,0.0025919676
196,107,0.0,0.0015981747
196,108,0.0,0.0017667385
196,109,0.0,0.0025703534
196,110,0.0,0.002141429
196,111,0.0,0.0026820982
196,112,0.0,0.0021945634
196,113,0.0,0.0020718179
196,114,0.0,0.0031712214
196,115,0.0,0.002405651
196,116,0.0,0.0032876753
196,117,0.0,0.001565285
196,118,0.0,0.002414756
196,119,0.0,0.0023834822
196,120,0.0,0.0026387703
196,121,0.0,0.0017086407
196,122,0.0,0.0014783852
196,123,0.0,0.0016049924
196,124,0.0,0.001492329
196,125,0.0,0.0033680177
196,126,0.0,0.003299239
196,127,0.0,0.003923475
196,128,0.0,0.0025530527
196,129,0.146771116676194,0.0027177623
196,130,0.0,0.0026705828
196,131,0.0,0.0016349885
196,132,0.147931728922907,0.0014931345
196,133,0.0,0.0017619766
196,134,0.0,0.0019493615
196,135,0.0,0.0029906929
196,136,0.0,0.002391432
196,137,0.0,0.002198597
196,138,0.0,0.0017617284
196,139,0.0,0.002162057
196,140,0.0,0.0017613107
196,141,0.0,0.0022423482
196,142,0.0,0.0027325065
196,143,0.0,0.0014937641
196,144,0.0,0.0027717818
196,145,0.0,0.002667733
196,146,0.0,0.0027714502
196,147,0.0,0.0019598342
196,148,0.0,0.0025505302
196,149,0.0,0.0026739002
196,150,0.0,0.002535297
196,151,0.0,0.0025740769
196,152,0.0,0.0023078872
196,153,0.0,0.002783686
196,154,0.0,0.0017132
196,155,0.0,0.0025807517
196,156,0.0,0.0035439725
196,157,0.153906270027865,0.0023600948
196,158,0.0,0.0030695335
196,159,0.0,0.002543164
196,160,0.147810741473516,0.0025227433
196,161,0.0,0.0019575995
196,162,0.0,0.0014990112
196,163,0.0,0.002369482
196,164,0.0,0.0017956616
196,165,0.0,0.0016676183
196,166,0.0,0.0023152516
196,167,0.0,0.0036304542
196,168,0.0,0.0026094955
196,169,0.0,0.001926084
196,170,0.141876277664198,0.0031376854
196,171,0.0,0.0022840523
196,172,0.0,0.0025608223
196,173,0.0,0.0028985497
196,174,-0.143547164766828,0.0018713167
196,175,0.0,0.0027995515
196,176,0.0,0.002203675
196,177,0.0,0.002387059
196,178,0.0,0.0023731138
196,179,0.0,0.0028051743
196,180,0.0,0.0024414398
196,181,0.0,0.0022707852
196,182,-0.15166392487822,0.0026089791
196,183,0.0,0.0023632334
196,184,0.0,0.0021365052
196,185,0.0,0.0027882475
196,186,0.0,0.0018373672
196,187,0.0,0.0035866685
196,188,0.0,0.0025893105
196,189,0.0,0.0025880993
196,190,0.0,0.0026047397
196,191,0.15173595545404,0.0023842151
196,192,0.0,0.0014948715
196,193,0.0,0.0017406791
196,194,-0.163348759736187,0.0023404686
196,195,0.147848327966359,0.0028155292
196,196,0.0,0.030703487
196,197,0.0,0.0028419667
196,198,0.0,0.0016390476
196,199,0.0,0.0015611541
196,200,0.0,0.0021453076
196,201,0.0,0.0036289329
196,202,0.0,0.0018356205
196,203,0.0,0.0014936076
196,204,0.0,0.0018936452
196,205,0.0,0.0017613606
196,206,-0.162720411552347,0.0022174949
196,207,0.0,0.0026434134
196,208,0.0,0.0024646763
196,209,0.0,0.0033670869
196,210,0.0,0.0027884054
196,211,0.0,0.0035922057
196,212,0.0,0.0024362397
196,213,0.0,0.0024329089
196,214,0.0,0.0022395314
196,215,0.146191276579166,0.003401874
196,216,0.0,0.002219162
196,217,0.0,0.0031449818
196,218,0.0,0.001548232
196,219,0.0,0.0023409538
196,220,0.0,0.0025461502
196,221,0.0,0.002852623
196,222,0.0,0.0020919088
196,223,0.0,0.0024342965
196,224,0.0,0.0024615708
196,225,0.0,0.0016746717
196,226,0.0,0.0020004148
196,227,-0.15256291050979,0.0026509096
196,228,0.0,0.0035788845
196,229,0.0,0.0023756088
196,230,0.0,0.0025482983
196,231,0.0,0.0035722447
196,232,0.0,0.0026134662
196,233,0.0,0.0016158707
196,234,0.0,0.0024529886
196,235,0.0,0.0026846672
196,236,0.0,0.0022637374
196,237,0.147774804256824,0.0014938926
196,238,0.0,0.001485934
196,239,0.0,0.0034812656
196,240,0.0,0.0014906283
196,241,0.0,0.0014954936
196,242,0.0,0.002664995
196,243,0.0,0.0024585295
196,244,0.0,0.0033057854
196,245,0.0,0.0024521882
196,246,0.0,0.0028358493
196,247,0.0,0.0017402028
196,248,0.0,0.0023897658
196,249,0.0,0.001489257
196,250,0.0,0.0015803352
196,251,0.0,0.0021575373
196,252,0.0,0.0016490766
196,253,0.0,0.002211866
196,254,0.0,0.001493508
196,255,0.0,0.003097198
196,256,-0.150350145597434,0.0026491317
196,257,0.0,0.0027797213
196,258,0.0,0.0025467947
196,259,0.0,0.002200792
196,260,0.0,0.00232034
196,261,0.0,0.0025501205
196,262,0.0,0.0014740615
196,263,0.143470360864507,0.0021309014
196,264,0.0,0.0029617161
196,265,0.0,0.001768624
196,266,0.0,0.003388586
196,267,0.0,0.0019864226
196,268,0.0,0.0027447925
197,1,0.0,0.0024972297
197,2,0.0,0.0015362366
197,3,0.0,0.0026259157
197,4,0.0,0.003503236
197,5,0.0,0.0014894847
197,6,0.0,0.0031379154
197,7,0.0,0.0015927306
197,8,0.0,0.0016348995
197,9,0.137902905689921,0.0023903204
197,10,0.0,0.003495893
197,11,0.0,0.003540555
197,12,0.0,0.0024759201
197,13,0.0,0.0022474085
197,14,0.0,0.0023426753
197,15,0.0,0.0023103608
197,16,0.0,0.0019318718
197,17,0.0,0.0025880053
197,18,0.0,0.0017148056
197,19,0.0,0.0029113428
197,20,0.0,0.0022448287
197,21,0.0,0.003492441
197,22,0.0,0.003036065
197,23,0.0,0.00348952
197,24,0.0,0.0016069189
197,25,-0.150546643556802,0.0015798872
197,26,-0.146896497283726,0.0021579568
197,27,0.0,0.002433136
197,28,0.0,0.0023875004
197,29,0.0,0.0027560238
197,30,0.148214813241478,0.0033298722
197,31,0.0,0.0015120707
197,32,0.0,0.0015923809
197,33,0.0,0.0016029598
197,34,0.0,0.0019384688
197,35,0.0,0.0024428936
197,36,0.0,0.0027564447
197,37,0.0,0.0014895508
197,38,0.0,0.0019534933
197,39,0.0,0.001978966
197,40,0.0,0.002635113
197,41,0.0,0.0027223346
197,42,0.0,0.0017873319
197,43,0.0,0.0024498277
197,44,0.0,0.0023869649
197,45,0.0,0.0019897087
197,46,0.0,0.0020902338
197,47,0.0,0.0014833584
197,48,0.0,0.0027001468
197,49,0.0,0.0026561935
197,50,0.0,0.00227851
197,51,0.0,0.0021502855
197,52,0.0,0.002110296
197,53,0.0,0.0026574973
197,54,0.0,0.002553889
197,55,0.149839094394706,0.002425253
197,56,0.0,0.002389823
197,57,0.0,0.002558115
197,58,0.0,0.0029216572
197,59,-0.146585712279699,0.0026793648
197,60,0.0,0.0017043427
197,61,0.0,0.0019313605
197,62,0.0,0.0023235464
197,63,0.0,0.0018755067
197,64,0.0,0.002640142
197,65,0.0,0.0026011132
197,66,-0.137329329745601,0.003107727
197,67,0.0,0.0019684215
197,68,0.0,0.0036082729
197,69,0.0,0.0018407181
197,70,0.0,0.0018834304
197,71,0.0,0.002060798
197,72,0.0,0.0015116045
197,73,0.0,0.0025329958
197,74,0.0,0.002478574
197,75,0.0,0.0028279303
197,76,0.0,0.002823059
197,77,0.0,0.002549552
197,78,0.0,0.0024661813
197,79,0.0,0.0019704113
197,80,0.0,0.002993228
197,81,0.0,0.0035040881
197,82,0.0,0.0024527973
197,83,0.0,0.002683313
197,84,0.0,0.0034755524
197,85,0.0,0.0030432302
197,86,0.0,0.0023677927
197,87,0.0,0.0023676292
197,88,0.0,0.002739083
197,89,0.0,0.0035794885
197,90,0.0,0.0014666999
197,91,0.0,0.0015211655
197,92,0.0,0.0025875517
197,93,0.0,0.002454755
197,94,0.0,0.0032470492
197,95,0.0,0.002166761
197,96,0.0,0.0027766712
197,97,0.0,0.0032341098
197,98,0.0,0.003417096
197,99,0.0,0.0025089406
197,100,0.0,0.0025489056
197,101,0.0,0.0034802738
197,102,0.0,0.001722882
197,103,0.0,0.002534612
197,104,0.0,0.002950925
197,105,0.0,0.0025635832
197,106,0.0,0.0027719527
197,107,0.0,0.0016105347
197,108,0.0,0.0017274274
197,109,0.0,0.0031573023
197,110,0.0,0.0024266737
197,111,0.0,0.002506801
197,112,0.0,0.0027379338
197,113,0.0,0.002220627
197,114,0.0,0.0021625226
197,115,-0.134939302925859,0.0022308799
197,116,0.0,0.0023902915
197,117,0.0,0.0025514895
197,118,0.0,0.0023104143
197,119,0.0,0.0024923608
197,120,0.0,0.0024921382
197,121,0.0,0.001650874
197,122,0.0,0.0019447892
197,123,0.0,0.0020562373
197,124,0.0,0.0019170716
197,125,0.0,0.0026029916
197,126,0.0,0.0036320784
197,127,0.0,0.0014923923
197,128,0.0,0.0025214627
197,129,0.0,0.0029317494
197,130,0.142844026909712,0.0027264492
197,131,0.0,0.0022511706
197,132,0.0,0.0023546861
197,133,0.0,0.001664965
197,134,0.0,0.0017330325
197,135,0.0,0.003194848
197,136,0.0,0.002336423
197,137,0.0,0.0023620701
197,138,0.0,0.0014784914
197,139,0.0,0.0024553319
197,140,-0.143159824445385,0.002614548
197,141,0.0,0.0020091329
197,142,0.0,0.0023492887
197,143,0.0,0.0029729325
197,144,0.0,0.0023091305
197,145,0.0,0.0025516967
197,146,0.0,0.0015110364
197,147,0.0,0.0019467645
197,148,0.0,0.0023035766
197,149,0.0,0.0034336513
197,150,0.0,0.0017392207
197,151,0.0,0.002726579
197,152,0.0,0.0025725379
197,153,0.0,0.0033661542
197,154,0.0,0.0016228114
197,155,0.0,0.0027372628
197,156,0.0,0.001488613
197,157,0.0,0.00295497
197,158,0.0,0.002018663
197,159,0.0,0.0022005239
197,160,0.0,0.002611998
197,161,0.0,0.002540071
197,162,0.0,0.0025322307
197,163,0.0,0.0025322898
197,164,0.0,0.00258801
197,165,0.0,0.0016423464
197,166,0.0,0.00202211
197,167,0.0,0.0015312238
197,168,0.0,0.002789571
197,169,0.0,0.0028162068
197,170,0.0,0.002770661
197,171,0.0,0.0025214655
197,172,0.0,0.0024599512
197,173,0.0,0.0023402213
197,174,0.0,0.0021158294
197,175,0.0,0.0015313942
197,176,0.0,0.0031776018
197,177,0.0,0.0026520323
197,178,0.0,0.0017269943
197,179,0.0,0.0032250495
197,180,0.0,0.0027783662
197,181,0.0,0.0022768378
197,182,0.0,0.0024565468
197,183,0.0,0.002609964
197,184,0.0,0.0023443312
197,185,0.0,0.001604767
197,186,0.0,0.0016873064
197,187,0.0,0.0020957952
197,188,0.136577611536467,0.0030046217
197,189,0.0,0.002176688
197,190,0.0,0.0024355054
197,191,0.0,0.0023315144
197,192,0.0,0.0027417052
197,193,0.153042547106841,0.0024596057
197,194,0.0,0.003188755
197,195,0.0,0.0025321948
197,196,0.139745110457582,0.0028419667
197,197,0.0,0.030703487
197,198,0.0,0.0023076013
197,199,0.0,0.0028898595
197,200,0.0,0.0025941073
197,201,0.0,0.0026023565
197,202,0.146806530406933,0.0031641447
197,203,0.0,0.0023476281
197,204,0.0,0.00240679
197,205,0.0,0.0022147927
197,206,0.0,0.0026508658
197,207,0.0,0.0032783751
197,208,0.0,0.0020692246
197,209,0.0,0.0019603767
197,210,0.0,0.0025010356
197,211,0.0,0.0027220752
197,212,0.0,0.0017588921
197,213,-0.150179709246844,0.0036143456
197,214,0.0,0.0018159556
197,215,0.0,0.002332096
197,216,0.0,0.0035637412
197,217,0.0,0.0027194237
197,218,0.0,0.0021563033
197,219,0.0,0.00273726
197,220,0.0,0.0034251413
197,221,0.0,0.0023916527
197,222,0.0,0.0017929212
197,223,0.0,0.00194764
197,224,0.0,0.0014798311
197,225,0.0,0.0014959467
197,226,0.0,0.0020181742
197,227,0.0,0.0025340402
197,228,0.0,0.0018462581
197,229,0.0,0.0022408026
197,230,0.0,0.002520789
197,231,0.0,0.0017857756
197,232,0.0,0.0025265291
197,233,0.0,0.0024561686
197,234,0.0,0.0028406302
197,235,0.0,0.002601555
197,236,0.0,0.0018693618
197,237,0.0,0.0026590745
197,238,0.0,0.0020495327
197,239,0.0,0.003477546
197,240,0.0,0.0025377572
197,241,0.0,0.0019241516
197,242,0.0,0.002767487
197,243,0.0,0.0015114886
197,244,0.0,0.0034793047
197,245,0.0,0.002386461
197,246,0.0,0.0030925814
197,247,0.0,0.0032838066
197,248,0.0,0.0018805158
197,249,0.0,0.0023845201
197,250,0.0,0.0014945734
197,251,0.0,0.0017678677
197,252,0.0,0.0022503478
197,253,0.0,0.0034780297
197,254,0.0,0.0018628025
197,255,0.0,0.0027618464
197,256,0.0,0.0035127038
197,257,0.0,0.0025426447
197,258,0.0,0.0034259446
197,259,0.0,0.0024343184
197,260,0.0,0.0025415346
197,261,0.0,0.0025183638
197,262,0.0,0.0021878434
197,263,0.0,0.0016298564
197,264,0.0,0.0023163715
197,265,0.0,0.002020787
197,266,0.0,0.0027111005
197,267,0.0,0.0023585586
197,268,0.149578144643994,0.0017346335
198,1,0.0,0.0021858262
198,2,0.0,0.0030659907
198,3,0.0,0.0029424746
198,4,-0.155126158998745,0.0034111268
198,5,0.0,0.0035707182
198,6,0.0,0.0024659256
198,7,0.0,0.0035843076
198,8,0.0,0.0033171233
198,9,0.0,0.0016629118
198,10,0.0,0.003307308
198,11,-0.157518143186321,0.0027930895
198,12,0.0,0.0023085764
198,13,0.0,0.002791104
198,14,0.0,0.0014625047
198,15,0.0,0.0030843192
198,16,0.0,0.002739382
198,17,0.0,0.0036235717
198,18,0.0,0.0022024773
198,19,0.0,0.0025474797
198,20,0.0,0.0016834885
198,21,0.0,0.0022650794
198,22,0.0,0.0018661576
198,23,0.0,0.0023930715
198,24,0.0,0.0020429478
198,25,0.0,0.0025053946
198,26,0.155894638474965,0.0017333664
198,27,0.0,0.0018552393
198,28,0.0,0.0018924414
198,29,0.0,0.0023512468
198,30,0.0,0.0017240709
198,31,0.0,0.0026133298
198,32,0.0,0.0017310055
198,33,0.0,0.002761018
198,34,0.0,0.0024955883
198,35,0.0,0.0017379834
198,36,0.0,0.002292083
198,37,0.0,0.0014795605
198,38,0.147571544470655,0.0028208299
198,39,0.0,0.0014872393
198,40,0.0,0.0030421838
198,41,0.0,0.0018554097
198,42,0.0,0.0022341139
198,43,0.0,0.0023191273
198,44,0.0,0.003157314
198,45,0.153773811593021,0.0023659337
198,46,0.145523533749635,0.0023401086
198,47,0.0,0.0015140772
198,48,0.0,0.0031501255
198,49,0.0,0.0016616029
198,50,0.0,0.0017934381
198,51,0.0,0.0014582835
198,52,0.0,0.0023262403
198,53,0.14487813930811,0.0026512248
198,54,0.0,0.0016656104
198,55,0.0,0.002195157
198,56,0.0,0.0036300025
198,57,0.0,0.0017003375
198,58,0.0,0.0015013278
198,59,0.0,0.0021395003
198,60,0.0,0.0021737474
198,61,0.0,0.0014942773
198,62,0.0,0.0022385088
198,63,0.0,0.0026039742
198,64,0.0,0.0023174593
198,65,0.0,0.0030946126
198,66,0.0,0.0014990042
198,67,0.0,0.0014632605
198,68,0.0,0.0020480384
198,69,-0.157209345488487,0.0023968732
198,70,0.0,0.0027516992
198,71,0.0,0.0018404047
198,72,0.0,0.0014798557
198,73,0.0,0.0016899211
198,74,0.0,0.0015858719
198,75,0.0,0.0014877208
198,76,0.0,0.0016998234
198,77,0.0,0.0025502392
198,78,0.0,0.0026607048
198,79,0.0,0.0014865757
198,80,0.0,0.001652041
198,81,0.0,0.0024135527
198,82,0.0,0.0036022607
198,83,0.0,0.0024909615
198,84,0.0,0.001798132
198,85,0.0,0.001777479
198,86,0.0,0.0016269013
198,87,0.0,0.001994112
198,88,0.154323045625435,0.0021869703
198,89,0.0,0.0021647336
198,90,0.0,0.0016954336
198,91,0.0,0.0022104657
198,92,0.0,0.002361529
198,93,0.0,0.0031306506
198,94,0.0,0.0022448194
198,95,0.0,0.002594904
198,96,0.0,0.0025754008
198,97,0.0,0.0027744304
198,98,0.0,0.0017617764
198,99,0.0,0.0018763561
198,100,0.0,0.0019343859
198,101,0.0,0.0023238529
198,102,0.0,0.0019488931
198,103,0.164625987755592,0.0016844552
198,104,0.0,0.0024652695
198,105,0.0,0.0017013918
198,106,0.0,0.0018980568
198,107,0.0,0.0018052673
198,108,0.0,0.002398469
198,109,0.0,0.0020324918
198,110,0.0,0.0014941082
198,111,0.0,0.0019434397
198,112,0.0,0.0031680423
198,113,0.0,0.002400836
198,114,0.0,0.0016970816
198,115,0.0,0.002777576
198,116,0.0,0.0017873365
198,117,0.0,0.0017119572
198,118,0.0,0.0023700604
198,119,0.0,0.0016612816
198,120,0.0,0.0025834893
198,121,0.0,0.0018600137
198,122,0.0,0.0036172965
198,123,0.0,0.0019327304
198,124,0.153797019549218,0.0014788453
198,125,0.0,0.0017853482
198,126,0.0,0.0017994521
198,127,0.151929353847859,0.0028869119
198,128,0.0,0.002417829
198,129,0.150880469241573,0.0032266406
198,130,0.0,0.0023760218
198,131,0.0,0.0023366436
198,132,0.0,0.0021775123
198,133,0.0,0.0019589327
198,134,0.0,0.003110359
198,135,0.0,0.0027829357
198,136,0.0,0.0023765028
198,137,0.0,0.0018041478
198,138,0.0,0.0026069651
198,139,0.0,0.0014864067
198,140,0.0,0.0023307907
198,141,0.16836351300152,0.001459145
198,142,0.0,0.002539399
198,143,0.156593382243104,0.0024629268
198,144,0.0,0.0027137003
198,145,0.0,0.0025057946
198,146,0.0,0.0022218646
198,147,0.0,0.0025463495
198,148,0.0,0.0026349276
198,149,0.0,0.0030435557
198,150,0.0,0.001473329
198,151,0.0,0.0018736646
198,152,0.0,0.0017173989
198,153,0.0,0.0024223775
198,154,0.0,0.0026756013
198,155,0.0,0.002538675
198,156,0.0,0.002276957
198,157,0.0,0.0027469299
198,158,-0.155228339744115,0.0016108756
198,159,0.0,0.002010703
198,160,0.0,0.0023064278
198,161,0.0,0.0022026626
198,162,0.0,0.0014839862
198,163,0.0,0.0026143212
198,164,0.0,0.0014858991
198,165,0.0,0.0022886866
198,166,0.0,0.0018208423
198,167,0.0,0.0025228872
198,168,0.144707926070192,0.0027710833
198,169,0.0,0.0015477869
198,170,0.0,0.0035848543
198,171,0.0,0.003058507
198,172,0.0,0.0026662918
198,173,0.0,0.003048656
198,174,0.147566251922026,0.0025661346
198,175,0.0,0.0027698637
198,176,-0.163573275619289,0.0014917413
198,177,0.0,0.0019548046
198,178,0.146242993404439,0.0016743909
198,179,0.0,0.002552939
198,180,0.0,0.0025696633
198,181,0.0,0.0027543786
198,182,0.0,0.0048365295
198,183,0.0,0.0014943713
198,184,0.0,0.00361185
198,185,0.0,0.0021682577
198,186,0.0,0.0035364153
198,187,0.0,0.0025656475
198,188,0.0,0.0027702264
198,189,0.0,0.0035100798
198,190,0.0,0.0024385452
198,191,0.0,0.0024153213
198,192,0.0,0.001476997
198,193,0.0,0.0018624086
198,194,-0.167922259346157,0.0023975195
198,195,0.0,0.002676669
198,196,0.0,0.0016390476
198,197,0.0,0.0023076013
198,198,0.0,0.030703487
198,199,0.0,0.0017499141
198,200,0.0,0.0015914012
198,201,0.13206527693518,0.0027735997
198,202,0.0,0.0036122366
198,203,0.0,0.00212277
198,204,0.0,0.0015385216
198,205,0.0,0.0018623527
198,206,0.0,0.0024208445
198,207,0.0,0.0017638393
198,208,0.0,0.0027529402
198,209,0.0,0.0022137784
198,210,0.0,0.0025429553
198,211,0.0,0.002018137
198,212,0.0,0.002576903
198,213,0.0,0.0021449374
198,214,0.0,0.001649566
198,215,0.0,0.0020593652
198,216,0.0,0.0031019906
198,217,0.0,0.0031254995
198,218,0.0,0.0041527087
198,219,0.0,0.0018638396
198,220,0.0,0.0027839406
198,221,0.0,0.0026791939
198,222,0.0,0.0027856096
198,223,0.0,0.0022891504
198,224,0.0,0.0025808415
198,225,0.0,0.0016443902
198,226,0.0,0.0024447846
198,227,0.0,0.00268874
198,228,0.0,0.0035946737
198,229,0.0,0.0016910085
198,230,0.0,0.0023416826
198,231,0.0,0.0019408036
198,232,0.133756704464128,0.002765567
198,233,0.0,0.0033607227
198,234,0.0,0.0026838547
198,235,-0.132980571998869,0.001493203
198,236,0.0,0.0035060951
198,237,0.0,0.0014757887
198,238,0.0,0.0020445902
198,239,0.0,0.00228752
198,240,0.0,0.0023680232
198,241,0.0,0.0014934517
198,242,0.0,0.0014947462
198,243,0.0,0.0025079255
198,244,0.0,0.0026631183
198,245,0.0,0.0031250669
198,246,0.0,0.0023067882
198,247,0.0,0.0020338362
198,248,0.0,0.0035151588
198,249,0.0,0.0014989758
198,250,0.0,0.002611679
198,251,0.0,0.001696887
198,252,0.0,0.002462539
198,253,0.0,0.0016044588
198,254,0.0,0.0014606002
198,255,0.0,0.0023002252
198,256,0.0,0.0018698773
198,257,0.0,0.0023108386
198,258,0.0,0.002785971
198,259,0.0,0.0018460723
198,260,0.0,0.0035217516
198,261,0.0,0.002541272
198,262,0.0,0.0021471698
198,263,0.0,0.0034917714
198,264,0.0,0.003374239
198,265,0.0,0.0017184499
198,266,0.0,0.0025162902
198,267,0.0,0.0026135421
198,268,0.0,0.0017590644
199,1,0.0,0.0016358914
199,2,0.0,0.0035377918
199,3,0.0,0.0023343787
199,4,0.0,0.003058339
199,5,0.0,0.002305924
199,6,0.0,0.0024041277
199,7,0.0,0.0033820905
199,8,0.0,0.0024749022
199,9,-0.134784166599284,0.0023150127
199,10,0.0,0.0020710211
199,11,0.0,0.0025741975
199,12,0.0,0.0024269805
199,13,0.0,0.002159379
199,14,0.131075138249957,0.0024136063
199,15,0.0,0.0026399745
199,16,0.0,0.0022563357
199,17,0.0,0.0021378025
199,18,0.0,0.0024277796
199,19,0.0,0.0022769263
199,20,0.0,0.001878025
199,21,0.0,0.0034174547
199,22,0.0,0.002762646
199,23,0.139195932043642,0.0027851234
199,24,0.0,0.0027753413
199,25,0.0,0.0034242854
199,26,0.0,0.0025760196
199,27,0.0,0.0016834363
199,28,0.0,0.0028184252
199,29,0.0,0.0016380302
199,30,0.0,0.0034209713
199,31,0.128530061274554,0.0031692586
199,32,0.0,0.0022270028
199,33,0.0,0.003146423
199,34,0.0,0.0029623793
199,35,0.0,0.0017417218
199,36,0.0,0.0015741913
199,37,0.0,0.0027519707
199,38,0.0,0.0023571383
199,39,0.0,0.0030212859
199,40,0.0,0.0026744036
199,41,-0.144324145920366,0.0020602331
199,42,0.0,0.0022462113
199,43,0.0,0.0029427856
199,44,0.0,0.0025688182
199,45,0.141621144884022,0.0020658937
199,46,0.0,0.0025065555
199,47,0.0,0.001479913
199,48,0.0,0.00244071
199,49,0.0,0.0015860009
199,50,0.135535515725884,0.0025809612
199,51,0.0,0.0025806497
199,52,0.0,0.0035583563
199,53,0.0,0.0023362748
199,54,0.0,0.0014920421
199,55,0.0,0.0022332864
199,56,0.0,0.0026064115
199,57,0.140979053901054,0.0021512038
199,58,0.0,0.002959772
199,59,0.0,0.0023472807
199,60,0.0,0.0024107005
199,61,-0.128432325331506,0.0018785466
199,62,0.0,0.0027839728
199,63,0.0,0.0020912597
199,64,0.0,0.0023710276
199,65,0.0,0.0024682982
199,66,0.0,0.0026133778
199,67,-0.135358729640539,0.0019047903
199,68,0.0,0.0016658008
199,69,0.0,0.0027172081
199,70,0.0,0.002963156
199,71,0.0,0.001510445
199,72,0.0,0.0026128665
199,73,0.0,0.0026076357
199,74,0.0,0.0015267236
199,75,0.0,0.002395737
199,76,0.0,0.0026472467
199,77,0.0,0.001470508
199,78,0.0,0.0017324304
199,79,0.0,0.0027736723
199,80,0.0,0.002350334
199,81,0.0,0.0022807815
199,82,0.0,0.0021841628
199,83,0.0,0.002781719
199,84,0.0,0.0025113951
199,85,0.0,0.0022812556
199,86,0.0,0.0026955996
199,87,0.0,0.0023258142
199,88,0.0,0.0025533265
199,89,0.0,0.0027718581
199,90,0.0,0.0014790329
199,91,0.0,0.0025643934
199,92,0.0,0.0024773204
199,93,0.0,0.0025376547
199,94,0.0,0.001616816
199,95,0.0,0.0027138526
199,96,0.0,0.0031196126
199,97,0.0,0.0021901568
199,98,0.0,0.0036305226
199,99,0.0,0.0032084729
199,100,0.0,0.0025499226
199,101,0.0,0.0016984707
199,102,0.0,0.002564143
199,103,0.0,0.0035769963
199,104,0.0,0.003128713
199,105,0.0,0.003568659
199,106,0.0,0.002531643
199,107,0.0,0.0027736672
199,108,0.0,0.0027906043
199,109,0.0,0.0016904799
199,110,0.0,0.003098756
199,111,0.0,0.002134862
199,112,0.0,0.002546708
199,113,0.0,0.002569547
199,114,0.0,0.0021749386
199,115,0.0,0.0026600077
199,116,0.0,0.0024687257
199,117,0.0,0.003562261
199,118,0.135652489674694,0.002309389
199,119,0.0,0.0024766312
199,120,0.0,0.0034578205
199,121,0.0,0.0022143857
199,122,0.0,0.0014931159
199,123,0.0,0.0026135049
199,124,0.0,0.0037770406
199,125,0.0,0.002791821
199,126,0.0,0.003356284
199,127,0.0,0.0026130658
199,128,0.0,0.00233918
199,129,0.0,0.0038835984
199,130,0.0,0.0014598416
199,131,0.0,0.002387594
199,132,0.0,0.0017875996
199,133,0.0,0.0034650587
199,134,0.0,0.0034665233
199,135,0.0,0.0027836794
199,136,0.0,0.0025988407
199,137,0.0,0.0017710058
199,138,0.0,0.0023232573
199,139,0.0,0.0018494753
199,140,0.0,0.0016170219
199,141,0.0,0.0017846534
199,142,0.0,0.0016069189
199,143,0.0,0.002750222
199,144,0.0,0.0018286407
199,145,0.0,0.0035167942
199,146,0.0,0.0014812988
199,147,0.0,0.0033767736
199,148,0.0,0.0028298516
199,149,0.0,0.0024900353
199,150,0.0,0.0042080116
199,151,0.0,0.002571078
199,152,0.0,0.0020126458
199,153,0.0,0.0030344706
199,154,0.0,0.0023051547
199,155,0.0,0.0022105826
199,156,0.0,0.0018928982
199,157,0.0,0.0026133982
199,158,0.0,0.002097291
199,159,0.0,0.0016270471
199,160,0.0,0.0034890496
199,161,0.0,0.0018694722
199,162,0.0,0.0019789655
199,163,0.0,0.003590881
199,164,0.0,0.0026201154
199,165,0.0,0.0035873586
199,166,0.0,0.0018832032
199,167,0.133377873535038,0.0031313929
199,168,0.0,0.002418844
199,169,0.0,0.0034761615
199,170,0.0,0.0024228096
199,171,0.0,0.0024958318
199,172,0.0,0.0036007036
199,173,0.0,0.002478913
199,174,0.0,0.0035914937
199,175,0.0,0.0020572739
199,176,0.0,0.0022798232
199,177,0.0,0.0021276427
199,178,0.0,0.0023945048
199,179,0.142449569570957,0.0023805373
199,180,0.0,0.0032025138
199,181,0.0,0.0025804262
199,182,0.0,0.001491616
199,183,0.0,0.001700345
199,184,0.0,0.0014894977
199,185,0.14517139253889,0.0027806722
199,186,0.0,0.0026142
199,187,0.0,0.002124501
199,188,0.0,0.0026987488
199,189,0.0,0.0024451916
199,190,0.0,0.001497149
199,191,0.0,0.0023798267
199,192,0.0,0.0023880345
199,193,-0.149581417902892,0.002838212
199,194,-0.154651447953012,0.0024356889
199,195,0.0,0.0025530192
199,196,0.0,0.0015611541
199,197,0.0,0.0028898595
199,198,0.0,0.0017499141
199,199,0.0,0.030703487
199,200,0.0,0.0016608881
199,201,0.0,0.0020577372
199,202,0.168648399619344,0.002203851
199,203,0.0,0.0031182421
199,204,0.0,0.0021386333
199,205,0.0,0.0020666681
199,206,0.0,0.0017264034
199,207,0.0,0.001493834
199,208,0.0,0.001798938
199,209,0.0,0.003077412
199,210,0.0,0.002660954
199,211,0.0,0.0027595586
199,212,0.0,0.0016838149
199,213,0.0,0.0033406848
199,214,0.0,0.0028945375
199,215,0.0,0.0026050783
199,216,0.0,0.0022105272
199,217,0.0,0.0021164697
199,218,0.0,0.0014832318
199,219,0.0,0.0014752392
199,220,0.0,0.0017514592
199,221,0.198326830415055,0.002347337
199,222,0.0,0.0021061283
199,223,0.0,0.0022334647
199,224,0.0,0.0016817218
199,225,0.0,0.0014936505
199,226,0.0,0.003030744
199,227,0.0,0.0031643347
199,228,0.0,0.0019847546
199,229,0.0,0.00260515
199,230,0.0,0.0035685808
199,231,0.0,0.0020042714
199,232,0.0,0.0019972818
199,233,0.0,0.0027870238
199,234,-0.158935736635061,0.0034575886
199,235,0.0,0.0021212185
199,236,0.0,0.0014614193
199,237,0.0,0.002458802
199,238,0.0,0.002648353
199,239,0.0,0.002442881
199,240,0.0,0.0021866723
199,241,0.0,0.0017111981
199,242,0.0,0.0016447254
199,243,0.162014242258162,0.0019579227
199,244,0.0,0.0015338603
199,245,0.0,0.0015740264
199,246,0.0,0.0027830927
199,247,0.0,0.0024534971
199,248,0.0,0.0026582023
199,249,0.0,0.0023042248
199,250,0.0,0.0026652468
199,251,0.0,0.0014793794
199,252,0.0,0.0027707047
199,253,0.0,0.0022779433
199,254,0.0,0.002252507
199,255,0.0,0.00230315
199,256,0.0,0.0027038003
199,257,0.0,0.0024418524
199,258,0.161514946999199,0.003553926
199,259,0.170254338109069,0.0022184406
199,260,-0.156014385196684,0.0019057784
199,261,0.0,0.0015977169
199,262,0.0,0.0016545774
199,263,0.0,0.0020026895
199,264,0.0,0.0020694584
199,265,0.0,0.0030201846
199,266,0.0,0.00276573
199,267,0.0,0.0016614562
199,268,0.0,0.003579115
200,1,0.0,0.002790826
200,2,0.0,0.0026002442
200,3,0.0,0.0032559596
200,4,0.0,0.0025634062
200,5,0.0,0.0025469922
200,6,0.0,0.00259946
200,7,0.0,0.0020723902
200,8,0.0,0.0023840717
200,9,0.0,0.0025279755
200,10,0.0,0.0015917718
200,11,0.0,0.002446434
200,12,0.0,0.002470815
200,13,0.0,0.0024701809
200,14,0.0,0.0015153307
200,15,0.0,0.0023429971
200,16,0.0,0.0020465832
200,17,0.0,0.0027537202
200,18,0.0,0.0026744856
200,19,0.0,0.0014797216
200,20,0.0,0.0025730021
200,21,0.0,0.0024991087
200,22,-0.161489995895247,0.0022724154
200,23,0.0,0.0027964097
200,24,0.0,0.002753513
200,25,0.0,0.0026467126
200,26,0.0,0.0027440349
200,27,0.145756267615765,0.0014973283
200,28,0.0,0.0018014153
200,29,0.139092289956563,0.001999361
200,30,0.0,0.0024230517
200,31,0.0,0.0033347164
200,32,0.0,0.002082707
200,33,0.0,0.0033733272
200,34,0.0,0.0026684254
200,35,0.146236708598908,0.001981067
200,36,0.0,0.0030142167
200,37,0.0,0.0023791366
200,38,0.0,0.0023792167
200,39,0.0,0.0025045853
200,40,0.0,0.0024865977
200,41,0.0,0.001627258
200,42,0.0,0.0018809866
200,43,0.0,0.0023908783
200,44,0.0,0.0024118004
200,45,0.0,0.0018505012
200,46,0.0,0.0026122718
200,47,0.0,0.001608213
200,48,0.0,0.002139856
200,49,0.0,0.0031033955
200,50,0.0,0.0017873296
200,51,0.0,0.0015551043
200,52,0.151649676256233,0.0035485835
200,53,-0.14117435746005,0.0027708826
200,54,0.0,0.0016463874
200,55,0.0,0.0018988904
200,56,0.0,0.0028493376
200,57,0.0,0.0035380567
200,58,0.14995055001178,0.0032749632
200,59,0.0,0.0016776626
200,60,0.0,0.0035547055
200,61,0.0,0.002376413
200,62,0.0,0.0029249224
200,63,0.0,0.002784362
200,64,0.0,0.0015919646
200,65,0.0,0.0025623795
200,66,0.0,0.0020222845
200,67,0.0,0.001756079
200,68,0.0,0.0023889318
200,69,0.0,0.0024435897
200,70,0.0,0.0025774436
200,71,0.0,0.0027344502
200,72,0.0,0.002197845
200,73,0.0,0.0032916325
200,74,0.0,0.0014860169
200,75,0.0,0.0016675135
200,76,0.0,0.0027853567
200,77,0.0,0.002537808
200,78,0.0,0.0020441543
200,79,0.0,0.0017698361
200,80,0.0,0.0026236298
200,81,0.0,0.0032041469
200,82,0.0,0.0024120072
200,83,0.0,0.0032980898
200,84,0.0,0.0026341034
200,85,0.0,0.002366851
200,86,0.0,0.0022472343
200,87,0.0,0.002137411
200,88,0.0,0.0028149565
200,89,-0.144266810430992,0.002841861
200,90,0.0,0.0016103862
200,91,0.0,0.0019088597
200,92,0.0,0.0025701649
200,93,0.0,0.002701058
200,94,0.0,0.0021393062
200,95,0.0,0.0034203436
200,96,0.0,0.0024917605
200,97,0.0,0.0024387804
200,98,0.132094586119692,0.0017196811
200,99,0.0,0.0023608417
200,100,0.0,0.003451059
200,101,0.0,0.002373293
200,102,0.0,0.002290939
200,103,0.0,0.0030465634
200,104,0.0,0.0024688225
200,105,0.0,0.0024160338
200,106,0.0,0.0035766554
200,107,0.0,0.0016065505
200,108,0.0,0.0023199539
200,109,0.0,0.0033742632
200,110,0.0,0.002460232
200,111,0.0,0.0018407186
200,112,0.0,0.0022563552
200,113,0.0,0.002287174
200,114,0.0,0.0016783294
200,115,0.0,0.0026963982
200,116,0.0,0.0021061245
200,117,0.0,0.002753004
200,118,0.0,0.0029586288
200,119,0.0,0.0028304826
200,120,0.0,0.0024388297
200,121,0.0,0.0021159947
200,122,0.0,0.0027480996
200,123,0.0,0.002443369
200,124,0.0,0.0014785696
200,125,0.0,0.0017776722
200,126,0.0,0.0014984454
200,127,0.0,0.00254879
200,128,0.0,0.002611341
200,129,0.0,0.0024628942
200,130,0.0,0.0023073102
200,131,0.0,0.002074859
200,132,0.0,0.0020557474
200,133,0.0,0.0025153384
200,134,0.0,0.0023443494
200,135,0.0,0.0024773749
200,136,0.0,0.00359181
200,137,0.0,0.0017188615
200,138,0.0,0.0036315024
200,139,0.0,0.0014702575
200,140,-0.148045038149032,0.0029717595
200,141,0.0,0.0018181549
200,142,0.0,0.0021798266
200,143,0.0,0.0027778395
200,144,0.0,0.0025194786
200,145,0.148959181280988,0.0026572961
200,146,0.0,0.001969567
200,147,0.0,0.0026137563
200,148,0.0,0.0023658257
200,149,0.0,0.0020576231
200,150,0.0,0.001473214
200,151,0.0,0.0015471717
200,152,0.0,0.00198574
200,153,-0.156642225088522,0.0035097986
200,154,-0.141805457077829,0.0017889221
200,155,0.0,0.0025512036
200,156,0.0,0.0030165068
200,157,0.0,0.002181396
200,158,0.0,0.0017334861
200,159,0.0,0.0020236052
200,160,0.0,0.0022380487
200,161,0.0,0.002788249
200,162,0.0,0.0014676382
200,163,0.0,0.0027681645
200,164,0.0,0.001492877
200,165,0.0,0.0025445144
200,166,0.15583644146626,0.0016666828
200,167,0.0,0.0023833388
200,168,0.141008495690918,0.0027139322
200,169,0.143110287890427,0.0024680467
200,170,0.0,0.0018500444
200,171,0.0,0.0035576248
200,172,0.0,0.0025879531
200,173,0.0,0.0017395681
200,174,0.0,0.001857982
200,175,0.0,0.002394124
200,176,0.0,0.002668023
200,177,0.0,0.0033743344
200,178,0.0,0.0025390442
200,179,0.0,0.0025910586
200,180,0.0,0.002324523
200,181,0.0,0.00274191
200,182,0.0,0.0015619593
200,183,0.0,0.0014943066
200,184,0.0,0.0033685649
200,185,0.0,0.0014955043
200,186,0.0,0.0025989749
200,187,0.146983954074448,0.0035950295
200,188,0.0,0.0033147344
200,189,0.0,0.0016739443
200,190,0.0,0.0021134196
200,191,0.0,0.0029287408
200,192,0.0,0.0024830312
200,193,0.0,0.0027740072
200,194,-0.163629358988506,0.0020127734
200,195,0.0,0.0023726984
200,196,0.0,0.0021453076
200,197,0.0,0.0025941073
200,198,0.0,0.0015914012
200,199,0.0,0.0016608881
200,200,0.980596161913127,0.030703487
200,201,0.0,0.0023822882
200,202,0.0,0.0020965878
200,203,0.0,0.002402342
200,204,0.0,0.001636032
200,205,0.134973387886087,0.0034555974
200,206,0.0,0.0024871896
200,207,0.0,0.0021113944
200,208,0.0,0.0027824226
200,209,0.0,0.0027826526
200,210,0.148886933158597,0.0028102384
200,211,0.0,0.0031993971
200,212,0.0,0.0024953303
200,213,0.0,0.002697641
200,214,0.0,0.0023855702
200,215,0.0,0.0023612105
200,216,0.0,0.0024137888
200,217,0.0,0.0024744375
200,218,0.0,0.0040588863
200,219,0.0,0.0016841465
200,220,0.0,0.0023845797
200,221,0.0,0.0023078807
200,222,0.0,0.0014927131
200,223,0.155905834563056,0.0016715662
200,224,0.147754738567031,0.0022580759
200,225,0.0,0.002781941
200,226,0.0,0.0035826354
200,227,0.0,0.002526999
200,228,0.0,0.0029359316
200,229,0.0,0.002533547
200,230,0.0,0.0018220013
200,231,0.0,0.0025497773
200,232,0.0,0.0027165096
200,233,0.0,0.0025517186
200,234,0.0,0.0023871097
200,235,0.0,0.0023986152
200,236,0.0,0.0021939334
200,237,0.0,0.0016124239
200,238,0.0,0.0020084297
200,239,0.0,0.002728988
200,240,0.0,0.0017501898
200,241,0.0,0.0014606155
200,242,0.0,0.0033946745
200,243,0.0,0.0022155032
200,244,0.0,0.0036015362
200,245,0.0,0.0034965873
200,246,0.0,0.002043378
200,247,0.145943908030464,0.0027688914
200,248,0.148841884615004,0.0026432723
200,249,0.0,0.0032016337
200,250,0.0,0.0026529739
200,251,0.0,0.0020853747
200,252,0.0,0.0023879376
200,253,0.0,0.0027780128
200,254,0.0,0.0014841445
200,255,0.0,0.0017223954
200,256,0.0,0.0022560535
200,257,0.0,0.0024395739
200,258,0.0,0.0024752948
200,259,0.0,0.003362244
200,260,0.0,0.002241063
200,261,0.0,0.0026481608
200,262,0.0,0.0026676538
200,263,0.0,0.0026827059
200,264,0.0,0.0026420634
200,265,0.0,0.0016616057
200,266,0.0,0.0025830315
200,267,0.0,0.002162538
200,268,0.0,0.0019384376
201,1,-0.146537351254019,0.0026779217
201,2,0.0,0.002139201
201,3,0.0,0.0022654836
201,4,0.0,0.0036065946
201,5,0.0,0.0025880267
201,6,0.0,0.0025389125
201,7,0.0,0.0024637957
201,8,0.0,0.0034577977
201,9,0.0,0.002369651
201,10,0.0,0.0027627521
201,11,0.0,0.0023827143
201,12,0.0,0.0021003596
201,13,0.0,0.0014817487
201,14,0.0,0.003216464
201,15,0.0,0.0018725591
201,16,0.0,0.0016076998
201,17,0.150702863777145,0.0034608115
201,18,0.0,0.002323382
201,19,0.0,0.0027773762
201,20,0.0,0.0018718494
201,21,0.0,0.0023319498
201,22,0.0,0.0027668779
201,23,0.0,0.0027852738
201,24,0.0,0.0025827074
201,25,0.0,0.002774829
201,26,0.0,0.0018061418
201,27,0.0,0.0025901436
201,28,0.0,0.0024060514
201,29,0.0,0.0025490029
201,30,0.0,0.0028131572
201,31,0.0,0.0027685799
201,32,0.0,0.003631333
201,33,0.0,0.0015753321
201,34,0.0,0.002781575
201,35,0.0,0.0023285425
201,36,0.0,0.0018288172
201,37,0.0,0.0027363752
201,38,0.0,0.001467126
201,39,0.0,0.0014806902
201,40,0.0,0.003099164
201,41,0.0,0.0025897324
201,42,0.0,0.0026146164
201,43,0.0,0.0016313493
201,44,0.0,0.001819137
201,45,0.0,0.0024347808
201,46,0.0,0.0022678836
201,47,0.0,0.0019451054
201,48,0.0,0.0014865268
201,49,0.0,0.002346401
201,50,0.0,0.0026831063
201,51,0.0,0.0035598744
201,52,0.0,0.0034566047
201,53,0.0,0.0027913633
201,54,0.0,0.0024050497
201,55,0.0,0.003232467
201,56,0.0,0.00156892
201,57,0.0,0.0015294454
201,58,0.0,0.0015626042
201,59,0.0,0.0029703914
201,60,-0.138500707146324,0.003431776
201,61,0.0,0.0017667077
201,62,0.0,0.0027835732
201,63,0.0,0.0022227718
201,64,0.0,0.0015539448
201,65,0.0,0.0016856384
201,66,0.0,0.003014815
201,67,0.0,0.0021617776
201,68,0.0,0.0019006352
201,69,0.0,0.0024752347
201,70,0.0,0.0026590698
201,71,0.0,0.0014580525
201,72,0.0,0.0028011147
201,73,0.0,0.0029965094
201,74,-0.142848665064201,0.002434058
201,75,-0.135398485401318,0.0016998262
201,76,0.145855536659066,0.003447636
201,77,0.0,0.0017951373
201,78,0.0,0.0021462906
201,79,0.0,0.0022859932
201,80,0.0,0.0022233818
201,81,0.147697580409893,0.00243513
201,82,0.0,0.0024341764
201,83,0.0,0.0026533734
201,84,0.0,0.0026221564
201,85,0.14897432237134,0.0022878451
201,86,0.0,0.0023165615
201,87,-0.154422863953425,0.0022433242
201,88,0.0,0.0028193789
201,89,0.0,0.0027745767
201,90,0.0,0.0023790705
201,91,-0.144922289396837,0.0015606862
201,92,0.0,0.0024511656
201,93,0.0,0.00274553
201,94,0.0,0.0025960212
201,95,0.0,0.0027248212
201,96,0.0,0.0016381834
201,97,0.0,0.0023328555
201,98,0.0,0.0019503031
201,99,0.0,0.0025779945
201,100,0.0,0.0025519826
201,101,0.0,0.0032695346
201,102,-0.142742041457278,0.0026157256
201,103,0.0,0.0017405939
201,104,0.0,0.0036309035
201,105,0.0,0.0027124863
201,106,0.0,0.0026303749
201,107,0.0,0.0022031385
201,108,0.0,0.0030859797
201,109,0.0,0.0023998995
201,110,0.0,0.0025996193
201,111,0.156072773940113,0.0027489844
201,112,0.0,0.0014900207
201,113,0.0,0.0018262789
201,114,0.0,0.0016555171
201,115,0.0,0.002649832
201,116,0.0,0.0020167283
201,117,0.0,0.0023242398
201,118,0.0,0.0017414964
201,119,0.0,0.003587714
201,120,0.157303553329552,0.0023137568
201,121,0.0,0.0022166688
201,122,0.0,0.0019241814
201,123,0.0,0.0027778898
201,124,0.0,0.0018527578
201,125,0.0,0.0017425618
201,126,0.0,0.002641764
201,127,0.0,0.0018885778
201,128,0.135648132801686,0.0023743212
201,129,0.0,0.0027499613
201,130,-0.144893753536524,0.0016719154
201,131,0.139682974925884,0.0027366057
201,132,0.0,0.0023258515
201,133,0.0,0.0023250151
201,134,-0.139537617786988,0.0026736856
201,135,0.0,0.0015397929
201,136,0.0,0.0027731066
201,137,0.143516621640193,0.0036294805
201,138,0.0,0.0023235618
201,139,0.0,0.0025593853
201,140,0.0,0.0015896712
201,141,0.0,0.001726022
201,142,0.0,0.0035403115
201,143,0.0,0.0026363712
201,144,0.0,0.0023609465
201,145,0.0,0.0023630452
201,146,0.0,0.0016035424
201,147,0.147635268962907,0.0020858515
201,148,0.154913538788217,0.0019568237
201,149,0.0,0.002750252
201,150,0.0,0.0017407984
201,151,0.0,0.0027318215
201,152,0.0,0.0029090294
201,153,0.0,0.0027050832
201,154,0.0,0.0030075577
201,155,0.0,0.002673658
201,156,0.0,0.0024722526
201,157,0.0,0.0034392066
201,158,0.0,0.0016568908
201,159,0.0,0.0016633645
201,160,0.0,0.0014789063
201,161,0.0,0.0027718078
201,162,0.0,0.0026482004
201,163,0.0,0.001665053
201,164,0.0,0.001630249
201,165,0.0,0.0031745373
201,166,0.0,0.002211377
201,167,0.0,0.0026899334
201,168,0.0,0.0027680732
201,169,0.0,0.002161528
201,170,-0.139402336354307,0.002452319
201,171,0.0,0.0022009835
201,172,0.0,0.0022773421
201,173,0.0,0.0022339355
201,174,0.0,0.0034057344
201,175,0.0,0.0021442901
201,176,0.0,0.002408388
201,177,0.0,0.0022788206
201,178,0.0,0.0024848888
201,179,0.0,0.0024951417
201,180,0.0,0.002645709
201,181,0.0,0.0025687646
201,182,0.0,0.0030792416
201,183,0.0,0.002161081
201,184,0.0,0.0020142663
201,185,0.150661803031606,0.0024192482
201,186,0.0,0.0023040934
201,187,0.0,0.002662301
201,188,0.0,0.0014975253
201,189,0.0,0.0017628791
201,190,0.0,0.002454027
201,191,0.0,0.002393952
201,192,0.0,0.0018413514
201,193,0.0,0.0026911162
201,194,0.0,0.0031579463
201,195,0.145270250135618,0.0024181516
201,196,0.0,0.0036289329
201,197,0.0,0.0026023565
201,198,0.0,0.0027735997
201,199,0.0,0.0020577372
201,200,0.0,0.0023822882
201,201,0.0,0.030703487
201,202,0.0,0.0014907774
201,203,0.141658262992068,0.0024504662
201,204,0.0,0.0016731648
201,205,0.0,0.0024855402
201,206,0.0,0.0022861264
201,207,0.0,0.0023976318
201,208,0.0,0.0023950753
201,209,0.0,0.002454327
201,210,0.0,0.0035733702
201,211,0.0,0.0025779917
201,212,0.0,0.0031792065
201,213,0.0,0.0020912802
201,214,0.0,0.0014846404
201,215,0.0,0.0023516025
201,216,0.0,0.002786072
201,217,0.0,0.0022258759
201,218,0.0,0.0022231182
201,219,0.0,0.0026323767
201,220,0.0,0.002343901
201,221,0.0,0.0017843535
201,222,0.0,0.0034077056
201,223,0.0,0.0015224232
201,224,0.0,0.0018569324
201,225,0.0,0.0014975597
201,226,0.0,0.0024777246
201,227,0.0,0.0020737392
201,228,0.0,0.002328306
201,229,0.0,0.002793604
201,230,0.0,0.0020534103
201,231,0.0,0.003401652
201,232,0.0,0.002381269
201,233,0.0,0.0031086039
201,234,0.0,0.0032431642
201,235,0.0,0.002614512
201,236,0.128156675134444,0.0024129725
201,237,0.0,0.002104653
201,238,0.0,0.0035576536
201,239,0.0,0.0022139018
201,240,0.0,0.0023570592
201,241,0.0,0.002513717
201,242,0.0,0.0016143923
201,243,0.0,0.0015573646
201,244,0.140783623478769,0.0023787525
201,245,0.139080207507395,0.0036098566
201,246,0.0,0.0026139575
201,247,0.0,0.0036082258
201,248,0.0,0.0027240226
201,249,0.0,0.0035243416
201,250,0.0,0.0017558997
201,251,0.0,0.002056595
201,252,0.0,0.0024147592
201,253,0.0,0.0021849703
201,254,0.0,0.0025502667
201,255,0.0,0.003188319
201,256,0.0,0.0016901335
201,257,0.0,0.0024990174
201,258,0.138000870488193,0.0023811855
201,259,0.0,0.0025403984
201,260,0.0,0.0027647484
201,261,0.0,0.0019834903
201,262,0.0,0.0024505598
201,263,0.0,0.0024005468
201,264,0.0,0.0020111846
201,265,0.0,0.002587061
201,266,0.0,0.0026673698
201,267,0.14390421062279,0.0018589115
201,268,0.0,0.001577077
202,1,0.0,0.0014807009
202,2,0.0,0.002387355
202,3,-0.16320804423867,0.002572557
202,4,0.0,0.0025955075
202,5,-0.140312946887096,0.0026502796
202,6,0.0,0.0023609311
202,7,0.155717317330841,0.0016458845
202,8,0.0,0.002380881
202,9,0.0,0.0019485159
202,10,0.0,0.0016752104
202,11,0.0,0.0015060613
202,12,0.0,0.0029627085
202,13,0.0,0.0016072812
202,14,-0.146865962154043,0.0015542358
202,15,-0.153096688781881,0.0014918596
202,16,0.0,0.0023459191
202,17,0.0,0.0026675444
202,18,0.0,0.0015966361
202,19,0.0,0.0019239355
202,20,0.0,0.0025534378
202,21,0.0,0.0034358497
202,22,0.0,0.0025018249
202,23,0.0,0.0035995618
202,24,0.0,0.002517194
202,25,0.0,0.002718025
202,26,0.0,0.0027482933
202,27,0.0,0.0023168959
202,28,0.0,0.0017488133
202,29,0.0,0.0027815932
202,30,0.0,0.0024039573
202,31,0.0,0.0024368204
202,32,0.0,0.0017210096
202,33,0.0,0.0015694783
202,34,0.0,0.0025888905
202,35,0.0,0.0035857526
202,36,0.0,0.0026359563
202,37,0.0,0.00237568
202,38,0.0,0.0033903928
202,39,0.0,0.0016527111
202,40,0.0,0.002059536
202,41,0.0,0.002368582
202,42,0.0,0.0026929528
202,43,0.0,0.001567333
202,44,0.0,0.002783639
202,45,0.0,0.0029156832
202,46,0.0,0.0023714001
202,47,0.0,0.0016766861
202,48,0.0,0.0027864533
202,49,0.0,0.002214552
202,50,0.0,0.0022908272
202,51,0.0,0.0027723983
202,52,0.0,0.0034494284
202,53,0.0,0.0022632387
202,54,0.148670474538541,0.0024683936
202,55,0.0,0.002983546
202,56,0.0,0.0026164441
202,57,0.0,0.0028643473
202,58,0.0,0.0029408108
202,59,0.0,0.002511159
202,60,0.0,0.0023854915
202,61,0.0,0.0023166453
202,62,0.0,0.0023562303
202,63,0.15621569252369,0.0028956276
202,64,0.0,0.0025723288
202,65,0.0,0.0020369757
202,66,0.0,0.0032852716
202,67,0.0,0.0023372085
202,68,0.0,0.0027424754
202,69,0.0,0.0020337338
202,70,0.0,0.0015800977
202,71,0.0,0.0022594165
202,72,0.0,0.0024018213
202,73,0.0,0.0021316144
202,74,0.0,0.0026615546
202,75,0.0,0.0022589099
202,76,0.157471379528291,0.0022556419
202,77,0.0,0.001727215
202,78,0.0,0.0022607436
202,79,0.0,0.0025548167
202,80,0.0,0.0024535991
202,81,0.0,0.002552817
202,82,0.0,0.002095839
202,83,0.0,0.0018469142
202,84,0.0,0.0022099954
202,85,0.0,0.0020681708
202,86,0.151555283048506,0.0014855769
202,87,0.0,0.0019555772
202,88,0.0,0.0014669094
202,89,0.0,0.0014772704
202,90,0.0,0.002731929
202,91,-0.156463809043203,0.002527948
202,92,0.145314608085031,0.0021911622
202,93,0.0,0.00277455
202,94,0.0,0.0014873245
202,95,0.0,0.0017113392
202,96,0.0,0.0032016379
202,97,0.0,0.0034735184
202,98,0.0,0.0027491208
202,99,0.0,0.0027040448
202,100,0.0,0.0024093366
202,101,0.0,0.0023224368
202,102,0.0,0.0017154366
202,103,0.0,0.002688272
202,104,0.0,0.0024399068
202,105,0.0,0.0020425795
202,106,0.0,0.0018375125
202,107,0.0,0.002372187
202,108,0.0,0.001493949
202,109,0.0,0.002465352
202,110,0.0,0.0023094956
202,111,0.0,0.0018266831
202,112,0.0,0.0022673346
202,113,0.0,0.0035384982
202,114,0.0,0.0027501401
202,115,0.0,0.002570712
202,116,0.0,0.0014927308
202,117,0.0,0.001924918
202,118,0.0,0.0017655366
202,119,0.0,0.0022468455
202,120,0.0,0.0018335246
202,121,0.0,0.0021191947
202,122,0.0,0.0027951165
202,123,-0.153926280236878,0.0016271467
202,124,0.158706411242656,0.0036015795
202,125,0.0,0.00361396
202,126,0.0,0.002362187
202,127,0.156779127334734,0.0015418394
202,128,0.0,0.00264489
202,129,0.0,0.0014853012
202,130,0.0,0.002697152
202,131,0.0,0.0024971883
202,132,0.0,0.0026967651
202,133,0.157543252884282,0.0026210435
202,134,0.0,0.0023732078
202,135,0.0,0.0025093541
202,136,0.0,0.0026729796
202,137,0.0,0.0021682372
202,138,0.0,0.0021537938
202,139,0.0,0.0023505562
202,140,0.0,0.0042670043
202,141,0.0,0.0032478245
202,142,0.0,0.003498762
202,143,0.0,0.0015420998
202,144,0.0,0.0015491969
202,145,0.0,0.003403998
202,146,0.0,0.0016053254
202,147,0.0,0.0025896784
202,148,0.0,0.0025984817
202,149,0.0,0.0024853572
202,150,0.0,0.0023431946
202,151,0.0,0.0034338613
202,152,0.0,0.0025564749
202,153,-0.165883211770477,0.0024032816
202,154,0.0,0.0019156719
202,155,0.0,0.0014909776
202,156,0.0,0.0022402615
202,157,0.0,0.0016493713
202,158,0.0,0.0023541218
202,159,0.15248795976961,0.0016602571
202,160,0.0,0.0022985744
202,161,0.0,0.002112282
202,162,0.0,0.002514813
202,163,0.0,0.0015957621
202,164,0.0,0.0019545457
202,165,0.0,0.0035372954
202,166,0.0,0.0017029205
202,167,0.0,0.0033212863
202,168,0.0,0.0014647674
202,169,0.151552968423718,0.002018555
202,170,0.0,0.0021668896
202,171,0.0,0.0024970449
202,172,0.0,0.002545016
202,173,0.0,0.002160457
202,174,0.0,0.0031724437
202,175,0.0,0.0020375988
202,176,0.0,0.0024984325
202,177,0.0,0.002283914
202,178,0.0,0.0019908035
202,179,0.0,0.0017794175
202,180,0.0,0.001971942
202,181,0.158108884604963,0.0023426106
202,182,0.0,0.0015747235
202,183,0.0,0.0014718436
202,184,0.0,0.0014795922
202,185,0.0,0.0014934712
202,186,0.0,0.0016788207
202,187,0.0,0.0026249555
202,188,0.0,0.0014874456
202,189,0.0,0.0024615037
202,190,0.0,0.0024760603
202,191,0.160963528322563,0.002313803
202,192,0.0,0.0034080795
202,193,0.0,0.0020940062
202,194,0.173282546220335,0.0028066784
202,195,0.0,0.0025816425
202,196,0.0,0.0018356205
202,197,0.0,0.0031641447
202,198,0.0,0.0036122366
202,199,0.0,0.002203851
202,200,0.0,0.0020965878
202,201,0.0,0.0014907774
202,202,-0.33196764998138,0.030703487
202,203,0.0,0.0026517534
202,204,0.0,0.0023197168
202,205,0.0,0.0025106403
202,206,0.0,0.0017912425
202,207,0.0,0.0034324597
202,208,0.0,0.002613532
202,209,0.0,0.0027840403
202,210,-0.157381345592174,0.0036270595
202,211,0.0,0.0031817444
202,212,0.0,0.003416149
202,213,0.0,0.002171373
202,214,0.0,0.003167036
202,215,0.0,0.0020239237
202,216,0.0,0.0017046928
202,217,0.0,0.0026144255
202,218,0.0,0.0027704905
202,219,0.0,0.0017636972
202,220,0.0,0.002248195
202,221,0.0,0.002910485
202,222,0.0,0.0024209977
202,223,0.0,0.0033124639
202,224,0.0,0.0024886471
202,225,0.0,0.0025795805
202,226,0.0,0.002774734
202,227,0.0,0.0027818037
202,228,0.0,0.0034497464
202,229,0.0,0.0022010906
202,230,0.0,0.0014831913
202,231,0.0,0.0016714432
202,232,0.0,0.0024313084
202,233,0.0,0.0029509766
202,234,0.147945708048423,0.0026374813
202,235,0.0,0.0024134233
202,236,0.0,0.0026140395
202,237,0.0,0.0027820189
202,238,0.0,0.0024224562
202,239,0.0,0.0025550416
202,240,0.0,0.0025681606
202,241,0.0,0.0026461491
202,242,0.0,0.0014883718
202,243,0.0,0.0016031465
202,244,0.0,0.0024460102
202,245,0.0,0.0026778607
202,246,0.0,0.003211528
202,247,0.0,0.0014934549
202,248,0.0,0.002376208
202,249,0.0,0.0035709664
202,250,0.0,0.002550431
202,251,0.0,0.0015654648
202,252,0.0,0.002314262
202,253,0.0,0.0030953288
202,254,0.0,0.0025932095
202,255,0.0,0.002442468
202,256,0.0,0.001724116
202,257,0.0,0.0029684785
202,258,0.0,0.0021117227
202,259,0.0,0.0014788467
202,260,0.0,0.002073437
202,261,0.154520697706195,0.0031426153
202,262,0.0,0.0022958685
202,263,0.0,0.002766183
202,264,0.0,0.002395785
202,265,0.0,0.0014934749
202,266,0.0,0.0027336823
202,267,0.0,0.0022614207
202,268,0.159950574046978,0.0021177996
203,1,0.0,0.0019852458
203,2,0.0,0.0028804732
203,3,0.0,0.0027482477
203,4,0.0,0.002427381
203,5,0.0,0.0025142813
203,6,0.0,0.0026262528
203,7,0.0,0.0025175288
203,8,0.0,0.00274633
203,9,0.0,0.0023385747
203,10,0.0,0.0029339828
203,11,0.0,0.0026090126
203,12,0.0,0.00264396
203,13,0.0,0.0023342953
203,14,0.0,0.0025215656
203,15,0.0,0.0019869292
203,16,0.0,0.0026201745
203,17,0.0,0.002797185
203,18,0.0,0.0034668837
203,19,0.0,0.0022395458
203,20,0.0,0.0024675536
203,21,0.0,0.0029990259
203,22,0.0,0.0028984202
203,23,0.0,0.0026859622
203,24,0.0,0.0019594114
203,25,0.0,0.0023558764
203,26,0.0,0.0027806498
203,27,0.0,0.0027629896
203,28,0.0,0.0029432904
203,29,0.0,0.0016767923
203,30,0.152036507797487,0.0027577244
203,31,0.0,0.0023069219
203,32,0.0,0.0023905938
203,33,0.0,0.0034596585
203,34,0.0,0.002525352
203,35,0.145057430084704,0.0026141638
203,36,0.0,0.0026757736
203,37,0.0,0.0026322044
203,38,0.0,0.0024181632
203,39,-0.149970601681832,0.0023496333
203,40,0.0,0.0024527884
203,41,0.0,0.0014919648
203,42,0.0,0.0034967973
203,43,0.0,0.0021201828
203,44,0.0,0.0017177593
203,45,0.0,0.0026377616
203,46,0.0,0.003618762
203,47,0.0,0.0024142656
203,48,0.0,0.0033185445
203,49,0.0,0.0023848666
203,50,0.0,0.002044694
203,51,0.0,0.0022258763
203,52,0.0,0.0027334872
203,53,0.0,0.002170105
203,54,0.0,0.0025136652
203,55,0.153702670772815,0.0026559625
203,56,0.0,0.0028529358
203,57,0.0,0.0016916338
203,58,0.0,0.00363216
203,59,-0.150365400735637,0.0035918737
203,60,0.0,0.0021773297
203,61,0.0,0.0031049275
203,62,0.0,0.002355392
203,63,0.0,0.0025958144
203,64,0.0,0.0027544755
203,65,0.0,0.0023803692
203,66,0.0,0.002322108
203,67,0.0,0.0014758967
203,68,0.0,0.0027245958
203,69,0.0,0.0031528217
203,70,0.0,0.0022012414
203,71,0.0,0.0022005774
203,72,0.0,0.0036112997
203,73,0.0,0.003560558
203,74,0.0,0.0032651443
203,75,0.0,0.0016792496
203,76,0.0,0.002788723
203,77,0.0,0.0029528043
203,78,0.0,0.0023848955
203,79,0.0,0.0023267218
203,80,0.0,0.0017108535
203,81,0.0,0.0024147006
203,82,0.0,0.0030883574
203,83,0.0,0.0034229546
203,84,0.0,0.0023627933
203,85,0.0,0.0021828702
203,86,0.0,0.002589956
203,87,0.0,0.0022191638
203,88,0.0,0.0023123715
203,89,0.0,0.0028096354
203,90,0.0,0.0017432948
203,91,0.0,0.0023268624
203,92,-0.136112891023748,0.0023837988
203,93,0.0,0.0024288893
203,94,0.0,0.0029281592
203,95,0.0,0.0016412018
203,96,0.0,0.0024266215
203,97,0.0,0.0034994148
203,98,0.0,0.0019778712
203,99,0.0,0.002512942
203,100,0.0,0.0036161505
203,101,0.0,0.0026071589
203,102,0.0,0.0035761748
203,103,0.0,0.0015076715
203,104,0.0,0.0023065927
203,105,0.0,0.0021773158
203,106,0.0,0.0024117948
203,107,0.0,0.0022229753
203,108,0.0,0.0024828543
203,109,0.0,0.0025344775
203,110,0.0,0.002440603
203,111,0.157832285516661,0.0033528465
203,112,0.0,0.0023822715
203,113,0.0,0.0024570422
203,114,0.0,0.0031606555
203,115,0.0,0.0024264338
203,116,0.0,0.0017776624
203,117,0.0,0.0015689079
203,118,0.0,0.0026141377
203,119,0.0,0.0035807416
203,120,0.0,0.0019731442
203,121,0.0,0.002304134
203,122,0.0,0.0017578397
203,123,0.144179248622502,0.002187321
203,124,-0.14865668870401,0.0023615183
203,125,0.0,0.002605943
203,126,0.14229185161735,0.0015525171
203,127,0.0,0.0016886694
203,128,0.0,0.0016051633
203,129,0.0,0.0025352542
203,130,0.0,0.0024465243
203,131,0.0,0.0033066971
203,132,0.0,0.0014744252
203,133,0.0,0.0014859941
203,134,0.0,0.0022862502
203,135,0.0,0.0018639364
203,136,0.0,0.0023347782
203,137,0.0,0.0023407317
203,138,0.0,0.0026311427
203,139,0.0,0.0023622112
203,140,0.0,0.0031042984
203,141,0.0,0.002414675
203,142,0.0,0.0023580054
203,143,0.0,0.0023912583
203,144,0.0,0.0021880628
203,145,0.0,0.0023845853
203,146,0.143364588745423,0.002462267
203,147,0.0,0.0027149841
203,148,0.0,0.0035883957
203,149,0.0,0.0036330605
203,150,0.0,0.002770302
203,151,-0.152708743443103,0.0023014294
203,152,0.0,0.0027685892
203,153,0.0,0.002690733
203,154,0.0,0.0023164558
203,155,0.0,0.0025717244
203,156,0.0,0.0023143846
203,157,0.0,0.0026134253
203,158,0.0,0.0030126646
203,159,0.0,0.0030238172
203,160,0.146870630284766,0.003252036
203,161,0.0,0.0014941394
203,162,0.0,0.0021251063
203,163,0.0,0.0025051823
203,164,0.0,0.0024627345
203,165,0.0,0.0015074788
203,166,0.0,0.002720079
203,167,0.0,0.0024262667
203,168,0.0,0.0031117117
203,169,0.0,0.0026068436
203,170,0.0,0.0027397228
203,171,0.0,0.0024189823
203,172,0.0,0.0035629547
203,173,0.0,0.002610012
203,174,0.0,0.0017408719
203,175,0.0,0.0023961053
203,176,0.158106194679867,0.0019215802
203,177,0.155564309934333,0.0020151916
203,178,0.0,0.0015160958
203,179,0.0,0.001957825
203,180,0.0,0.00199336
203,181,0.148096999081667,0.001664734
203,182,0.150699306533935,0.0020913999
203,183,0.0,0.0017202445
203,184,0.14735691262149,0.00167468
203,185,0.0,0.0028445814
203,186,0.0,0.0023390697
203,187,0.0,0.0020216205
203,188,0.0,0.0026557418
203,189,0.146437762333199,0.0026189932
203,190,0.0,0.0027617794
203,191,0.0,0.002423388
203,192,0.0,0.0016619954
203,193,0.0,0.0016369005
203,194,0.0,0.002768145
203,195,0.0,0.0019987896
203,196,0.0,0.0014936076
203,197,0.0,0.0023476281
203,198,0.0,0.00212277
203,199,0.0,0.0031182421
203,200,0.0,0.002402342
203,201,0.0,0.0024504662
203,202,0.0,0.0026517534
203,203,0.25271230051294,0.030703487
203,204,0.0,0.0017369436
203,205,0.0,0.0019182689
203,206,0.0,0.0024669217
203,207,0.0,0.0034000366
203,208,0.0,0.002151709
203,209,0.0,0.002356226
203,210,0.0,0.0023764553
203,211,0.146892064433961,0.0024860753
203,212,0.146891644780009,0.0032090615
203,213,0.0,0.0022792285
203,214,0.0,0.0021521673
203,215,0.0,0.0026875543
203,216,0.0,0.0027356856
203,217,0.0,0.0017634267
203,218,0.0,0.002096687
203,219,0.0,0.0022039139
203,220,-0.15841317616623,0.0031385482
203,221,0.0,0.0035685627
203,222,0.0,0.0024224059
203,223,0.0,0.0031550983
203,224,0.153542521711454,0.002316337
203,225,0.0,0.0031371508
203,226,0.0,0.0026622498
203,227,0.0,0.0027694101
203,228,0.0,0.0026019113
203,229,0.0,0.001980648
203,230,0.0,0.0025176671
203,231,0.0,0.0023637991
203,232,0.0,0.0019030655
203,233,0.0,0.0022869552
203,234,0.0,0.003318306
203,235,0.0,0.0021581803
203,236,0.0,0.00165893
203,237,0.0,0.002244756
203,238,-0.145578986708129,0.002451465
203,239,-0.152549093178721,0.0035160277
203,240,0.0,0.0022360957
203,241,0.149157880460132,0.0027971817
203,242,0.0,0.0035340297
203,243,0.0,0.0019224556
203,244,0.0,0.0020980905
203,245,0.0,0.0015860274
203,246,0.0,0.002216645
203,247,0.0,0.0019310396
203,248,0.0,0.0023438479
203,249,0.0,0.0015473422
203,250,0.0,0.0036314637
203,251,0.0,0.0023076702
203,252,0.154724592289306,0.0024539698
203,253,0.0,0.0026129922
203,254,0.0,0.0015242314
203,255,0.0,0.0018880414
203,256,0.0,0.0024629226
203,257,0.0,0.0030604694
203,258,0.0,0.0017369157
203,259,0.0,0.002735163
203,260,0.0,0.002382087
203,261,0.0,0.0028047403
203,262,0.0,0.0018433249
203,263,0.0,0.0034028995
203,264,0.0,0.0024669538
203,265,0.155811412456831,0.002465818
203,266,0.0,0.002330828
203,267,0.0,0.0032008816
203,268,0.0,0.00241407
204,1,0.0,0.0025713723
204,2,0.0,0.0024493146
204,3,0.0,0.0023126067
204,4,0.0,0.0023616045
204,5,0.0,0.0027162652
204,6,0.0,0.0023887595
204,7,0.0,0.0014832476
204,8,0.0,0.0020978511
204,9,0.0,0.0027467627
204,10,0.0,0.0028315568
204,11,0.0,0.0025766538
204,12,0.0,0.0018156525
204,13,0.0,0.0023280508
204,14,0.0,0.0015829587
204,15,0.0,0.0027775536
204,16,0.0,0.0021434547
204,17,0.0,0.00249524
204,18,0.0,0.0025954326
204,19,0.0,0.0036102282
204,20,0.0,0.0014894507
204,21,0.147568683543885,0.0019902848
204,22,0.0,0.003250992
204,23,0.0,0.002383396
204,24,0.0,0.0017542033
204,25,0.0,0.0018177666
204,26,0.0,0.0030377056
204,27,0.0,0.0016428218
204,28,0.0,0.0034694006
204,29,0.0,0.0020903
204,30,0.0,0.0014918419
204,31,0.0,0.002394375
204,32,0.0,0.0035996893
204,33,0.0,0.0022519697
204,34,0.0,0.0017403187
204,35,0.0,0.00206119
204,36,0.0,0.0017380328
204,37,0.139675939970705,0.0017157318
204,38,0.0,0.0031617698
204,39,0.0,0.002448108
204,40,0.0,0.0035487874
204,41,0.0,0.0029516197
204,42,0.0,0.0026350277
204,43,0.0,0.0032711914
204,44,0.0,0.0030272356
204,45,0.149747212818291,0.0023763399
204,46,0.0,0.002763987
204,47,0.0,0.0014958009
204,48,0.0,0.0028238366
204,49,0.0,0.0026256694
204,50,0.0,0.002142821
204,51,0.0,0.0015832428
204,52,0.151553124977296,0.0027531353
204,53,0.0,0.0026550195
204,54,0.0,0.0016994779
204,55,0.0,0.0016569132
204,56,0.0,0.002372317
204,57,0.0,0.0025769258
204,58,0.0,0.00245308
204,59,0.0,0.0027462519
204,60,0.0,0.0025222315
204,61,0.0,0.0025049332
204,62,-0.14409856485607,0.0021430627
204,63,0.0,0.0022175843
204,64,0.0,0.0023825783
204,65,0.0,0.0018199286
204,66,0.0,0.002668261
204,67,0.0,0.0027612476
204,68,0.0,0.0023191976
204,69,0.0,0.0020094803
204,70,0.0,0.003177978
204,71,0.0,0.0020411056
204,72,0.0,0.0022795321
204,73,0.0,0.0024361275
204,74,0.0,0.002383329
204,75,0.0,0.0030625798
204,76,0.0,0.0014844914
204,77,0.0,0.0022211908
204,78,0.0,0.0034739044
204,79,0.0,0.0022035935
204,80,0.0,0.0016402658
204,81,0.0,0.0027102772
204,82,0.1466654772984,0.0023160903
204,83,0.0,0.0023395102
204,84,0.0,0.0016150698
204,85,0.151781886980267,0.0020748507
204,86,0.0,0.0015696324
204,87,0.0,0.0017606402
204,88,0.0,0.002030213
204,89,0.0,0.0017124824
204,90,0.0,0.0018790523
204,91,0.0,0.0020752833
204,92,0.0,0.001785968
204,93,0.0,0.0032328893
204,94,0.0,0.0021175663
204,95,0.0,0.002582408
204,96,-0.152246958328757,0.001548415
204,97,0.0,0.0024417401
204,98,0.0,0.0020795679
204,99,0.0,0.0022480944
204,100,0.0,0.002702145
204,101,0.0,0.0016678241
204,102,0.0,0.0024000504
204,103,0.0,0.0017481907
204,104,0.0,0.0019267187
204,105,0.0,0.0023435028
204,106,0.0,0.0022723312
204,107,0.0,0.0014814055
204,108,0.0,0.0015163762
204,109,0.0,0.0019081323
204,110,0.137856559947949,0.0018888856
204,111,0.0,0.0032797796
204,112,0.0,0.0014902302
204,113,0.0,0.0025821654
204,114,0.0,0.0028284602
204,115,0.0,0.0016736565
204,116,0.0,0.0024722568
204,117,0.0,0.0027556038
204,118,0.0,0.0027550654
204,119,0.0,0.0024423343
204,120,0.0,0.0015245932
204,121,0.0,0.002676745
204,122,0.0,0.0023297071
204,123,0.0,0.0019205827
204,124,0.0,0.0017414154
204,125,0.0,0.0023788498
204,126,0.0,0.0015334608
204,127,0.0,0.0014667269
204,128,0.0,0.0022132904
204,129,0.0,0.0031277328
204,130,0.0,0.0025607678
204,131,0.0,0.0023674425
204,132,0.0,0.00257626
204,133,0.0,0.0020241807
204,134,0.0,0.0018822579
204,135,0.0,0.0031760624
204,136,0.0,0.002733245
204,137,0.0,0.0022392552
204,138,0.0,0.0027695242
204,139,0.0,0.0021366747
204,140,0.0,0.0014783484
204,141,0.0,0.0016364018
204,142,0.0,0.0022690347
204,143,0.0,0.0026140064
204,144,0.0,0.0026157442
204,145,0.0,0.002370676
204,146,0.0,0.0014941664
204,147,0.0,0.0017713029
204,148,0.0,0.0024230778
204,149,0.0,0.0014775884
204,150,0.0,0.0027462589
204,151,0.0,0.002137532
204,152,0.0,0.0019386522
204,153,0.0,0.001956571
204,154,0.0,0.0019507324
204,155,0.0,0.003174149
204,156,0.0,0.0018550581
204,157,0.0,0.0014961399
204,158,0.0,0.0016520796
204,159,0.0,0.0032633925
204,160,0.0,0.0018415935
204,161,0.0,0.0025501694
204,162,0.0,0.0032127863
204,163,0.0,0.0025393795
204,164,0.0,0.001501889
204,165,0.0,0.0030898964
204,166,0.0,0.0026417538
204,167,0.0,0.0022778912
204,168,0.0,0.002094267
204,169,0.0,0.0024428489
204,170,0.0,0.0022046654
204,171,0.0,0.0035230275
204,172,0.157296432520123,0.0015472453
204,173,0.0,0.0032941108
204,174,0.0,0.001495732
204,175,0.0,0.00154188
204,176,-0.159290075870488,0.0017694654
204,177,0.0,0.0015330403
204,178,0.0,0.0033194385
204,179,0.0,0.0029004118
204,180,0.0,0.003587795
204,181,0.0,0.002687967
204,182,0.0,0.0015459056
204,183,0.0,0.0016430034
204,184,0.0,0.0027788854
204,185,0.0,0.0023558857
204,186,0.0,0.002532593
204,187,0.0,0.003324905
204,188,0.0,0.0023545492
204,189,0.0,0.0014662324
204,190,0.0,0.0023093591
204,191,0.0,0.0026137764
204,192,0.0,0.0014932691
204,193,0.0,0.0022132285
204,194,0.0,0.002495604
204,195,0.0,0.0024466678
204,196,0.0,0.0018936452
204,197,0.139896038744642,0.00240679
204,198,0.0,0.0015385216
204,199,0.0,0.0021386333
204,200,0.0,0.001636032
204,201,0.0,0.0016731648
204,202,-0.153204565756246,0.0023197168
204,203,0.143503235069927,0.0017369436
204,204,0.113331793807447,0.030703487
204,205,0.0,0.0021512918
204,206,0.0,0.0016793595
204,207,0.0,0.0023468044
204,208,0.166340417777545,0.0024447427
204,209,0.0,0.002101636
204,210,0.0,0.0025769952
204,211,0.0,0.0027697366
204,212,0.0,0.0016847295
204,213,0.0,0.002612181
204,214,-0.171863744395748,0.0015512235
204,215,0.0,0.0015583797
204,216,0.0,0.0023836638
204,217,0.0,0.0027393852
204,218,0.0,0.0014657369
204,219,0.0,0.0014905888
204,220,0.0,0.0026946408
204,221,0.0,0.0017220341
204,222,0.0,0.0018154392
204,223,0.0,0.0021954225
204,224,0.0,0.0015017074
204,225,0.0,0.0014989786
204,226,-0.156189779516595,0.0025935448
204,227,0.0,0.0017391387
204,228,0.0,0.002520186
204,229,0.0,0.0014616889
204,230,0.165882770528967,0.002384008
204,231,0.163270078190964,0.0023496929
204,232,0.0,0.0021377318
204,233,0.0,0.002772627
204,234,0.0,0.0025530416
204,235,0.0,0.0025425889
204,236,0.0,0.0020952271
204,237,0.0,0.0015316037
204,238,0.0,0.0019389214
204,239,0.0,0.00240081
204,240,0.0,0.0023616361
204,241,0.0,0.0020515257
204,242,0.0,0.0017830767
204,243,0.0,0.0016397
204,244,0.0,0.002345703
204,245,0.0,0.0025667064
204,246,0.0,0.002173239
204,247,0.0,0.0020036409
204,248,0.0,0.002309814
204,249,0.171894685925403,0.0016172938
204,250,0.0,0.0032969136
204,251,0.166205864758671,0.002465948
204,252,0.0,0.0034859176
204,253,0.0,0.0019451617
204,254,0.0,0.0017327997
204,255,0.158239485247235,0.00246794
204,256,0.0,0.0021686899
204,257,0.0,0.003036065
204,258,0.0,0.0023771892
204,259,0.0,0.0022400199
204,260,0.0,0.003625472
204,261,0.0,0.0035804617
204,262,0.0,0.0016019251
204,263,0.0,0.0018915809
204,264,0.0,0.0025063865
204,265,0.0,0.0027809707
204,266,0.0,0.002347786
204,267,0.166982722930124,0.0023033186
204,268,0.0,0.0014882185
205,1,0.0,0.0016606147
205,2,0.0,0.0033302964
205,3,0.0,0.0022282968
205,4,0.0,0.0026084138
205,5,0.0,0.0026949286
205,6,0.0,0.0030425196
205,7,0.0,0.001689529
205,8,0.0,0.0024121036
205,9,0.0,0.002401445
205,10,0.16390278919134,0.0028956737
205,11,0.0,0.0035643587
205,12,0.157443373239398,0.0027417718
205,13,0.0,0.0034620608
205,14,0.0,0.0031427848
205,15,0.0,0.0017815325
205,16,0.0,0.0017529936
205,17,0.0,0.0015436634
205,18,0.0,0.0025405874
205,19,0.0,0.0023403824
205,20,0.0,0.0021750773
205,21,0.0,0.0022415877
205,22,0.0,0.0023886971
205,23,0.0,0.0024264464
205,24,0.0,0.0022345632
205,25,0.0,0.0021083527
205,26,0.0,0.0027590748
205,27,0.0,0.0030224686
205,28,0.0,0.0023956648
205,29,0.0,0.0016127378
205,30,0.170879662341132,0.0026750574
205,31,0.0,0.0027794405
205,32,0.0,0.0018645651
205,33,0.0,0.0026832237
205,34,0.0,0.0015506251
205,35,0.0,0.0024921196
205,36,0.177411662136232,0.0022857608
205,37,0.0,0.001493433
205,38,0.0,0.0024780966
205,39,0.0,0.0035612783
205,40,0.0,0.003500347
205,41,0.0,0.0025345348
205,42,0.0,0.002591692
205,43,0.0,0.003568476
205,44,0.0,0.0025364477
205,45,0.0,0.0025341515
205,46,0.0,0.002784838
205,47,0.0,0.002113632
205,48,0.0,0.001707348
205,49,0.0,0.0036260607
205,50,0.0,0.0035302658
205,51,0.0,0.0024208892
205,52,-0.169070390012431,0.0014914232
205,53,0.0,0.0016232315
205,54,0.0,0.0023590229
205,55,0.0,0.0031617223
205,56,0.0,0.0021174704
205,57,0.0,0.0027905903
205,58,0.0,0.0016170656
205,59,0.0,0.002241251
205,60,0.0,0.002275806
205,61,0.0,0.0016409364
205,62,0.0,0.0027702106
205,63,0.0,0.002330345
205,64,0.0,0.002241651
205,65,-0.201705264725343,0.0021684417
205,66,-0.158329582470473,0.0025520697
205,67,0.0,0.0016344106
205,68,0.164084433135355,0.0022739582
205,69,0.0,0.002295935
205,70,0.0,0.0034897998
205,71,0.185787455570713,0.003020016
205,72,0.0,0.0019047088
205,73,0.0,0.00240112
205,74,0.0,0.002615219
205,75,0.0,0.001848714
205,76,0.0,0.0018285438
205,77,0.0,0.0024270923
205,78,0.0,0.002743519
205,79,0.18360218618016,0.0023635048
205,80,0.0,0.0014859834
205,81,0.0,0.0024126032
205,82,0.0,0.0026638312
205,83,0.0,0.0025398722
205,84,0.0,0.0025121677
205,85,0.0,0.0025601815
205,86,0.0,0.0014936002
205,87,0.0,0.0016666823
205,88,0.0,0.0026058014
205,89,0.0,0.002154517
205,90,0.0,0.0021408675
205,91,0.0,0.00240594
205,92,0.0,0.0027702819
205,93,0.0,0.0024484675
205,94,0.0,0.0014856211
205,95,0.158101581125101,0.0014670407
205,96,0.0,0.0016576811
205,97,0.0,0.0021388424
205,98,0.0,0.0022020112
205,99,0.0,0.0019208463
205,100,0.0,0.0018750713
205,101,0.0,0.0014975988
205,102,0.0,0.0027499376
205,103,0.178845254435222,0.0021350868
205,104,0.0,0.002480281
205,105,0.0,0.0018354049
205,106,0.0,0.0016250708
205,107,0.0,0.0021694768
205,108,0.0,0.0017107599
205,109,0.0,0.0014931322
205,110,0.0,0.0015090788
205,111,0.0,0.002735308
205,112,0.0,0.0018550339
205,113,0.0,0.0025453647
205,114,0.0,0.001739867
205,115,0.0,0.0025984268
205,116,0.0,0.0023051216
205,117,0.0,0.0028443006
205,118,0.0,0.0024224306
205,119,0.0,0.0024515176
205,120,0.178792674455801,0.0035238895
205,121,0.0,0.0015118928
205,122,0.0,0.0018317592
205,123,0.162048587396051,0.0027276413
205,124,0.167080954031964,0.0027508703
205,125,0.0,0.0025295606
205,126,0.0,0.0027670562
205,127,0.0,0.0014669728
205,128,0.0,0.002629554
205,129,0.0,0.0017195186
205,130,0.0,0.002457166
205,131,0.0,0.0022312547
205,132,0.0,0.0022366028
205,133,0.0,0.002570774
205,134,0.0,0.0023136656
205,135,-0.169371742709015,0.0027808836
205,136,0.0,0.0023120674
205,137,0.0,0.0025602481
205,138,0.0,0.0032947604
205,139,0.0,0.002195876
205,140,0.0,0.0029465877
205,141,0.0,0.0016890727
205,142,0.0,0.003099612
205,143,0.0,0.0020970227
205,144,-0.180172661286109,0.0026441538
205,145,0.0,0.002668066
205,146,0.0,0.0022531892
205,147,0.0,0.0024697888
205,148,0.0,0.0035770726
205,149,0.0,0.002728582
205,150,0.0,0.0023949286
205,151,0.0,0.0035390714
205,152,0.0,0.0035832785
205,153,0.0,0.0026656128
205,154,0.0,0.0016138917
205,155,0.0,0.0035189325
205,156,0.0,0.003156859
205,157,0.0,0.0027882461
205,158,0.168635901874188,0.0015866687
205,159,0.0,0.0019956464
205,160,0.0,0.0027279304
205,161,0.157487821246997,0.0030713202
205,162,0.0,0.0017219661
205,163,0.0,0.0023605693
205,164,0.0,0.0019489061
205,165,0.0,0.0019432735
205,166,0.0,0.0030292687
205,167,0.0,0.0018662456
205,168,0.0,0.0025942195
205,169,0.0,0.002322074
205,170,0.0,0.0027399343
205,171,0.0,0.002765873
205,172,0.0,0.002019613
205,173,0.156483172854415,0.0025597955
205,174,0.0,0.002077323
205,175,0.0,0.0014965115
205,176,0.0,0.0018750159
205,177,0.0,0.0014751013
205,178,0.0,0.0027715527
205,179,0.0,0.003422828
205,180,0.0,0.0014628745
205,181,0.0,0.00223009
205,182,0.0,0.0034890324
205,183,0.0,0.0023645945
205,184,0.0,0.0025502546
205,185,0.0,0.0017089965
205,186,-0.151413408929824,0.0021091234
205,187,0.0,0.0021814862
205,188,0.0,0.0014926107
205,189,0.0,0.0021481933
205,190,0.0,0.0026160679
205,191,0.0,0.003271494
205,192,0.0,0.0014713486
205,193,0.0,0.0014605448
205,194,0.0,0.0027537206
205,195,0.0,0.0024708472
205,196,0.0,0.0017613606
205,197,0.0,0.0022147927
205,198,0.0,0.0018623527
205,199,0.0,0.0020666681
205,200,0.161391543500764,0.0034555974
205,201,0.0,0.0024855402
205,202,0.0,0.0025106403
205,203,0.0,0.0019182689
205,204,0.0,0.0021512918
205,205,0.828746942104772,0.030703487
205,206,0.0,0.0018572207
205,207,0.0,0.0018777219
205,208,0.14193622120583,0.0028694943
205,209,0.0,0.003135921
205,210,0.0,0.0024787225
205,211,0.0,0.0026206276
205,212,0.0,0.0025514094
205,213,0.0,0.0024234536
205,214,0.0,0.0014942111
205,215,0.0,0.0027503492
205,216,0.0,0.0021989974
205,217,0.0,0.0023368956
205,218,0.0,0.002347048
205,219,0.0,0.0021174438
205,220,0.0,0.0015473017
205,221,0.0,0.0026139528
205,222,0.0,0.0035068002
205,223,0.0,0.0018236204
205,224,0.0,0.0019278959
205,225,0.0,0.0022508125
205,226,0.0,0.0018250253
205,227,0.0,0.0020110328
205,228,0.0,0.0024540182
205,229,0.0,0.0017203032
205,230,0.0,0.002553104
205,231,0.0,0.002325477
205,232,0.132635575952765,0.0014983746
205,233,0.0,0.0027102544
205,234,0.0,0.0026866454
205,235,0.0,0.0029766727
205,236,0.0,0.0050581545
205,237,0.0,0.002536822
205,238,0.0,0.0027431073
205,239,0.0,0.0018740827
205,240,0.0,0.0019894936
205,241,-0.13789147120361,0.0031062826
205,242,0.0,0.0035849423
205,243,0.0,0.002280402
205,244,0.0,0.002654599
205,245,0.0,0.0017037336
205,246,0.0,0.0025854711
205,247,0.0,0.0023300708
205,248,-0.142989324128271,0.0027487674
205,249,0.0,0.0015970403
205,250,0.0,0.001917378
205,251,0.0,0.0025673606
205,252,0.0,0.0025406666
205,253,0.0,0.0024677464
205,254,0.0,0.0017408822
205,255,0.135023795669341,0.0017433618
205,256,0.0,0.0034647007
205,257,0.0,0.0023283628
205,258,0.0,0.0024565174
205,259,0.0,0.002106891
205,260,0.0,0.002729945
205,261,0.0,0.001797107
205,262,0.0,0.0016924739
205,263,0.0,0.002403358
205,264,0.0,0.001598706
205,265,0.0,0.0015424304
205,266,0.0,0.0018887147
205,267,0.0,0.0032718033
205,268,0.0,0.0018033902
206,1,0.0,0.0017415257
206,2,0.0,0.0030633276
206,3,0.0,0.0024637794
206,4,0.0,0.0035544438
206,5,0.0,0.0026027248
206,6,0.0,0.0035378654
206,7,0.0,0.0017334293
206,8,0.0,0.0034319847
206,9,0.156742455137911,0.0030539446
206,10,0.0,0.0019297218
206,11,0.0,0.0026111854
206,12,0.0,0.0023943689
206,13,0.0,0.0030350406
206,14,0.0,0.0019626962
206,15,0.0,0.002423294
206,16,0.0,0.002552492
206,17,0.0,0.0026286691
206,18,0.0,0.001929847
206,19,0.0,0.002351481
206,20,0.153672836490033,0.0027308092
206,21,0.0,0.002509702
206,22,0.0,0.002275759
206,23,0.0,0.0021419441
206,24,0.0,0.002358594
206,25,-0.171113512117895,0.003535355
206,26,0.0,0.0024743942
206,27,0.0,0.0034902883
206,28,0.0,0.0035388446
206,29,0.152877504929797,0.0024896697
206,30,0.0,0.00165594
206,31,0.0,0.0024682777
206,32,0.0,0.0023631286
206,33,0.0,0.0026043751
206,34,0.0,0.0019250358
206,35,0.0,0.0017069043
206,36,-0.174902745442264,0.0016787071
206,37,0.0,0.002175699
206,38,0.0,0.0025428492
206,39,0.0,0.0015719542
206,40,0.0,0.002552894
206,41,0.0,0.003239605
206,42,-0.154420532770313,0.0024329815
206,43,0.0,0.0025577862
206,44,0.0,0.0015173838
206,45,0.0,0.0015453557
206,46,0.0,0.0024342607
206,47,0.0,0.002791896
206,48,0.0,0.0026469203
206,49,0.0,0.0025375644
206,50,0.0,0.003561743
206,51,0.0,0.0014702845
206,52,0.0,0.0035483935
206,53,0.155165922822177,0.0022566947
206,54,0.0,0.002640144
206,55,0.0,0.0025579464
206,56,0.0,0.0026103458
206,57,-0.163946579105002,0.0017219218
206,58,0.164811909817652,0.0034430232
206,59,0.0,0.0030670147
206,60,0.15519496970481,0.0024979892
206,61,0.0,0.0023133252
206,62,0.0,0.003423587
206,63,0.0,0.0017545624
206,64,-0.171522413267886,0.0019589616
206,65,0.0,0.0019814936
206,66,0.0,0.002491952
206,67,0.0,0.0014938237
206,68,0.0,0.002358531
206,69,0.0,0.0014917697
206,70,0.0,0.0035892609
206,71,0.0,0.0024781134
206,72,0.0,0.0024157176
206,73,0.0,0.0022193724
206,74,0.0,0.0026683854
206,75,0.0,0.0020487919
206,76,0.0,0.002008127
206,77,0.0,0.0025095935
206,78,0.0,0.0033826395
206,79,0.0,0.0020185462
206,80,0.0,0.0019180877
206,81,0.0,0.0025592325
206,82,0.0,0.0017991974
206,83,-0.178756156879792,0.002612173
206,84,0.0,0.0014977106
206,85,0.0,0.0025245207
206,86,0.0,0.0020617153
206,87,0.0,0.0014839564
206,88,0.0,0.0024032854
206,89,0.0,0.0034098946
206,90,0.0,0.0026366152
206,91,0.0,0.0028264178
206,92,0.0,0.002187878
206,93,0.0,0.002341284
206,94,0.0,0.0023404257
206,95,0.155865743348423,0.002579247
206,96,0.0,0.002196087
206,97,0.0,0.0025925413
206,98,0.0,0.0018630233
206,99,0.163791999834062,0.0024229311
206,100,0.0,0.0034320885
206,101,0.156106382356362,0.0017365934
206,102,0.0,0.003370238
206,103,0.0,0.0024983427
206,104,0.0,0.0030344813
206,105,0.0,0.002266678
206,106,0.0,0.0029897531
206,107,0.0,0.0016053002
206,108,0.172702727877899,0.0024439031
206,109,0.0,0.0021529356
206,110,-0.151615833423419,0.0034458796
206,111,0.0,0.0017397124
206,112,0.0,0.0018312004
206,113,0.0,0.001826378
206,114,0.0,0.0025367364
206,115,0.0,0.0035896976
206,116,0.0,0.0034806128
206,117,0.145105608323046,0.0035768081
206,118,0.0,0.0023443769
206,119,0.0,0.0027957805
206,120,0.0,0.0023799576
206,121,0.0,0.0027677394
206,122,0.0,0.0022529196
206,123,0.0,0.0023547057
206,124,-0.164718131939169,0.0035642986
206,125,0.0,0.0020600674
206,126,0.0,0.0032504136
206,127,0.0,0.0014769952
206,128,0.0,0.0023084488
206,129,0.0,0.0016020853
206,130,0.0,0.0023961626
206,131,0.0,0.0021233424
206,132,0.162872307616484,0.0016590087
206,133,0.0,0.0034294724
206,134,0.0,0.0027697794
206,135,0.166976524786742,0.002769419
206,136,0.0,0.0031513218
206,137,-0.160815480343037,0.0026038075
206,138,0.0,0.0025065942
206,139,0.0,0.0024453774
206,140,0.162717545713919,0.002678872
206,141,0.0,0.0021963008
206,142,0.0,0.0016882196
206,143,0.0,0.002341561
206,144,0.0,0.0027617738
206,145,0.0,0.0029989728
206,146,0.0,0.0032822457
206,147,0.0,0.0027566017
206,148,0.0,0.0018281606
206,149,0.0,0.0035392884
206,150,0.0,0.001999313
206,151,0.0,0.0025437446
206,152,0.0,0.002600615
206,153,0.0,0.0027608364
206,154,0.0,0.0014843661
206,155,0.0,0.0015146872
206,156,0.0,0.0027181455
206,157,0.0,0.0027473993
206,158,0.0,0.0027782316
206,159,0.0,0.0024272962
206,160,0.0,0.002046702
206,161,0.0,0.0019467929
206,162,0.0,0.0019117096
206,163,0.0,0.0028659767
206,164,0.0,0.0015226919
206,165,0.0,0.0016556191
206,166,0.171281142584828,0.002613503
206,167,0.0,0.0023836726
206,168,0.0,0.0030532666
206,169,0.0,0.0022413936
206,170,0.0,0.0014791358
206,171,0.163915784009504,0.0015525669
206,172,0.0,0.003085299
206,173,0.0,0.0021330686
206,174,0.0,0.0019062199
206,175,0.0,0.0017563445
206,176,0.0,0.001536144
206,177,0.0,0.0017267121
206,178,0.0,0.0032287682
206,179,0.0,0.0016061263
206,180,-0.163151829065249,0.0017051832
206,181,0.0,0.002242078
206,182,0.0,0.0017410894
206,183,0.0,0.0031645414
206,184,0.0,0.0017094896
206,185,0.168821910291472,0.0026663695
206,186,0.0,0.0018451908
206,187,0.161551299289378,0.0016625063
206,188,0.0,0.0023517977
206,189,0.0,0.0018530409
206,190,0.0,0.00267143
206,191,0.0,0.0035768645
206,192,0.0,0.0015239231
206,193,0.0,0.0023575206
206,194,0.0,0.002544046
206,195,0.0,0.0016168663
206,196,0.0,0.0022174949
206,197,0.0,0.0026508658
206,198,0.0,0.0024208445
206,199,0.0,0.0017264034
206,200,-0.159109179799988,0.0024871896
206,201,0.0,0.0022861264
206,202,0.0,0.0017912425
206,203,0.0,0.0024669217
206,204,-0.15900787925534,0.0016793595
206,205,0.0,0.0018572207
206,206,0.33146614022553,0.030703487
206,207,0.155948280663217,0.0025406596
206,208,0.0,0.0023484016
206,209,0.0,0.0027977978
206,210,0.0,0.0022234567
206,211,0.0,0.0023617079
206,212,0.0,0.003123877
206,213,0.0,0.0023875944
206,214,0.0,0.0029442902
206,215,0.0,0.0015206262
206,216,0.0,0.0019467059
206,217,0.0,0.0025855792
206,218,0.0,0.0025929268
206,219,0.0,0.0027028392
206,220,0.0,0.0026419521
206,221,0.0,0.0025159256
206,222,0.0,0.002345427
206,223,0.0,0.0022463244
206,224,0.0,0.0027441313
206,225,0.0,0.001663757
206,226,0.0,0.0027924585
206,227,0.0,0.0017640404
206,228,0.0,0.0022899592
206,229,0.0,0.0035312315
206,230,0.0,0.002646538
206,231,0.0,0.0025112159
206,232,0.0,0.002686242
206,233,0.0,0.0034986916
206,234,0.0,0.0024768165
206,235,0.0,0.002785034
206,236,0.0,0.0014711274
206,237,0.0,0.0014772206
206,238,0.0,0.0024140417
206,239,0.0,0.003624428
206,240,0.0,0.0018559946
206,241,0.0,0.0035151346
206,242,0.16830336369433,0.0023765513
206,243,0.0,0.002322339
206,244,-0.160325462700927,0.0026032212
206,245,0.0,0.0014606426
206,246,0.0,0.0023700795
206,247,0.0,0.0019542514
206,248,0.0,0.0032503097
206,249,0.0,0.0014813859
206,250,0.0,0.0028144754
206,251,0.0,0.002094225
206,252,0.0,0.002634502
206,253,0.154716709946425,0.0014925757
206,254,-0.159713776430651,0.0014955583
206,255,0.0,0.0023988467
206,256,0.0,0.0031807492
206,257,0.145318446766253,0.0034804568
206,258,0.0,0.0018450315
206,259,0.0,0.0027521932
206,260,0.0,0.0025574001
206,261,0.0,0.0014962857
206,262,0.0,0.0015421789
206,263,0.0,0.0021234113
206,264,0.0,0.0016323058
206,265,0.0,0.0015174276
206,266,0.0,0.0026665535
206,267,0.0,0.0023881826
206,268,0.0,0.002204353
207,1,0.0,0.0025467868
207,2,0.0,0.002396604
207,3,0.0,0.00184632
207,4,0.0,0.0026595294
207,5,0.0,0.0025418284
207,6,0.0,0.0015555467
207,7,0.0,0.0024114498
207,8,0.0,0.003450206
207,9,0.0,0.0026519787
207,10,0.0,0.0026442641
207,11,0.0,0.003473367
207,12,0.0,0.002742873
207,13,0.0,0.0019609132
207,14,0.0,0.0020779395
207,15,0.162049239930032,0.002761798
207,16,0.0,0.0026051272
207,17,0.0,0.0031077415
207,18,0.0,0.0016808584
207,19,0.0,0.002773387
207,20,0.0,0.002538404
207,21,0.0,0.002383459
207,22,0.0,0.0025328528
207,23,0.0,0.002608696
207,24,0.0,0.0019013742
207,25,0.174509296944018,0.0021194834
207,26,0.0,0.0028141052
207,27,0.0,0.0015775478
207,28,0.0,0.002410118
207,29,0.0,0.0023615914
207,30,0.0,0.0030515562
207,31,0.0,0.002365447
207,32,0.0,0.0033389232
207,33,0.0,0.0024087904
207,34,0.0,0.0021581342
207,35,0.0,0.002457607
207,36,0.0,0.0014920561
207,37,0.0,0.001493521
207,38,0.0,0.00204169
207,39,-0.169471764390852,0.0022898805
207,40,0.0,0.0036115865
207,41,0.0,0.002371192
207,42,0.0,0.0024294425
207,43,0.0,0.00302525
207,44,0.151978431336636,0.0021464229
207,45,0.167961649833303,0.0035584043
207,46,0.0,0.0025504702
207,47,0.152355801515063,0.0016475506
207,48,0.0,0.0017066603
207,49,-0.153471837204413,0.0035907207
207,50,0.160744137826099,0.0018830774
207,51,0.0,0.0014888374
207,52,0.0,0.0020105
207,53,0.0,0.0022676205
207,54,0.0,0.0018517021
207,55,0.173689126504389,0.0023084288
207,56,0.0,0.0027174414
207,57,0.0,0.002783528
207,58,0.0,0.0024541789
207,59,0.0,0.0027686218
207,60,0.0,0.0015043113
207,61,0.0,0.0023912573
207,62,-0.161625931036231,0.001615474
207,63,0.0,0.002717115
207,64,-0.174926312826174,0.0027703159
207,65,0.0,0.0020660176
207,66,0.0,0.002240765
207,67,0.0,0.0017891568
207,68,0.0,0.001804126
207,69,0.0,0.002571349
207,70,0.0,0.0032773535
207,71,0.0,0.0014634379
207,72,0.0,0.0025965716
207,73,0.0,0.0025442368
207,74,0.0,0.0024472848
207,75,0.0,0.0016749077
207,76,0.166679747069182,0.0032791067
207,77,0.0,0.0019624205
207,78,0.0,0.0017564781
207,79,0.0,0.00205844
207,80,0.0,0.0022683274
207,81,-0.16878478465302,0.0020070998
207,82,0.0,0.003258491
207,83,0.182303611651747,0.0023235646
207,84,0.0,0.0022019218
207,85,0.0,0.0023187073
207,86,0.0,0.002579336
207,87,0.0,0.0027822582
207,88,0.0,0.0022661122
207,89,0.0,0.0033947048
207,90,0.0,0.0019348352
207,91,0.0,0.0022512288
207,92,0.0,0.0019454286
207,93,0.0,0.0017358977
207,94,0.0,0.001887749
207,95,0.0,0.0018251175
207,96,0.0,0.001928879
207,97,0.0,0.001894474
207,98,0.0,0.0035688025
207,99,0.0,0.0023493315
207,100,0.0,0.0033050268
207,101,0.0,0.0025509773
207,102,0.0,0.0016080476
207,103,0.0,0.0024431776
207,104,0.0,0.0027700681
207,105,0.0,0.0019296091
207,106,0.17419729621899,0.0025148336
207,107,0.0,0.0027931775
207,108,0.0,0.0025919187
207,109,0.0,0.0026186542
207,110,0.0,0.0025893091
207,111,0.0,0.0026137554
207,112,0.0,0.0016900068
207,113,0.0,0.0024872571
207,114,0.0,0.0033031246
207,115,0.0,0.0025907913
207,116,0.0,0.0026259688
207,117,0.0,0.0025182301
207,118,0.160882868080297,0.0026049227
207,119,0.0,0.0023746123
207,120,0.179762229687175,0.003556949
207,121,0.0,0.003555304
207,122,0.0,0.0017944053
207,123,0.0,0.0023910603
207,124,-0.167986999056111,0.0018649157
207,125,0.157008833244236,0.0023865113
207,126,-0.160794521603597,0.0035039736
207,127,0.0,0.002789915
207,128,0.0,0.0018094657
207,129,0.0,0.0025165165
207,130,0.0,0.002367766
207,131,0.0,0.0026143878
207,132,0.0,0.0026815468
207,133,0.0,0.002455507
207,134,0.0,0.0027022706
207,135,0.170290210200428,0.0021990119
207,136,0.0,0.0035886425
207,137,0.0,0.0014898852
207,138,0.0,0.00242385
207,139,0.0,0.0017059469
207,140,0.0,0.0020313705
207,141,0.0,0.0016765995
207,142,0.0,0.0022855476
207,143,0.0,0.0030115289
207,144,0.0,0.0023831166
207,145,0.0,0.0016956311
207,146,0.0,0.0014921487
207,147,0.0,0.0034680772
207,148,0.0,0.002759207
207,149,0.0,0.0025503743
207,150,0.0,0.0030792966
207,151,0.0,0.0018465277
207,152,0.0,0.0015660711
207,153,0.0,0.0025266856
207,154,0.0,0.002321497
207,155,0.0,0.002765954
207,156,-0.165798526789855,0.0024066502
207,157,0.0,0.0027191625
207,158,0.0,0.002331669
207,159,0.0,0.002129939
207,160,0.0,0.0032178322
207,161,0.0,0.0022628396
207,162,0.0,0.0035047433
207,163,0.0,0.003469855
207,164,0.0,0.001999897
207,165,0.0,0.0024168203
207,166,0.0,0.001937849
207,167,0.0,0.0032133786
207,168,0.0,0.002658463
207,169,0.0,0.0022510402
207,170,0.0,0.0025698175
207,171,0.0,0.0024049873
207,172,0.0,0.0030610813
207,173,0.0,0.0022829338
207,174,0.0,0.0026871678
207,175,0.181867401447324,0.0019595688
207,176,-0.17866525487686,0.0021722154
207,177,0.0,0.0025861412
207,178,0.0,0.0019161953
207,179,0.0,0.0032150326
207,180,0.0,0.0025758422
207,181,-0.167354531180767,0.0025514807
207,182,0.0,0.001506201
207,183,0.0,0.002465718
207,184,0.0,0.0031068954
207,185,0.0,0.002384012
207,186,0.0,0.0021702535
207,187,0.0,0.0019707503
207,188,0.0,0.0034459135
207,189,0.0,0.0027934979
207,190,0.0,0.0019710548
207,191,0.0,0.0019449582
207,192,0.0,0.002481387
207,193,0.0,0.001552477
207,194,0.0,0.0032584365
207,195,0.0,0.002382157
207,196,0.0,0.0026434134
207,197,0.156912232491474,0.0032783751
207,198,0.0,0.0017638393
207,199,0.0,0.001493834
207,200,0.0,0.0021113944
207,201,0.0,0.0023976318
207,202,0.0,0.0034324597
207,203,0.0,0.0034000366
207,204,0.0,0.0023468044
207,205,0.0,0.0018777219
207,206,0.0,0.0025406596
207,207,0.0,0.030703487
207,208,0.0,0.0024325764
207,209,0.0,0.0035760975
207,210,0.0,0.0024062186
207,211,0.0,0.0023752348
207,212,0.0,0.0027441937
207,213,0.0,0.0015555373
207,214,0.0,0.0033540167
207,215,0.0,0.0015223892
207,216,0.0,0.0027716835
207,217,0.0,0.0026146728
207,218,0.0,0.0016857814
207,219,0.0,0.0015187846
207,220,0.0,0.002409392
207,221,0.0,0.0018758504
207,222,0.0,0.0018037269
207,223,0.0,0.0024889833
207,224,0.0,0.0016019214
207,225,0.0,0.0015897639
207,226,0.0,0.0027308604
207,227,0.0,0.0023621824
207,228,0.0,0.0021708813
207,229,0.0,0.0024140268
207,230,0.0,0.0033907103
207,231,0.0,0.0022567278
207,232,0.0,0.0021738736
207,233,0.0,0.002709528
207,234,0.0,0.0018570055
207,235,0.0,0.0024240417
207,236,0.0,0.0014610207
207,237,0.0,0.0025584744
207,238,0.0,0.0017387099
207,239,0.0,0.0032320647
207,240,0.0,0.0025212062
207,241,0.0,0.0015448234
207,242,0.0,0.0021824893
207,243,0.0,0.0017247573
207,244,0.0,0.0023825206
207,245,0.0,0.0022128145
207,246,0.0,0.0017332658
207,247,0.0,0.003178285
207,248,-0.149520495371136,0.002787359
207,249,0.0,0.0023230258
207,250,0.0,0.0023862012
207,251,0.0,0.0026923781
207,252,0.0,0.0026659472
207,253,0.140662217689908,0.0032195984
207,254,0.0,0.002536994
207,255,0.0,0.0024081576
207,256,0.0,0.0024454729
207,257,0.0,0.0024295128
207,258,0.0,0.0017942749
207,259,0.0,0.0025677048
207,260,0.0,0.0029268707
207,261,0.0,0.0024501234
207,262,0.0,0.0021743402
207,263,0.0,0.0025168513
207,264,0.0,0.002645806
207,265,0.0,0.001892522
207,266,0.0,0.0023601335
207,267,0.0,0.002345913
207,268,0.0,0.003333699
208,1,0.0,0.0021398356
208,2,0.0,0.0017523104
208,3,0.0,0.0029703933
208,4,0.0,0.0023431806
208,5,0.0,0.0026160683
208,6,0.0,0.0022584796
208,7,0.0,0.0017225905
208,8,0.0,0.0024090582
208,9,0.0,0.0036092317
208,10,0.0,0.0014890451
208,11,0.0,0.002385952
208,12,0.0,0.0024636802
208,13,0.0,0.0020840545
208,14,0.0,0.0027336865
208,15,0.0,0.0024649487
208,16,0.0,0.0014897739
208,17,0.0,0.003417098
208,18,0.0,0.0015800297
208,19,0.148375735484658,0.0024238005
208,20,0.0,0.0022215988
208,21,0.0,0.0017270409
208,22,0.0,0.002507851
208,23,0.0,0.0025443356
208,24,0.0,0.0017408426
208,25,0.0,0.002222138
208,26,0.0,0.002746128
208,27,0.0,0.002972609
208,28,0.146150572468482,0.0017343881
208,29,0.0,0.0017174487
208,30,0.0,0.0034672488
208,31,0.133798510614041,0.002464238
208,32,0.0,0.0026001167
208,33,0.0,0.0027405163
208,34,0.0,0.0024429471
208,35,0.0,0.0020114495
208,36,0.0,0.0026737954
208,37,0.0,0.0026034615
208,38,0.0,0.0034874603
208,39,0.0,0.0027688649
208,40,0.0,0.001701226
208,41,0.0,0.0017205947
208,42,0.0,0.0035787472
208,43,0.0,0.0014982382
208,44,0.0,0.0033337465
208,45,0.147426197957387,0.0018710764
208,46,0.0,0.001641076
208,47,0.0,0.001480557
208,48,0.136212719918547,0.003608528
208,49,0.0,0.0034315656
208,50,0.0,0.0027016238
208,51,0.0,0.0027334206
208,52,0.0,0.0017566439
208,53,0.0,0.0021207836
208,54,0.0,0.00363064
208,55,0.0,0.0016342127
208,56,0.0,0.0026538735
208,57,0.0,0.0026378804
208,58,0.0,0.002322527
208,59,0.0,0.0028066435
208,60,0.0,0.0017459202
208,61,0.0,0.0020523826
208,62,0.0,0.0026882226
208,63,0.0,0.0017419728
208,64,0.0,0.0032246085
208,65,0.0,0.002044537
208,66,-0.139725388387405,0.0015120339
208,67,0.0,0.0021978067
208,68,0.0,0.0018797517
208,69,-0.150719916796214,0.0036016437
208,70,0.0,0.0019885227
208,71,0.0,0.0015650094
208,72,0.0,0.0015060334
208,73,0.0,0.0031663012
208,74,0.143284968638657,0.002183637
208,75,0.0,0.0033738534
208,76,0.0,0.0025701728
208,77,0.0,0.0019612573
208,78,0.0,0.0018426636
208,79,0.0,0.0026128478
208,80,0.0,0.003456322
208,81,0.0,0.0018256269
208,82,0.0,0.002337736
208,83,0.0,0.0026887143
208,84,0.0,0.00238389
208,85,0.0,0.0014934372
208,86,0.0,0.0017565731
208,87,0.0,0.0034867502
208,88,0.0,0.0026296284
208,89,0.0,0.0023119147
208,90,0.0,0.0014754068
208,91,0.0,0.0025506066
208,92,-0.135006602781227,0.0029879021
208,93,0.0,0.0025082827
208,94,0.0,0.0016616047
208,95,0.0,0.0031306837
208,96,0.0,0.0024657608
208,97,0.0,0.0034339419
208,98,0.0,0.0030609006
208,99,0.0,0.0025914996
208,100,0.14220054169937,0.003121005
208,101,-0.139739587360821,0.0032825498
208,102,0.0,0.001538136
208,103,0.0,0.003156344
208,104,0.0,0.0025946489
208,105,-0.137828846198084,0.0020846971
208,106,0.0,0.0024825977
208,107,0.0,0.0023350557
208,108,0.0,0.0018629618
208,109,0.0,0.002782613
208,110,0.0,0.0021788403
208,111,-0.156549467993323,0.0025894847
208,112,0.0,0.0035686716
208,113,0.0,0.0023901486
208,114,0.0,0.003177831
208,115,0.0,0.0015104031
208,116,0.0,0.0026254011
208,117,0.129892176890722,0.0017001047
208,118,0.0,0.0016063582
208,119,0.0,0.0017242087
208,120,0.0,0.0023761364
208,121,0.0,0.0029108939
208,122,0.0,0.002664905
208,123,0.0,0.0020616003
208,124,0.0,0.0030598883
208,125,0.0,0.002234133
208,126,0.0,0.0021446291
208,127,0.0,0.0025762655
208,128,0.0,0.001780387
208,129,0.0,0.0023319353
208,130,0.0,0.002656132
208,131,0.0,0.0016180663
208,132,0.0,0.0025102496
208,133,0.0,0.0015568258
208,134,0.0,0.0027406425
208,135,0.149470062148886,0.00294438
208,136,0.0,0.0014892686
208,137,0.0,0.0024681622
208,138,0.0,0.002402165
208,139,0.0,0.0018751179
208,140,0.0,0.002445987
208,141,0.0,0.0024971222
208,142,0.0,0.0020681177
208,143,0.0,0.0026390892
208,144,0.0,0.0023652138
208,145,0.0,0.0015671519
208,146,0.0,0.0025876984
208,147,0.148086192291699,0.0014959187
208,148,-0.155386692182226,0.0026502637
208,149,0.0,0.003071704
208,150,0.0,0.002473888
208,151,0.0,0.0023446116
208,152,-0.14454869917132,0.0024548243
208,153,0.0,0.001878215
208,154,0.0,0.0019162511
208,155,0.0,0.0028850846
208,156,0.145527544268726,0.0016405284
208,157,0.151684437962708,0.0030628294
208,158,0.0,0.0016067233
208,159,0.0,0.0014890158
208,160,0.0,0.0027783155
208,161,0.0,0.0025818879
208,162,0.0,0.0020264182
208,163,0.141371530536568,0.001644759
208,164,0.0,0.0021994617
208,165,0.0,0.0023942157
208,166,0.0,0.003115797
208,167,0.0,0.003140573
208,168,0.0,0.0030073598
208,169,0.0,0.0025063837
208,170,0.0,0.0025705406
208,171,0.146730221235442,0.0026949984
208,172,0.0,0.0018735034
208,173,0.0,0.0034805099
208,174,0.0,0.002295189
208,175,0.0,0.003624815
208,176,0.0,0.002686927
208,177,0.0,0.0023008632
208,178,0.0,0.0014917213
208,179,0.0,0.0018756199
208,180,0.0,0.002360376
208,181,0.0,0.0020235386
208,182,0.0,0.002823295
208,183,0.0,0.0015047537
208,184,0.0,0.0019601728
208,185,0.0,0.0027694493
208,186,0.0,0.002432262
208,187,0.0,0.0017420473
208,188,0.0,0.0026992126
208,189,0.0,0.0027272073
208,190,0.0,0.0034162654
208,191,0.0,0.002549368
208,192,0.0,0.002286877
208,193,0.0,0.001493515
208,194,0.0,0.0031502573
208,195,0.145713949972558,0.0016717655
208,196,0.0,0.0024646763
208,197,0.137727712678354,0.0020692246
208,198,0.0,0.0027529402
208,199,0.0,0.001798938
208,200,0.0,0.0027824226
208,201,0.0,0.0023950753
208,202,0.0,0.002613532
208,203,0.0,0.002151709
208,204,0.0,0.0024447427
208,205,0.0,0.0028694943
208,206,-0.156543328204228,0.0023484016
208,207,0.0,0.0024325764
208,208,0.0,0.030703487
208,209,0.0,0.003486548
208,210,0.156567520534428,0.0027006678
208,211,0.0,0.002629037
208,212,0.0,0.0027853902
208,213,0.0,0.0027695382
208,214,0.0,0.0026226547
208,215,0.0,0.0025848262
208,216,0.0,0.003280887
208,217,0.0,0.0022568214
208,218,0.0,0.0025903382
208,219,0.0,0.00227436
208,220,0.160305764719617,0.001638995
208,221,0.0,0.0016799904
208,222,-0.159285232504725,0.0028333021
208,223,-0.163948503985817,0.0024519558
208,224,0.0,0.0022370904
208,225,0.0,0.002684467
208,226,0.0,0.0030665072
208,227,0.0,0.0024667243
208,228,0.0,0.002703825
208,229,0.0,0.0026610917
208,230,0.0,0.0031027803
208,231,-0.152499594298517,0.0025469884
208,232,0.0,0.0033550174
208,233,0.0,0.0027684197
208,234,0.0,0.0026421053
208,235,0.0,0.0017414032
208,236,0.0,0.0022487189
208,237,0.0,0.0028938595
208,238,0.0,0.0026112502
208,239,0.0,0.0021600607
208,240,0.0,0.0025291312
208,241,0.0,0.0025496949
208,242,0.0,0.0027600573
208,243,0.15003149100628,0.0024537537
208,244,0.0,0.0022761617
208,245,0.0,0.0027776388
208,246,0.0,0.0027746242
208,247,0.0,0.0017424552
208,248,0.0,0.0023613032
208,249,0.0,0.001817008
208,250,0.0,0.0021483214
208,251,-0.155241714994992,0.002458312
208,252,0.0,0.0035631023
208,253,0.0,0.0014678412
208,254,0.152002993286327,0.0025101295
208,255,0.0,0.0026279562
208,256,0.0,0.0033192118
208,257,0.0,0.0027470123
208,258,0.0,0.0034924499
208,259,0.0,0.0025575296
208,260,0.0,0.0032123867
208,261,0.0,0.0025682761
208,262,0.0,0.0027704188
208,263,0.0,0.0034298324
208,264,0.0,0.0016424302
208,265,-0.157672917306614,0.00155188
208,266,0.0,0.0026029488
208,267,0.155967325941509,0.0026643407
208,268,0.0,0.0021885145
209,1,0.146070315328392,0.0033079102
209,2,-0.149682916204942,0.002578699
209,3,0.0,0.0023816032
209,4,0.0,0.0036268695
209,5,0.0,0.0023072907
209,6,0.0,0.0025475314
209,7,0.0,0.0016210433
209,8,0.0,0.0024212664
209,9,0.0,0.0025760047
209,10,0.0,0.002804142
209,11,0.0,0.0024983655
209,12,0.0,0.0032477546
209,13,0.0,0.0024289372
209,14,0.0,0.0027911803
209,15,0.0,0.0036301785
209,16,0.0,0.0024887738
209,17,0.0,0.0027751299
209,18,0.0,0.0017715418
209,19,0.0,0.0028261258
209,20,0.0,0.0025960295
209,21,0.0,0.0024028514
209,22,0.0,0.002374332
209,23,0.0,0.0023727412
209,24,0.0,0.0027868138
209,25,0.0,0.0022975015
209,26,0.0,0.003116082
209,27,0.0,0.0028674612
209,28,0.0,0.0026797075
209,29,0.0,0.0023059049
209,30,0.149862446804893,0.002602039
209,31,0.0,0.0024794755
209,32,0.0,0.0025763419
209,33,0.0,0.0026136022
209,34,0.0,0.0027630948
209,35,0.0,0.0027681296
209,36,0.0,0.0015830724
209,37,0.0,0.003615473
209,38,0.0,0.0030314773
209,39,0.0,0.0025197584
209,40,0.0,0.0027184575
209,41,0.149305134649111,0.002435389
209,42,0.0,0.003474447
209,43,0.0,0.0024689683
209,44,0.0,0.002721808
209,45,0.0,0.001619678
209,46,0.0,0.0015033209
209,47,0.132896245797478,0.003199081
209,48,0.0,0.002723544
209,49,0.0,0.002366316
209,50,0.0,0.0027962197
209,51,0.0,0.0027288166
209,52,0.0,0.0025285068
209,53,0.0,0.0024229377
209,54,0.0,0.00254983
209,55,0.0,0.0028654537
209,56,0.0,0.0024554143
209,57,0.0,0.0030533322
209,58,0.0,0.0024010292
209,59,0.0,0.0026815203
209,60,0.0,0.0025720722
209,61,0.0,0.0028252555
209,62,0.0,0.0027130935
209,63,0.0,0.0034333859
209,64,0.0,0.002648333
209,65,0.0,0.0018055481
209,66,0.0,0.0035003237
209,67,0.0,0.002612867
209,68,-0.143902991703999,0.0026080692
209,69,0.0,0.0025968645
209,70,0.0,0.002365252
209,71,0.0,0.0014846767
209,72,0.0,0.0033107493
209,73,0.0,0.0025812015
209,74,0.142393385519828,0.002409893
209,75,0.0,0.0027901111
209,76,0.0,0.0035960362
209,77,0.146816336048434,0.0025126706
209,78,-0.135138797089107,0.0026857336
209,79,0.0,0.0027425722
209,80,0.0,0.0034018434
209,81,0.0,0.0035283458
209,82,0.0,0.0030686138
209,83,0.0,0.0025460212
209,84,0.0,0.0026573776
209,85,0.0,0.002995958
209,86,0.0,0.00240567
209,87,0.0,0.002774037
209,88,0.0,0.0023029703
209,89,0.0,0.002801463
209,90,0.0,0.0023636115
209,91,0.0,0.002350926
209,92,0.0,0.0023895986
209,93,0.0,0.0030261315
209,94,0.0,0.0025199484
209,95,0.0,0.003121025
209,96,0.0,0.0035860282
209,97,0.0,0.003104359
209,98,0.0,0.002383973
209,99,0.0,0.0026789447
209,100,0.0,0.0030567083
209,101,0.0,0.0024264473
209,102,0.0,0.0023585758
209,103,0.0,0.0025901217
209,104,0.0,0.002429889
209,105,0.0,0.0026560468
209,106,0.151948048353683,0.0030802698
209,107,0.0,0.0025902335
209,108,-0.153633943191182,0.003561508
209,109,0.0,0.00306371
209,110,0.0,0.0027090618
209,111,0.0,0.0035718349
209,112,0.0,0.0019502379
209,113,0.0,0.003132835
209,114,0.138956747833592,0.0019144318
209,115,0.136439358957115,0.0023123529
209,116,0.0,0.0024875877
209,117,0.0,0.0027121608
209,118,0.0,0.0031188992
209,119,0.0,0.003538974
209,120,0.0,0.0025022766
209,121,0.0,0.0025833617
209,122,0.0,0.0026848922
209,123,0.0,0.0016337554
209,124,0.0,0.0022053584
209,125,0.0,0.0019666008
209,126,0.0,0.002781392
209,127,0.0,0.003433372
209,128,0.0,0.0025140778
209,129,0.0,0.0026289863
209,130,0.0,0.002321681
209,131,0.0,0.0030551106
209,132,0.0,0.0036248048
209,133,0.0,0.0027802684
209,134,0.0,0.0025365185
209,135,0.0,0.002662839
209,136,0.0,0.0034242403
209,137,0.0,0.003582627
209,138,0.0,0.0030931598
209,139,0.0,0.0025627855
209,140,0.0,0.002335121
209,141,0.0,0.0024634372
209,142,0.0,0.0031769676
209,143,0.0,0.00298709
209,144,0.158012460334702,0.0025366456
209,145,0.0,0.002687103
209,146,0.0,0.0016250191
209,147,0.0,0.0024159607
209,148,0.0,0.0034160488
209,149,0.0,0.0028090607
209,150,0.137440733389663,0.0027873195
209,151,0.0,0.0029769405
209,152,0.0,0.0025524348
209,153,-0.153157176876796,0.001487412
209,154,-0.138650504099328,0.0035448805
209,155,0.0,0.002774159
209,156,0.0,0.0027442933
209,157,0.0,0.003284648
209,158,0.0,0.0027492102
209,159,0.0,0.003295186
209,160,0.0,0.0026418092
209,161,0.0,0.0025663725
209,162,0.0,0.0020193066
209,163,0.140491853684857,0.0023897192
209,164,0.0,0.0027664779
209,165,0.0,0.0023868158
209,166,0.0,0.002594234
209,167,0.0,0.00254262
209,168,0.137871273875611,0.002453648
209,169,0.0,0.0036045397
209,170,0.0,0.0022408515
209,171,0.0,0.001542422
209,172,0.0,0.0033925832
209,173,0.0,0.0014874274
209,174,0.0,0.0033704122
209,175,0.0,0.0024769926
209,176,0.0,0.0026015998
209,177,0.0,0.0034603532
209,178,0.0,0.00338024
209,179,0.0,0.0023122258
209,180,0.0,0.0027752388
209,181,0.0,0.0032686042
209,182,0.0,0.0023261774
209,183,0.0,0.002789041
209,184,0.0,0.0025017941
209,185,0.0,0.003456066
209,186,0.0,0.0025983043
209,187,0.0,0.002318109
209,188,0.0,0.0030287988
209,189,0.0,0.0024400512
209,190,0.0,0.002588809
209,191,0.0,0.0023594927
209,192,0.0,0.002778601
209,193,0.0,0.00232912
209,194,0.0,0.0028995294
209,195,0.0,0.0025724368
209,196,0.0,0.0033670869
209,197,0.136870709290031,0.0019603767
209,198,0.0,0.0022137784
209,199,0.0,0.003077412
209,200,0.0,0.0027826526
209,201,0.0,0.002454327
209,202,0.0,0.0027840403
209,203,0.0,0.002356226
209,204,0.0,0.002101636
209,205,0.0,0.003135921
209,206,0.0,0.0027977978
209,207,0.0,0.0035760975
209,208,0.0,0.003486548
209,209,0.0,0.030703487
209,210,0.0,0.0029884423
209,211,0.0,0.002602011
209,212,0.0,0.0023646294
209,213,0.0,0.0027327086
209,214,0.0,0.0019880063
209,215,0.0,0.002525236
209,216,0.0,0.002523989
209,217,0.0,0.0025546285
209,218,0.0,0.002607414
209,219,0.0,0.0027686702
209,220,0.0,0.002556628
209,221,-0.176828374360947,0.0031788046
209,222,0.0,0.0031283791
209,223,0.0,0.00362241
209,224,0.0,0.0028336002
209,225,0.0,0.002720321
209,226,0.0,0.0015065307
209,227,0.0,0.0025759214
209,228,0.0,0.0024068165
209,229,0.162134602750422,0.0034274072
209,230,0.149177944775676,0.0017226655
209,231,0.0,0.00229226
209,232,0.0,0.002783034
209,233,0.0,0.002553877
209,234,0.0,0.0025427663
209,235,0.0,0.002482554
209,236,0.0,0.002710157
209,237,0.0,0.0023641759
209,238,0.141839692985632,0.0014806171
209,239,0.0,0.0027786614
209,240,0.0,0.0027827774
209,241,0.0,0.0026698788
209,242,0.0,0.0018564123
209,243,0.0,0.0015286775
209,244,0.0,0.0032695965
209,245,0.0,0.0035098796
209,246,-0.149221161280457,0.002730459
209,247,0.0,0.002562608
209,248,0.0,0.002361971
209,249,0.0,0.00276878
209,250,0.0,0.0023311465
209,251,0.0,0.0027381573
209,252,0.0,0.0023813052
209,253,0.0,0.003056095
209,254,0.0,0.0025362144
209,255,0.0,0.0029945727
209,256,0.145228945738102,0.0024078637
209,257,0.0,0.003176665
209,258,0.0,0.0035178289
209,259,0.0,0.0028023096
209,260,0.0,0.0027353484
209,261,0.0,0.0035804058
209,262,0.0,0.0027239607
209,263,0.0,0.003632808
209,264,0.137795239156897,0.0026025781
209,265,0.0,0.002502507
209,266,-0.160605378476164,0.0027262373
209,267,0.0,0.001770692
209,268,0.0,0.0026558652
210,1,0.0,0.0024105324
210,2,0.0,0.0026216
210,3,0.0,0.002645081
210,4,0.0,0.002334165
210,5,0.0,0.0029287003
210,6,0.0,0.0033050696
210,7,0.0,0.003511176
210,8,0.0,0.0033097486
210,9,0.0,0.0027849302
210,10,0.0,0.002449249
210,11,0.0,0.0026789517
210,12,0.0,0.0016696006
210,13,0.0,0.0023679351
210,14,0.0,0.0027753906
210,15,0.0,0.0032318803
210,16,0.0,0.0026654312
210,17,0.153985980543487,0.0024351655
210,18,0.0,0.0022104434
210,19,0.0,0.0024276813
210,20,0.0,0.0025341255
210,21,0.0,0.0020701834
210,22,0.0,0.003397292
210,23,0.147607470768837,0.002406957
210,24,0.0,0.0025972468
210,25,0.0,0.0021638954
210,26,0.0,0.002391789
210,27,0.0,0.00225823
210,28,0.0,0.0034911335
210,29,0.0,0.0021760375
210,30,0.0,0.0027574347
210,31,0.0,0.0033659348
210,32,-0.143282326314827,0.002757066
210,33,0.0,0.0026012468
210,34,0.0,0.003185133
210,35,0.0,0.0029769405
210,36,0.0,0.0023285686
210,37,0.0,0.0025200187
210,38,0.0,0.0015334459
210,39,0.0,0.0032766024
210,40,0.0,0.0019195345
210,41,0.0,0.0034115207
210,42,0.0,0.0022198828
210,43,0.0,0.0027374518
210,44,-0.135888192510756,0.002550011
210,45,0.0,0.0015350734
210,46,0.0,0.0024696523
210,47,0.0,0.0026740865
210,48,0.0,0.0023959442
210,49,0.0,0.003617284
210,50,0.0,0.0023569064
210,51,0.0,0.0024926304
210,52,0.0,0.003337449
210,53,0.14149150843905,0.003408141
210,54,0.0,0.002357949
210,55,0.155300336053435,0.0035983357
210,56,0.0,0.0018158229
210,57,0.0,0.0027751941
210,58,0.0,0.00256067
210,59,0.0,0.0025501284
210,60,0.0,0.0026224516
210,61,0.0,0.0025524665
210,62,-0.144514293496903,0.002158008
210,63,0.0,0.0031147748
210,64,0.0,0.0021743458
210,65,0.0,0.0028955038
210,66,0.0,0.0030856556
210,67,0.0,0.0016231276
210,68,0.147508100626589,0.001780251
210,69,0.0,0.0019848887
210,70,0.150865702714462,0.0033350782
210,71,0.0,0.00238568
210,72,0.0,0.0023216442
210,73,0.0,0.0025851969
210,74,0.0,0.0024582967
210,75,0.0,0.003298135
210,76,0.0,0.0024665622
210,77,0.0,0.0029545613
210,78,0.0,0.0019292138
210,79,0.0,0.0015560975
210,80,0.0,0.0023418912
210,81,0.0,0.002528632
210,82,-0.147088611557893,0.0024043405
210,83,0.163002789656817,0.0026234444
210,84,0.0,0.0024396474
210,85,0.0,0.0023565008
210,86,0.0,0.0028950698
210,87,0.0,0.0026236498
210,88,0.0,0.002705072
210,89,0.0,0.002189355
210,90,0.153226119403429,0.003276832
210,91,0.0,0.0021227314
210,92,0.0,0.0025051264
210,93,0.0,0.0025905203
210,94,0.0,0.0019358248
210,95,0.0,0.002661618
210,96,0.0,0.0034150402
210,97,0.0,0.002717765
210,98,0.0,0.0026364992
210,99,0.0,0.003339944
210,100,0.0,0.0027636108
210,101,0.0,0.002050558
210,102,0.0,0.002680088
210,103,0.0,0.0026876857
210,104,0.0,0.0028309678
210,105,0.0,0.0029491219
210,106,0.0,0.002681695
210,107,0.0,0.0027056597
210,108,0.0,0.0015817862
210,109,0.0,0.0031227837
210,110,0.0,0.002370582
210,111,0.0,0.0024166196
210,112,0.0,0.0024428228
210,113,0.0,0.0028333282
210,114,0.0,0.0025368473
210,115,0.0,0.002638535
210,116,0.0,0.0022465177
210,117,0.0,0.0023755287
210,118,0.0,0.0025953315
210,119,0.0,0.0017296574
210,120,0.0,0.0036332975
210,121,0.0,0.0023736353
210,122,0.0,0.0031834329
210,123,0.145677922513801,0.0025856835
210,124,0.0,0.002673645
210,125,0.0,0.0022478686
210,126,0.0,0.0027430789
210,127,0.0,0.0026427833
210,128,0.0,0.0022124248
210,129,0.0,0.0025952621
210,130,0.0,0.0021464261
210,131,0.0,0.0034360127
210,132,0.0,0.0023018257
210,133,0.0,0.0025718804
210,134,0.0,0.0027322867
210,135,0.0,0.002586178
210,136,0.0,0.002699891
210,137,0.0,0.0027709766
210,138,0.0,0.0022227676
210,139,0.0,0.0022247778
210,140,0.0,0.0025118585
210,141,0.0,0.0021506646
210,142,0.0,0.002438371
210,143,0.152932899131382,0.003325093
210,144,0.0,0.0027730302
210,145,0.0,0.0015832512
210,146,0.0,0.0032040267
210,147,0.0,0.0021750056
210,148,0.0,0.0023972057
210,149,0.0,0.0027483539
210,150,0.0,0.0023848368
210,151,0.154296077327541,0.0025155195
210,152,0.0,0.003096675
210,153,0.0,0.0027950709
210,154,0.0,0.003604731
210,155,0.0,0.0015446809
210,156,-0.148245128787486,0.0025335564
210,157,0.154516996447877,0.002644923
210,158,0.0,0.0025987863
210,159,0.0,0.003587664
210,160,0.0,0.0023315619
210,161,0.0,0.0028506755
210,162,0.0,0.002427088
210,163,0.0,0.0031741736
210,164,0.0,0.0024996763
210,165,0.144085255305148,0.002758321
210,166,0.0,0.0023819008
210,167,0.0,0.0034286506
210,168,0.0,0.0029910877
210,169,0.0,0.0023425212
210,170,0.0,0.0017965236
210,171,0.0,0.002377782
210,172,0.0,0.0021894886
210,173,0.0,0.0017108168
210,174,0.0,0.0023414516
210,175,0.0,0.00195337
210,176,0.0,0.003598899
210,177,0.0,0.0016468256
210,178,-0.142824458087707,0.0028231372
210,179,0.0,0.0026568756
210,180,0.0,0.002652613
210,181,-0.149636396103249,0.00261075
210,182,0.0,0.0030687186
210,183,0.0,0.002409832
210,184,0.0,0.0024487642
210,185,0.0,0.0024368898
210,186,-0.136117143679385,0.0019981312
210,187,0.0,0.0021281554
210,188,0.0,0.0032721679
210,189,0.0,0.0027907495
210,190,0.0,0.0023573777
210,191,0.0,0.003243891
210,192,0.0,0.0023888126
210,193,0.0,0.0023947847
210,194,0.0,0.0024294606
210,195,0.0,0.0018066666
210,196,0.0,0.0027884054
210,197,0.0,0.0025010356
210,198,0.0,0.0025429553
210,199,0.0,0.002660954
210,200,0.0,0.0028102384
210,201,0.0,0.0035733702
210,202,0.0,0.0036270595
210,203,0.0,0.0023764553
210,204,0.0,0.0025769952
210,205,0.0,0.0024787225
210,206,0.0,0.0022234567
210,207,0.0,0.0024062186
210,208,-0.142747526266249,0.0027006678
210,209,-0.141859287354081,0.0029884423
210,210,0.0,0.030703487
210,211,0.0,0.0033691726
210,212,-0.149794797711342,0.002508738
210,213,0.0,0.0026141936
210,214,0.0,0.0035517593
210,215,0.0,0.003065263
210,216,0.0,0.0032375008
210,217,0.0,0.0027099862
210,218,0.0,0.0027539423
210,219,0.0,0.0025473875
210,220,0.0,0.0026748148
210,221,0.0,0.0021171756
210,222,0.0,0.002656729
210,223,0.0,0.0030978578
210,224,0.0,0.0034973198
210,225,0.0,0.0035962914
210,226,0.0,0.0023212954
210,227,0.0,0.001552138
210,228,0.0,0.00255865
210,229,0.0,0.0023391708
210,230,0.0,0.0014816225
210,231,0.0,0.0016002292
210,232,0.0,0.00261496
210,233,0.0,0.003169971
210,234,0.0,0.002614329
210,235,0.0,0.0034272317
210,236,0.0,0.0026130108
210,237,0.0,0.0023637079
210,238,0.0,0.0019845227
210,239,0.155564059398871,0.0026102443
210,240,0.0,0.0017049359
210,241,0.0,0.0035584276
210,242,0.0,0.0024446924
210,243,0.0,0.0027545025
210,244,0.0,0.0025491007
210,245,0.0,0.0027758395
210,246,0.0,0.0026113554
210,247,0.0,0.0034302757
210,248,0.0,0.00242079
210,249,0.0,0.0032316647
210,250,0.0,0.0015670019
210,251,0.0,0.0020207767
210,252,0.0,0.0025310623
210,253,0.0,0.002456502
210,254,0.0,0.002480926
210,255,0.0,0.0024695387
210,256,0.0,0.0017686379
210,257,0.0,0.0026738867
210,258,0.0,0.002291495
210,259,0.0,0.0034124092
210,260,0.0,0.0024639755
210,261,0.0,0.0016076397
210,262,0.0,0.0030561988
210,263,0.0,0.0034307404
210,264,0.0,0.0023395037
210,265,0.0,0.0027035116
210,266,0.0,0.0025056647
210,267,0.0,0.0035387338
210,268,0.0,0.0024814364
211,1,0.0,0.0026078057
211,2,0.0,0.003610517
211,3,0.0,0.0022205398
211,4,-0.157563960039409,0.0022719325
211,5,0.0,0.0028494787
211,6,0.0,0.0036183712
211,7,0.0,0.002068244
211,8,0.0,0.002373179
211,9,0.0,0.0035556713
211,10,0.0,0.002146211
211,11,0.0,0.002768776
211,12,0.0,0.0020316443
211,13,0.0,0.0023384388
211,14,0.0,0.0023357766
211,15,0.150692311232081,0.0015290128
211,16,0.0,0.0022282763
211,17,0.0,0.0036167423
211,18,0.0,0.0021986421
211,19,0.0,0.0029539634
211,20,0.0,0.0017846022
211,21,0.0,0.0025885766
211,22,0.0,0.0021162336
211,23,0.0,0.0027881232
211,24,0.0,0.0025576167
211,25,0.0,0.0034345668
211,26,0.0,0.0023923856
211,27,0.0,0.0022613183
211,28,0.0,0.0015435764
211,29,0.0,0.0024285712
211,30,0.0,0.0018354384
211,31,0.0,0.0026803226
211,32,0.0,0.002672656
211,33,0.0,0.0020996984
211,34,0.0,0.0026191515
211,35,0.0,0.0025569238
211,36,0.165872727396651,0.0022284696
211,37,0.0,0.002430942
211,38,0.0,0.0026092883
211,39,0.0,0.002473271
211,40,0.0,0.0023909765
211,41,0.0,0.0025154133
211,42,0.0,0.002492263
211,43,0.0,0.0026193755
211,44,0.0,0.0031329421
211,45,0.0,0.003402811
211,46,0.0,0.0033775251
211,47,-0.141678219964709,0.0023758537
211,48,0.0,0.0025465414
211,49,0.0,0.0035896688
211,50,0.0,0.0027389536
211,51,0.0,0.0025393893
211,52,0.0,0.0026700585
211,53,0.0,0.0026836232
211,54,0.0,0.0023767585
211,55,0.16151643735033,0.0014981385
211,56,-0.150245989990805,0.0017908188
211,57,0.0,0.0034170588
211,58,0.0,0.0030175317
211,59,0.0,0.0026467042
211,60,0.0,0.002764986
211,61,0.0,0.0016489327
211,62,0.0,0.0031877025
211,63,-0.153762331141293,0.0018657804
211,64,0.0,0.0030456549
211,65,0.0,0.0019564833
211,66,0.0,0.002681702
211,67,0.0,0.0023420136
211,68,0.0,0.0015644338
211,69,0.159679883716905,0.0022524218
211,70,0.0,0.0026417975
211,71,0.0,0.0035689236
211,72,0.0,0.0035744677
211,73,0.0,0.0024437858
211,74,0.151802944275349,0.0036256784
211,75,0.0,0.001756004
211,76,0.0,0.0022588428
211,77,0.0,0.0026461114
211,78,0.0,0.0021061264
211,79,0.171660616957105,0.002245712
211,80,0.0,0.002602199
211,81,0.0,0.002346626
211,82,0.0,0.0024164314
211,83,0.0,0.0031089564
211,84,0.0,0.002225378
211,85,0.0,0.0016240003
211,86,0.0,0.0026035723
211,87,0.0,0.002327803
211,88,0.0,0.0028435881
211,89,0.0,0.0020991387
211,90,0.0,0.0026210807
211,91,0.0,0.003366949
211,92,0.0,0.0028421902
211,93,0.0,0.0024426272
211,94,0.0,0.0024680095
211,95,0.0,0.0027770214
211,96,0.0,0.0030519934
211,97,-0.157052721347508,0.0024069333
211,98,0.0,0.0017630858
211,99,-0.155335616199324,0.0026484067
211,100,0.0,0.0024675685
211,101,0.0,0.0027867989
211,102,0.0,0.0025627022
211,103,0.0,0.0033098157
211,104,0.0,0.0035894094
211,105,0.0,0.001728172
211,106,0.0,0.0032746918
211,107,0.0,0.00197748
211,108,0.0,0.0021783672
211,109,0.0,0.002060037
211,110,0.0,0.0033568884
211,111,0.165855988886434,0.0016622664
211,112,0.164131358867616,0.0020155595
211,113,0.0,0.0023784302
211,114,0.0,0.0018444331
211,115,0.0,0.0018202676
211,116,0.0,0.0022903197
211,117,0.0,0.002595019
211,118,0.0,0.002664294
211,119,0.0,0.0023869365
211,120,0.0,0.0027860831
211,121,0.0,0.0031410796
211,122,0.0,0.0036216443
211,123,0.0,0.0024027075
211,124,0.0,0.002287474
211,125,0.0,0.003306835
211,126,0.0,0.0019425848
211,127,0.0,0.0021639876
211,128,0.0,0.0027219444
211,129,0.0,0.0026564198
211,130,0.0,0.0025065849
211,131,0.0,0.002768796
211,132,0.0,0.0024841572
211,133,0.0,0.0019930033
211,134,0.0,0.002541028
211,135,0.0,0.0031294296
211,136,0.0,0.0028527593
211,137,0.0,0.0025637452
211,138,0.0,0.003511413
211,139,0.0,0.0017976328
211,140,0.0,0.0025225743
211,141,0.0,0.0018025758
211,142,0.0,0.0025709565
211,143,0.0,0.0035091117
211,144,0.0,0.00239053
211,145,0.0,0.0036318586
211,146,0.0,0.0026500681
211,147,0.0,0.0024629505
211,148,0.0,0.0033949534
211,149,0.0,0.0022285976
211,150,0.0,0.0025890865
211,151,0.160471981841048,0.0026253709
211,152,0.0,0.002551876
211,153,0.0,0.0019130898
211,154,0.0,0.0017524553
211,155,0.0,0.0026910454
211,156,0.0,0.0032500746
211,157,0.0,0.0020491583
211,158,0.0,0.0021380112
211,159,0.0,0.0027600816
211,160,0.0,0.0020425767
211,161,0.0,0.0024169995
211,162,0.152806371858619,0.0016312418
211,163,0.0,0.0027812854
211,164,0.0,0.0015834146
211,165,0.0,0.0024559265
211,166,0.0,0.0026360997
211,167,0.0,0.002429178
211,168,0.0,0.0024327822
211,169,0.0,0.002443253
211,170,0.0,0.0026978413
211,171,0.0,0.0036128364
211,172,0.0,0.0027111974
211,173,0.0,0.00239097
211,174,0.0,0.0022474537
211,175,0.0,0.0031010653
211,176,0.0,0.0031724242
211,177,0.0,0.002599449
211,178,0.0,0.002336693
211,179,0.0,0.0034067766
211,180,0.0,0.0023830868
211,181,0.0,0.0025511817
211,182,0.0,0.0016218997
211,183,0.164527416199538,0.0020278413
211,184,0.0,0.0024599638
211,185,0.0,0.0036059967
211,186,0.0,0.00238918
211,187,0.0,0.0023459666
211,188,0.0,0.0030048476
211,189,0.0,0.0024391394
211,190,0.0,0.0024990928
211,191,0.0,0.0024985303
211,192,0.0,0.0018388415
211,193,0.164969543306252,0.0023633055
211,194,0.0,0.0027369764
211,195,0.0,0.0026093838
211,196,0.0,0.0035922057
211,197,0.0,0.0027220752
211,198,0.0,0.002018137
211,199,0.0,0.0027595586
211,200,0.0,0.0031993971
211,201,-0.148009119570371,0.0025779917
211,202,0.0,0.0031817444
211,203,0.0,0.0024860753
211,204,0.0,0.0027697366
211,205,0.0,0.0026206276
211,206,0.0,0.0023617079
211,207,0.0,0.0023752348
211,208,0.0,0.002629037
211,209,0.0,0.002602011
211,210,0.0,0.0033691726
211,211,0.0,0.030703487
211,212,0.0,0.0022951034
211,213,0.0,0.0031652036
211,214,0.0,0.0016559218
211,215,0.0,0.0023974017
211,216,0.0,0.0034356532
211,217,0.0,0.0027784044
211,218,0.151453587680591,0.0017279084
211,219,0.0,0.001999868
211,220,0.0,0.0018950715
211,221,0.0,0.0026449463
211,222,0.0,0.002626373
211,223,0.0,0.0017518862
211,224,0.0,0.0024960847
211,225,0.0,0.0026222668
211,226,0.0,0.0030195713
211,227,0.0,0.001855657
211,228,0.0,0.0026137559
211,229,0.161113064227025,0.0016971938
211,230,0.0,0.0035849782
211,231,0.0,0.0014854395
211,232,0.0,0.002421935
211,233,0.0,0.0024604243
211,234,0.140814406174068,0.0023208014
211,235,0.0,0.0035176165
211,236,0.0,0.002503092
211,237,0.0,0.0020353263
211,238,0.0,0.0024661105
211,239,0.0,0.0024240157
211,240,0.0,0.002398518
211,241,0.0,0.003183023
211,242,0.0,0.0028121602
211,243,0.0,0.0018185358
211,244,0.0,0.002688081
211,245,0.0,0.002278693
211,246,0.0,0.0025163633
211,247,-0.146834246452879,0.0026015667
211,248,0.0,0.0027790577
211,249,0.0,0.0031806976
211,250,0.0,0.002091065
211,251,0.0,0.0033118376
211,252,0.0,0.0015354119
211,253,0.0,0.0026103342
211,254,0.0,0.0023186142
211,255,0.0,0.0028773723
211,256,0.0,0.0022867029
211,257,0.0,0.00268059
211,258,0.0,0.0024413015
211,259,0.0,0.0025572754
211,260,0.0,0.002724857
211,261,0.0,0.0029889308
211,262,0.0,0.0024365094
211,263,0.137710345586112,0.002266386
211,264,0.0,0.0026718248
211,265,0.0,0.0026694424
211,266,0.159593474919521,0.0023367265
211,267,0.0,0.0027383831
211,268,0.0,0.002283053
212,1,0.0,0.0023996742
212,2,0.0,0.00255717
212,3,0.0,0.0024076626
212,4,0.153769226362325,0.003522004
212,5,0.0,0.0023735175
212,6,0.0,0.0026695402
212,7,0.0,0.0023104106
212,8,0.0,0.0024792948
212,9,0.0,0.0014931811
212,10,0.0,0.0016719163
212,11,0.0,0.0020656735
212,12,0.0,0.0026663463
212,13,0.141528461090149,0.0020935507
212,14,0.0,0.0034037759
212,15,-0.147063072742727,0.0016123438
212,16,0.0,0.00378137
212,17,0.0,0.0035813595
212,18,0.0,0.0016955142
212,19,0.0,0.0026737573
212,20,0.0,0.002347631
212,21,0.0,0.001761998
212,22,0.0,0.0025366112
212,23,-0.149818419719356,0.0016357917
212,24,0.0,0.0022427915
212,25,0.0,0.0036174483
212,26,0.0,0.002425755
212,27,0.0,0.0019802758
212,28,0.0,0.0027788593
212,29,0.0,0.0025707106
212,30,0.0,0.0014799815
212,31,0.0,0.003569792
212,32,0.0,0.001776556
212,33,0.0,0.0026990902
212,34,0.0,0.003107226
212,35,0.0,0.002764271
212,36,0.0,0.0019907416
212,37,0.0,0.0022999044
212,38,0.0,0.0028881095
212,39,0.0,0.0024375906
212,40,0.0,0.0023389831
212,41,-0.155337984032146,0.0016575726
212,42,0.0,0.0030408287
212,43,0.150410224979772,0.0029644207
212,44,0.0,0.0024822117
212,45,0.0,0.0024418263
212,46,0.0,0.0026491839
212,47,0.138266074747777,0.0017518615
212,48,0.0,0.0020360034
212,49,0.0,0.0019863173
212,50,0.0,0.0021657953
212,51,0.0,0.0021399828
212,52,0.0,0.0026427251
212,53,0.0,0.0014881236
212,54,0.0,0.0025024028
212,55,0.0,0.003066184
212,56,0.0,0.0017405795
212,57,0.0,0.0024340358
212,58,0.0,0.0020628911
212,59,0.0,0.0017419173
212,60,0.0,0.0023902948
212,61,-0.13823340768332,0.001974729
212,62,0.0,0.0027695945
212,63,0.0,0.0027784165
212,64,0.0,0.0019408362
212,65,0.0,0.0014793533
212,66,0.0,0.0025569773
212,67,0.0,0.0025504772
212,68,0.0,0.0021999585
212,69,0.0,0.001807793
212,70,0.0,0.0017890474
212,71,0.0,0.001689163
212,72,0.0,0.0018713698
212,73,0.0,0.002380035
212,74,0.0,0.0021485016
212,75,0.0,0.0026007085
212,76,0.0,0.0020373198
212,77,0.0,0.001768514
212,78,0.0,0.002448746
212,79,0.0,0.0021115337
212,80,0.0,0.0020618602
212,81,0.0,0.0027249553
212,82,0.0,0.0025357162
212,83,0.0,0.0021260055
212,84,0.0,0.0029672943
212,85,0.0,0.0020713797
212,86,0.0,0.0034780907
212,87,-0.160150446361704,0.001490233
212,88,0.152973138050128,0.0017937399
212,89,0.0,0.0034219525
212,90,0.0,0.0037074648
212,91,0.0,0.0015185936
212,92,0.0,0.001497936
212,93,0.0,0.0026815557
212,94,0.149631109613128,0.0016861628
212,95,0.0,0.001562533
212,96,0.0,0.0017153258
212,97,0.153270300223883,0.0022647935
212,98,0.0,0.0015341626
212,99,0.0,0.0031239623
212,100,0.0,0.0018116995
212,101,0.0,0.0024330518
212,102,0.0,0.0017309948
212,103,0.0,0.0018512118
212,104,0.0,0.0029928186
212,105,0.0,0.0014919881
212,106,0.0,0.0025533843
212,107,0.0,0.0025150971
212,108,-0.159841703169246,0.0021819202
212,109,0.0,0.0022590812
212,110,0.0,0.0014733691
212,111,0.0,0.0031902106
212,112,0.0,0.0019161701
212,113,0.0,0.0026405626
212,114,0.144571458489101,0.0014630905
212,115,0.0,0.002149398
212,116,0.0,0.0025976454
212,117,0.0,0.0018203966
212,118,0.0,0.0025315513
212,119,0.0,0.0034749657
212,120,0.0,0.002783975
212,121,0.0,0.0014871345
212,122,0.0,0.0023639463
212,123,0.0,0.0024498603
212,124,0.0,0.0014906679
212,125,0.0,0.0032023205
212,126,0.0,0.0024427613
212,127,0.0,0.0020316816
212,128,0.0,0.001991054
212,129,0.0,0.003556333
212,130,0.0,0.002017398
212,131,0.0,0.0018578824
212,132,0.0,0.0025115013
212,133,-0.151334395560025,0.002385891
212,134,0.0,0.0016256897
212,135,0.0,0.0014941618
212,136,0.0,0.0027667885
212,137,0.0,0.002777698
212,138,0.0,0.0025502066
212,139,0.0,0.0014817864
212,140,0.0,0.002455276
212,141,0.0,0.0016817208
212,142,0.0,0.0014931378
212,143,0.0,0.0014863131
212,144,0.0,0.0014577741
212,145,0.0,0.0024708281
212,146,0.0,0.0032710899
212,147,0.153111097785825,0.0023742844
212,148,0.0,0.002236193
212,149,0.0,0.0032469546
212,150,0.0,0.001826135
212,151,0.0,0.0018748324
212,152,-0.149453569378286,0.0024364316
212,153,0.0,0.002590484
212,154,0.0,0.0017409921
212,155,0.0,0.002158509
212,156,0.0,0.002099588
212,157,0.0,0.0016247891
212,158,0.0,0.0021642717
212,159,0.0,0.0022083344
212,160,0.0,0.0017524543
212,161,0.0,0.0022317488
212,162,0.0,0.002097696
212,163,0.0,0.0022951718
212,164,0.0,0.0015311823
212,165,0.0,0.0023133596
212,166,0.0,0.0030582044
212,167,0.0,0.0031585982
212,168,0.0,0.0014929576
212,169,0.0,0.0026365551
212,170,0.0,0.002397289
212,171,0.0,0.001788591
212,172,0.160113110499842,0.0020268955
212,173,0.0,0.002519092
212,174,0.0,0.0019836286
212,175,0.0,0.002473846
212,176,0.0,0.0015463112
212,177,0.0,0.0025516078
212,178,0.0,0.0017059734
212,179,0.0,0.002128113
212,180,0.0,0.0035959803
212,181,0.0,0.003499709
212,182,0.0,0.0027696243
212,183,0.0,0.0016128705
212,184,0.0,0.0023424258
212,185,0.0,0.0016280273
212,186,0.0,0.0014941907
212,187,0.0,0.0023109904
212,188,0.0,0.0035442915
212,189,0.0,0.0017207465
212,190,0.0,0.0017405143
212,191,0.0,0.0027775508
212,192,0.0,0.00174654
212,193,0.0,0.0014995439
212,194,0.0,0.0026010983
212,195,0.0,0.0015120655
212,196,0.0,0.0024362397
212,197,0.0,0.0017588921
212,198,0.0,0.002576903
212,199,0.0,0.0016838149
212,200,0.0,0.0024953303
212,201,0.0,0.0031792065
212,202,0.0,0.003416149
212,203,0.0,0.0032090615
212,204,0.0,0.0016847295
212,205,0.0,0.0025514094
212,206,0.0,0.003123877
212,207,0.165067255479491,0.0027441937
212,208,0.0,0.0027853902
212,209,0.14398413673239,0.0023646294
212,210,0.0,0.002508738
212,211,0.0,0.0022951034
212,212,0.0,0.030703487
212,213,0.152852447440741,0.0035424116
212,214,0.0,0.0015178905
212,215,0.0,0.0014695278
212,216,0.0,0.0021340144
212,217,0.0,0.001778191
212,218,0.0,0.0027741357
212,219,0.0,0.0021763607
212,220,0.0,0.0023745308
212,221,-0.175713754876615,0.0021883207
212,222,0.0,0.00261357
212,223,0.0,0.0014595976
212,224,0.0,0.001995069
212,225,0.0,0.0015273802
212,226,0.1395756812532,0.0023634327
212,227,-0.146437431268724,0.002371749
212,228,0.0,0.0034726365
212,229,0.161112603945292,0.0024267659
212,230,0.0,0.0030113952
212,231,0.0,0.0033792304
212,232,0.0,0.0027581523
212,233,0.0,0.0024823104
212,234,0.0,0.002783441
212,235,-0.138100216022241,0.0026698094
212,236,0.0,0.0014868476
212,237,0.0,0.0026217601
212,238,0.0,0.0023612631
212,239,0.0,0.0016973075
212,240,0.0,0.0027393182
212,241,0.0,0.0021036803
212,242,0.0,0.0020656283
212,243,0.0,0.0034181438
212,244,0.0,0.0025901152
212,245,0.0,0.0017424375
212,246,0.0,0.0025953986
212,247,0.0,0.0035723723
212,248,0.0,0.0028015887
212,249,0.0,0.0032429355
212,250,0.0,0.0014751973
212,251,0.0,0.0014940207
212,252,0.0,0.0015544621
212,253,0.0,0.002328271
212,254,0.0,0.0022954354
212,255,0.0,0.0023800842
212,256,0.0,0.002386544
212,257,0.0,0.003180618
212,258,0.0,0.002191769
212,259,0.0,0.0024634884
212,260,0.0,0.0027782214
212,261,0.0,0.003124467
212,262,0.0,0.0015972056
212,263,0.0,0.0027207206
212,264,0.0,0.0017843703
212,265,0.0,0.0030110325
212,266,0.0,0.0018251245
212,267,0.0,0.002059301
212,268,0.0,0.003048927
213,1,0.0,0.0025152536
213,2,0.0,0.0030301302
213,3,0.156523718349653,0.002533752
213,4,0.0,0.0027257944
213,5,0.0,0.0023992918
213,6,0.0,0.002581087
213,7,0.0,0.0019683288
213,8,0.0,0.0031672358
213,9,-0.144836594157931,0.0026196954
213,10,0.0,0.002903237
213,11,0.15588909345156,0.002698664
213,12,0.0,0.0023810575
213,13,0.0,0.0023295446
213,14,-0.140850940298834,0.0024514408
213,15,0.0,0.0026983698
213,16,0.138710355819735,0.0015289071
213,17,0.0,0.0035466393
213,18,0.151153875157057,0.0016166735
213,19,0.0,0.0026021143
213,20,0.0,0.0017893342
213,21,-0.149969513383817,0.003376599
213,22,0.0,0.0021515451
213,23,0.0,0.0025506136
213,24,0.0,0.0027768267
213,25,0.0,0.0016869614
213,26,0.0,0.003272797
213,27,0.0,0.0023743524
213,28,0.0,0.0034388606
213,29,0.0,0.0015525571
213,30,-0.155666979214482,0.0025380566
213,31,0.0,0.00281783
213,32,0.0,0.0028356859
213,33,0.0,0.0025291885
213,34,0.0,0.0017206185
213,35,0.0,0.00230981
213,36,0.0,0.0027021533
213,37,0.0,0.002150542
213,38,0.0,0.00272654
213,39,0.0,0.0029531582
213,40,0.0,0.0023267297
213,41,0.0,0.0017715883
213,42,0.142691040629845,0.0026188819
213,43,0.0,0.0023854473
213,44,0.0,0.0015205955
213,45,0.0,0.0025068405
213,46,0.0,0.003105496
213,47,0.0,0.0027140942
213,48,0.0,0.0025101602
213,49,0.0,0.002763208
213,50,0.0,0.0035060085
213,51,0.0,0.0014920561
213,52,0.0,0.003103218
213,53,0.0,0.0024805674
213,54,0.0,0.0026058066
213,55,0.0,0.0023425822
213,56,0.0,0.0025640223
213,57,-0.151493506469065,0.0025773128
213,58,0.0,0.002379978
213,59,0.0,0.0017796895
213,60,0.0,0.0021594344
213,61,0.13801102199268,0.0027254191
213,62,0.0,0.0019199583
213,63,0.0,0.0026922026
213,64,0.0,0.0023347065
213,65,0.0,0.003505285
213,66,0.144234179104741,0.002234594
213,67,0.0,0.0016979175
213,68,0.0,0.0030528163
213,69,0.0,0.0027744165
213,70,0.0,0.0023140316
213,71,0.0,0.003625664
213,72,0.0,0.002316509
213,73,0.0,0.002096787
213,74,0.0,0.0029656482
213,75,0.0,0.0022050766
213,76,0.0,0.002489943
213,77,0.152502885274203,0.0024522804
213,78,0.0,0.0034540417
213,79,0.0,0.0021963296
213,80,0.0,0.0017145658
213,81,0.0,0.0025495198
213,82,0.0,0.0023690443
213,83,0.0,0.0024178014
213,84,0.0,0.0018405197
213,85,0.0,0.0024346123
213,86,0.0,0.002332232
213,87,0.0,0.0036118962
213,88,0.0,0.0019696103
213,89,0.0,0.0021762569
213,90,0.0,0.0027654748
213,91,0.0,0.0024725576
213,92,0.0,0.002358364
213,93,0.0,0.002441708
213,94,0.0,0.0027192798
213,95,0.0,0.0035853768
213,96,0.0,0.0023701428
213,97,0.0,0.0030349623
213,98,0.0,0.002630948
213,99,0.0,0.0029038382
213,100,0.0,0.0032351739
213,101,0.0,0.0018269471
213,102,0.0,0.002000067
213,103,0.0,0.0021695886
213,104,0.0,0.0035864967
213,105,0.0,0.0033454793
213,106,0.0,0.0017785975
213,107,-0.147400557559362,0.0020963405
213,108,0.0,0.0032228646
213,109,0.0,0.0018936852
213,110,0.0,0.002819511
213,111,0.0,0.0024293284
213,112,0.0,0.0021425579
213,113,0.0,0.0025455737
213,114,0.0,0.0015929462
213,115,0.0,0.002408157
213,116,0.0,0.0022930643
213,117,0.0,0.0026133168
213,118,0.0,0.0028289082
213,119,0.0,0.002027308
213,120,0.0,0.0023115994
213,121,0.0,0.0021180166
213,122,0.0,0.00348977
213,123,0.0,0.0033377823
213,124,0.0,0.0027826675
213,125,0.0,0.003151697
213,126,0.0,0.0020302748
213,127,0.0,0.0018755281
213,128,0.0,0.002464625
213,129,0.0,0.0027558352
213,130,0.0,0.0023142942
213,131,0.0,0.0023727324
213,132,0.0,0.0021190946
213,133,0.0,0.0027707885
213,134,0.144480292688592,0.0025524916
213,135,-0.15429330319702,0.0025917254
213,136,0.0,0.003497962
213,137,0.0,0.0025384594
213,138,0.0,0.0024676216
213,139,0.0,0.00306592
213,140,0.0,0.0016861642
213,141,0.0,0.002869844
213,142,0.0,0.0026571476
213,143,0.0,0.0027053114
213,144,0.0,0.0028645042
213,145,0.0,0.0030984473
213,146,-0.146787983883798,0.0019596294
213,147,0.0,0.0026276899
213,148,0.0,0.002452786
213,149,0.0,0.0025447481
213,150,-0.142764143012065,0.0020885183
213,151,0.156355267138147,0.0024684235
213,152,0.0,0.0022130795
213,153,0.0,0.0031730798
213,154,0.0,0.0031913016
213,155,0.0,0.0036172597
213,156,0.0,0.0032448354
213,157,0.0,0.0017537619
213,158,0.0,0.0032015932
213,159,0.0,0.0030029905
213,160,0.0,0.002797185
213,161,0.0,0.002231168
213,162,0.0,0.0024961815
213,163,0.0,0.0024437276
213,164,0.0,0.0035545384
213,165,0.0,0.00266608
213,166,0.0,0.0020398893
213,167,0.0,0.002550915
213,168,0.0,0.0027556848
213,169,0.0,0.0024874038
213,170,0.0,0.0025859629
213,171,0.0,0.0029301825
213,172,0.0,0.0025243326
213,173,0.0,0.0026854137
213,174,0.0,0.0036308393
213,175,0.0,0.0025417944
213,176,0.0,0.0020800969
213,177,-0.159279021544741,0.0023736018
213,178,0.0,0.0026818626
213,179,0.0,0.0025278581
213,180,0.0,0.0019062273
213,181,0.0,0.0028079497
213,182,0.0,0.0016265521
213,183,0.0,0.0014950144
213,184,0.0,0.0019395724
213,185,0.0,0.002057687
213,186,0.0,0.0033189445
213,187,0.0,0.0035076793
213,188,-0.14344466488361,0.0027707643
213,189,0.0,0.0019803941
213,190,0.0,0.002948156
213,191,0.0,0.0036279894
213,192,0.0,0.0018301206
213,193,0.0,0.0026208656
213,194,0.0,0.0025875783
213,195,0.0,0.0023905728
213,196,0.0,0.0024329089
213,197,0.0,0.0036143456
213,198,0.0,0.0021449374
213,199,0.0,0.0033406848
213,200,0.0,0.002697641
213,201,0.0,0.0020912802
213,202,0.0,0.002171373
213,203,0.0,0.0022792285
213,204,-0.146929940936268,0.002612181
213,205,0.0,0.0024234536
213,206,0.0,0.0023875944
213,207,0.0,0.0015555373
213,208,0.0,0.0027695382
213,209,0.0,0.0027327086
213,210,0.0,0.0026141936
213,211,0.0,0.0031652036
213,212,0.0,0.0035424116
213,213,0.41470751632005,0.030703487
213,214,0.0,0.0021898174
213,215,-0.150815855855167,0.002639675
213,216,0.0,0.0029087057
213,217,0.0,0.0022630878
213,218,0.162779883196237,0.0017282129
213,219,0.168304705592954,0.0020408682
213,220,0.0,0.0025184997
213,221,0.0,0.0023766318
213,222,0.0,0.0024905745
213,223,0.0,0.0024110912
213,224,0.0,0.0026893076
213,225,0.0,0.0021200306
213,226,0.0,0.0024136282
213,227,0.0,0.002255464
213,228,0.0,0.0025608242
213,229,0.0,0.0017395355
213,230,0.0,0.002240697
213,231,0.0,0.002430662
213,232,0.0,0.0026345449
213,233,0.0,0.0024653012
213,234,0.0,0.0028082305
213,235,0.0,0.0023132237
213,236,0.0,0.0017535556
213,237,0.0,0.0015305723
213,238,0.0,0.0031392314
213,239,0.0,0.0024624858
213,240,0.15563701171936,0.0023519509
213,241,0.0,0.0033671246
213,242,0.0,0.0014931001
213,243,0.0,0.0028260509
213,244,0.0,0.0017800014
213,245,0.0,0.0023423503
213,246,0.0,0.0028781001
213,247,0.0,0.002324311
213,248,0.0,0.0014800904
213,249,0.0,0.0014909124
213,250,0.0,0.0024281344
213,251,0.0,0.0025783223
213,252,0.0,0.0021721027
213,253,0.0,0.0030404273
213,254,0.0,0.0023461804
213,255,0.0,0.0025477516
213,256,0.0,0.0014924738
213,257,0.0,0.0025802548
213,258,0.153801090647667,0.0022289152
213,259,0.0,0.0023880168
213,260,0.0,0.0031807474
213,261,0.0,0.0035228138
213,262,0.0,0.0029271198
213,263,0.0,0.0024951654
213,264,0.0,0.002611862
213,265,0.0,0.003181534
213,266,0.0,0.0020764982
213,267,0.0,0.0027441694
213,268,0.16362576404235,0.0014843512
214,1,-0.154018940548605,0.0026824302
214,2,0.0,0.0035603796
214,3,0.0,0.0020636031
214,4,0.0,0.0026611136
214,5,0.0,0.0025899196
214,6,0.0,0.002482539
214,7,-0.151594692032941,0.0014973348
214,8,0.0,0.0024695569
214,9,0.0,0.0024007112
214,10,0.0,0.00349689
214,11,0.0,0.0021962253
214,12,0.0,0.0023444155
214,13,0.0,0.0016840175
214,14,0.0,0.0016619572
214,15,0.0,0.0018781507
214,16,0.0,0.0022902903
214,17,0.0,0.0026141587
214,18,0.0,0.0021067532
214,19,0.0,0.002371184
214,20,0.0,0.0014870814
214,21,0.0,0.0017725956
214,22,0.0,0.0019612852
214,23,0.0,0.002739328
214,24,0.0,0.0018160772
214,25,0.0,0.0025383038
214,26,0.0,0.0027971338
214,27,0.0,0.0016036443
214,28,0.0,0.0036172746
214,29,0.0,0.0014940584
214,30,-0.158017426285551,0.0014971346
214,31,0.0,0.0025954084
214,32,0.0,0.0020348243
214,33,-0.140920431655266,0.0016930844
214,34,0.0,0.002151947
214,35,0.0,0.0017427411
214,36,0.0,0.0015773936
214,37,0.0,0.0014830227
214,38,0.0,0.003557125
214,39,0.0,0.0021501398
214,40,-0.152213142859517,0.003136849
214,41,0.0,0.0016447273
214,42,0.0,0.0024391967
214,43,0.0,0.0026785852
214,44,0.0,0.0030524395
214,45,0.0,0.002491638
214,46,0.146193096865895,0.0031520012
214,47,0.0,0.0022609364
214,48,0.0,0.0027654632
214,49,0.0,0.0034243837
214,50,0.0,0.0014857315
214,51,0.0,0.0014942824
214,52,0.0,0.0023339926
214,53,0.0,0.0023092716
214,54,0.0,0.0017021559
214,55,0.0,0.0018636538
214,56,0.0,0.0022641607
214,57,0.0,0.00232674
214,58,0.0,0.0021601385
214,59,0.0,0.0020432407
214,60,0.0,0.0025064265
214,61,0.0,0.0016155392
214,62,0.0,0.0023728888
214,63,0.0,0.0016952716
214,64,0.0,0.0021475428
214,65,0.186522763232732,0.002538897
214,66,0.0,0.002716613
214,67,0.0,0.00189244
214,68,0.0,0.0016546822
214,69,-0.157932675774375,0.0016402961
214,70,0.0,0.0034441114
214,71,0.0,0.0024430351
214,72,-0.14368228033143,0.0017003096
214,73,-0.160822024770025,0.0018755924
214,74,0.0,0.0026107351
214,75,0.0,0.004610246
214,76,0.0,0.0015666173
214,77,0.0,0.0014943327
214,78,0.0,0.0026145307
214,79,0.0,0.0017202348
214,80,0.0,0.0014626868
214,81,0.155238406192362,0.0024864897
214,82,0.0,0.0026140646
214,83,0.0,0.0020468319
214,84,0.0,0.0019302368
214,85,0.0,0.0020043147
214,86,0.0,0.0014887732
214,87,0.0,0.0022820067
214,88,0.0,0.00202769
214,89,0.0,0.001546734
214,90,0.0,0.002508793
214,91,0.0,0.0022663097
214,92,0.0,0.0022958037
214,93,0.0,0.0018488578
214,94,0.0,0.0020387713
214,95,0.0,0.0022499952
214,96,0.0,0.0021331292
214,97,0.0,0.002647847
214,98,0.0,0.001808465
214,99,0.0,0.0024843183
214,100,0.0,0.0016591004
214,101,0.0,0.0017504161
214,102,0.0,0.0024705604
214,103,0.0,0.0015737889
214,104,0.0,0.0024110526
214,105,0.0,0.0023524081
214,106,0.0,0.0017018314
214,107,0.0,0.0014639059
214,108,0.0,0.0016268608
214,109,0.0,0.0014931322
214,110,0.0,0.0017389474
214,111,0.0,0.0034964276
214,112,0.0,0.0014788816
214,113,0.0,0.0032646535
214,114,0.0,0.0038081994
214,115,0.0,0.0022443458
214,116,0.0,0.0027247798
214,117,0.0,0.003625601
214,118,-0.14797068394396,0.002581203
214,119,0.0,0.0014775367
214,120,0.0,0.0014916398
214,121,0.0,0.002966493
214,122,0.0,0.0032026288
214,123,0.0,0.0018192763
214,124,0.0,0.00173085
214,125,0.0,0.0020154621
214,126,0.0,0.0026994478
214,127,0.0,0.0019349046
214,128,0.0,0.0021512234
214,129,0.0,0.002368235
214,130,-0.152291427549563,0.001564261
214,131,0.0,0.0024219127
214,132,0.0,0.002562676
214,133,0.0,0.0023097754
214,134,0.0,0.0029372005
214,135,0.156623008857237,0.0023149648
214,136,0.0,0.0023853877
214,137,0.0,0.0022596167
214,138,0.0,0.0027691568
214,139,-0.139189593006806,0.0024717888
214,140,0.0,0.0014875829
214,141,0.0,0.002499903
214,142,0.156751354334534,0.0014845533
214,143,0.0,0.0027151275
214,144,0.0,0.0025945408
214,145,0.0,0.0016236999
214,146,0.0,0.0017866776
214,147,0.0,0.0016166875
214,148,0.0,0.0015718313
214,149,0.0,0.0024244618
214,150,0.0,0.0027738279
214,151,0.0,0.0028901035
214,152,0.0,0.0025195898
214,153,0.0,0.0025220662
214,154,0.0,0.0028577093
214,155,-0.169787651634725,0.002981082
214,156,-0.152491820283508,0.0026685474
214,157,0.0,0.002436459
214,158,0.0,0.0021283748
214,159,0.0,0.0016083145
214,160,0.0,0.0017597065
214,161,0.0,0.0016862839
214,162,0.0,0.0015392308
214,163,0.0,0.002662668
214,164,0.0,0.0025804508
214,165,0.0,0.002275779
214,166,0.0,0.0024280464
214,167,0.0,0.0015430786
214,168,0.0,0.0019995077
214,169,0.0,0.0014990647
214,170,0.0,0.0015473897
214,171,0.153752051814171,0.0028723753
214,172,0.0,0.0035325838
214,173,0.0,0.0027754018
214,174,0.0,0.0014621457
214,175,0.0,0.0017667632
214,176,0.0,0.0015047323
214,177,0.0,0.0014719539
214,178,0.0,0.0029709633
214,179,0.0,0.0024886942
214,180,0.0,0.0028450638
214,181,0.0,0.0033120895
214,182,0.0,0.0014741486
214,183,0.0,0.0017212634
214,184,0.0,0.002352544
214,185,0.0,0.0026087258
214,186,0.0,0.0024672085
214,187,0.0,0.0026134606
214,188,0.0,0.0022861962
214,189,0.0,0.0014582076
214,190,0.0,0.0023144404
214,191,0.156702009274608,0.0024192268
214,192,0.0,0.0014680512
214,193,0.0,0.0014703781
214,194,0.0,0.0026619262
214,195,0.0,0.0030338443
214,196,0.0,0.0022395314
214,197,0.0,0.0018159556
214,198,0.0,0.001649566
214,199,0.0,0.0028945375
214,200,-0.149243485028262,0.0023855702
214,201,0.0,0.0014846404
214,202,0.0,0.003167036
214,203,0.0,0.0021521673
214,204,0.0,0.0015512235
214,205,0.0,0.0014942111
214,206,0.0,0.0029442902
214,207,0.0,0.0033540167
214,208,0.0,0.0026226547
214,209,0.0,0.0019880063
214,210,0.0,0.0035517593
214,211,0.0,0.0016559218
214,212,0.0,0.0015178905
214,213,0.0,0.0021898174
214,214,0.0,0.030703487
214,215,0.0,0.0036223358
214,216,0.0,0.0018137996
214,217,0.0,0.0021437993
214,218,0.0,0.0014585266
214,219,0.0,0.0017445344
214,220,0.0,0.0026152157
214,221,0.0,0.0025400287
214,222,0.0,0.002348546
214,223,0.0,0.0018841466
214,224,0.0,0.0035296031
214,225,0.0,0.001486674
214,226,0.0,0.0024824603
214,227,0.158140652671681,0.0016082395
214,228,0.0,0.0026846714
214,229,0.0,0.0014698585
214,230,0.0,0.0020352034
214,231,0.0,0.003539992
214,232,0.0,0.0033305464
214,233,0.0,0.001626471
214,234,0.0,0.002705412
214,235,0.0,0.0027907104
214,236,0.0,0.0042849835
214,237,0.0,0.0028886702
214,238,0.0,0.0017823623
214,239,0.0,0.0022235094
214,240,0.0,0.0026738713
214,241,0.0,0.0025640833
214,242,0.0,0.002874277
214,243,0.0,0.0014838576
214,244,0.0,0.0034408052
214,245,0.0,0.0025702673
214,246,0.0,0.001815198
214,247,0.0,0.0014870549
214,248,0.0,0.0020821062
214,249,0.0,0.0039933827
214,250,0.0,0.002575885
214,251,0.0,0.0018608486
214,252,0.161772116379885,0.0025360533
214,253,-0.152136515399649,0.0026062652
214,254,0.0,0.004247183
214,255,0.0,0.0024763583
214,256,-0.155846988462734,0.0024350248
214,257,0.0,0.0027221898
214,258,0.0,0.0016657892
214,259,0.0,0.0014919648
214,260,0.0,0.0024518133
214,261,0.0,0.0021838075
214,262,0.0,0.0016475078
214,263,0.0,0.0019563884
214,264,0.0,0.002833067
214,265,0.0,0.0030309623
214,266,0.0,0.002310526
214,267,0.0,0.0024203155
214,268,0.0,0.0020939386
215,1,0.0,0.0024469658
215,2,0.0,0.0017963229
215,3,0.0,0.0030950936
215,4,0.0,0.0027498715
215,5,0.0,0.002308486
215,6,0.0,0.0015302501
215,7,0.0,0.0028005159
215,8,0.0,0.0030912114
215,9,-0.143175355428458,0.0020092716
215,10,0.0,0.0026350054
215,11,0.0,0.0016112588
215,12,0.0,0.0024616579
215,13,0.0,0.0028311014
215,14,0.0,0.002470173
215,15,0.0,0.0017607706
215,16,0.0,0.0020313147
215,17,0.0,0.0027007689
215,18,0.0,0.0024675196
215,19,0.151406915676735,0.0031071557
215,20,0.140371432645998,0.0014840337
215,21,0.0,0.0022973232
215,22,0.0,0.0027491166
215,23,0.0,0.0029286533
215,24,0.0,0.0014784844
215,25,0.0,0.00245912
215,26,0.0,0.0027987733
215,27,0.0,0.0026309635
215,28,0.0,0.0017423658
215,29,0.0,0.003167627
215,30,0.0,0.0020124181
215,31,0.0,0.0024431064
215,32,0.0,0.0026794663
215,33,0.0,0.0023338231
215,34,0.0,0.002391676
215,35,0.0,0.002978329
215,36,0.0,0.002577724
215,37,0.0,0.0016062702
215,38,0.0,0.0028716167
215,39,0.0,0.004193818
215,40,0.0,0.0022686217
215,41,0.0,0.002710823
215,42,0.0,0.0023088926
215,43,0.0,0.0028317794
215,44,0.0,0.0028097755
215,45,0.0,0.0027420204
215,46,-0.142366676278637,0.0026256084
215,47,0.0,0.0022981395
215,48,0.0,0.0019170591
215,49,0.0,0.0021347543
215,50,0.0,0.0023846924
215,51,0.151400338155721,0.0023832321
215,52,0.0,0.0021297545
215,53,0.0,0.001571299
215,54,0.0,0.0026050922
215,55,0.0,0.0035110437
215,56,0.0,0.0034523932
215,57,0.0,0.0027575404
215,58,0.0,0.002134691
215,59,0.0,0.001663609
215,60,0.0,0.0022149924
215,61,0.13642807083202,0.0016762442
215,62,0.0,0.0016868394
215,63,0.0,0.0026145224
215,64,0.0,0.0014754636
215,65,0.0,0.0023855534
215,66,0.0,0.0023096618
215,67,0.0,0.0023325998
215,68,0.0,0.002489787
215,69,0.0,0.002611922
215,70,0.151125627408592,0.0014980161
215,71,0.0,0.0019032084
215,72,0.0,0.0026819538
215,73,0.0,0.0019785352
215,74,0.0,0.0029458953
215,75,0.0,0.0027692704
215,76,0.0,0.0030285604
215,77,0.0,0.0023080502
215,78,0.0,0.002335433
215,79,-0.165338477765535,0.002146334
215,80,0.0,0.0018410813
215,81,0.0,0.0021489155
215,82,0.0,0.0016370025
215,83,0.0,0.0031585204
215,84,0.0,0.00175795
215,85,0.0,0.0023332508
215,86,-0.143681099234172,0.0029179314
215,87,0.0,0.0017121346
215,88,0.0,0.0022630692
215,89,0.0,0.002613469
215,90,0.0,0.0016840943
215,91,0.0,0.0027726633
215,92,0.0,0.0016648695
215,93,0.0,0.0025539906
215,94,0.0,0.0021407977
215,95,0.0,0.0025808346
215,96,-0.15294925652568,0.0025911625
215,97,0.0,0.0027753706
215,98,0.0,0.0031119143
215,99,0.0,0.0016799248
215,100,0.0,0.0035003265
215,101,0.0,0.0025612568
215,102,0.146103014989569,0.001478632
215,103,0.0,0.0023593875
215,104,0.0,0.002786999
215,105,0.0,0.0023878198
215,106,0.0,0.0022333828
215,107,0.0,0.002777062
215,108,0.0,0.0027624303
215,109,0.155736327077895,0.0023652487
215,110,0.0,0.0027990928
215,111,0.0,0.0024326094
215,112,0.0,0.0036177197
215,113,0.0,0.0035730116
215,114,0.0,0.00227074
215,115,0.0,0.0023359717
215,116,0.0,0.0017408221
215,117,0.132545754933053,0.0014731083
215,118,0.0,0.002550853
215,119,0.0,0.0017952705
215,120,0.0,0.0027954648
215,121,0.0,0.0031265453
215,122,0.0,0.002467326
215,123,0.0,0.002536832
215,124,0.0,0.0027561323
215,125,0.0,0.0025907797
215,126,0.0,0.001848843
215,127,0.0,0.002657143
215,128,0.0,0.002077762
215,129,0.0,0.0025276043
215,130,-0.148305390820529,0.0024056346
215,131,0.0,0.0017227735
215,132,0.0,0.0033488572
215,133,0.0,0.0023671142
215,134,0.0,0.0014716117
215,135,0.0,0.0032783076
215,136,-0.138137317894409,0.0019136835
215,137,0.146895833271554,0.0030680038
215,138,0.0,0.0019655526
215,139,0.0,0.0026109344
215,140,-0.148633262261578,0.0014842055
215,141,0.164711185435198,0.0028384584
215,142,0.0,0.0016567358
215,143,0.0,0.002300675
215,144,0.0,0.0019127899
215,145,0.0,0.0021738107
215,146,0.0,0.0017117467
215,147,0.0,0.0025923038
215,148,-0.158561099789484,0.0024408656
215,149,0.0,0.002871971
215,150,0.0,0.002224932
215,151,0.0,0.0016050991
215,152,0.0,0.0014925068
215,153,0.0,0.00260235
215,154,0.0,0.0035495958
215,155,0.0,0.0030431258
215,156,0.0,0.0015369575
215,157,0.0,0.0014983462
215,158,0.0,0.0023008697
215,159,0.0,0.002340878
215,160,0.0,0.0015594219
215,161,0.0,0.0025910274
215,162,0.0,0.002022664
215,163,0.0,0.0021728328
215,164,0.0,0.0030923863
215,165,0.0,0.0026647616
215,166,0.0,0.0026149047
215,167,0.0,0.0028085904
215,168,0.0,0.0034060185
215,169,0.0,0.0016784542
215,170,0.0,0.0016283086
215,171,0.0,0.0022881846
215,172,0.0,0.0019438206
215,173,0.0,0.0025764364
215,174,0.0,0.0027674944
215,175,0.162892925397183,0.0015425673
215,176,0.0,0.0017201416
215,177,0.157452131863158,0.0021776073
215,178,0.0,0.0016394346
215,179,-0.151317979467041,0.0019705985
215,180,0.0,0.002429091
215,181,0.0,0.0026941001
215,182,0.0,0.0014707311
215,183,0.0,0.0024706149
215,184,0.0,0.003349117
215,185,0.154209253573486,0.0020866254
215,186,0.0,0.0014978852
215,187,0.0,0.0016574063
215,188,0.0,0.0036582015
215,189,0.0,0.0022224719
215,190,0.0,0.0027360735
215,191,0.0,0.0024046944
215,192,0.0,0.0019569485
215,193,0.0,0.002368297
215,194,0.0,0.0036307499
215,195,0.0,0.0021181996
215,196,0.0,0.003401874
215,197,0.0,0.002332096
215,198,0.0,0.0020593652
215,199,0.0,0.0026050783
215,200,0.0,0.0023612105
215,201,0.0,0.0023516025
215,202,0.0,0.0020239237
215,203,0.0,0.0026875543
215,204,0.0,0.0015583797
215,205,0.0,0.0027503492
215,206,-0.159741364824598,0.0015206262
215,207,0.0,0.0015223892
215,208,0.0,0.0025848262
215,209,0.0,0.002525236
215,210,0.0,0.003065263
215,211,0.0,0.0023974017
215,212,0.0,0.0014695278
215,213,0.0,0.002639675
215,214,0.0,0.0036223358
215,215,0.660625469405204,0.030703487
215,216,0.0,0.0016087135
215,217,0.0,0.0022734785
215,218,0.0,0.0022293492
215,219,0.0,0.0018816283
215,220,0.0,0.0024589049
215,221,0.0,0.0017302101
215,222,0.0,0.0026817261
215,223,0.0,0.0033516916
215,224,0.0,0.0015312675
215,225,0.0,0.0020163008
215,226,0.0,0.0034671607
215,227,0.0,0.0028994163
215,228,0.0,0.002421801
215,229,0.0,0.002357426
215,230,0.0,0.0022082208
215,231,0.0,0.0032748738
215,232,0.0,0.003069067
215,233,0.0,0.0022812816
215,234,0.0,0.003632607
215,235,0.0,0.0028163367
215,236,0.0,0.0023517273
215,237,0.0,0.0016939663
215,238,0.0,0.003119181
215,239,0.0,0.0030732434
215,240,-0.142877907739459,0.0026454674
215,241,0.0,0.002422059
215,242,0.0,0.0023922985
215,243,0.0,0.0024929908
215,244,0.0,0.0027285302
215,245,0.0,0.0035387091
215,246,0.0,0.0017416426
215,247,0.0,0.0021571089
215,248,0.0,0.0024678283
215,249,0.0,0.0017249938
215,250,0.0,0.0016612317
215,251,0.0,0.0025953003
215,252,0.147804224955039,0.0027823518
215,253,0.0,0.0014949581
215,254,0.0,0.0026973397
215,255,0.0,0.0027812342
215,256,0.0,0.0025413372
215,257,-0.130557002902035,0.0020460635
215,258,0.0,0.001929875
215,259,0.0,0.0030674972
215,260,0.0,0.0021425774
215,261,0.0,0.0023060506
215,262,0.0,0.0020861533
215,263,0.0,0.0018029478
215,264,0.0,0.0017526401
215,265,0.0,0.0015343488
215,266,0.0,0.0014904868
215,267,0.0,0.0016157809
215,268,0.0,0.0026454898
216,1,0.0,0.0027848417
216,2,0.0,0.0016992595
216,3,0.0,0.0029721241
216,4,0.0,0.002786545
216,5,0.0,0.0030191094
216,6,0.0,0.0025235848
216,7,0.0,0.0027677012
216,8,0.0,0.00161757
216,9,0.0,0.0034723217
216,10,0.0,0.0035314155
216,11,0.0,0.002646172
216,12,0.0,0.0030233948
216,13,0.0,0.0026423177
216,14,0.0,0.0020857234
216,15,0.0,0.0026011579
216,16,0.0,0.0024941908
216,17,-0.155489245015087,0.0024935296
216,18,-0.150619370071976,0.002257707
216,19,0.0,0.0024422305
216,20,0.0,0.0028321352
216,21,0.0,0.0026055733
216,22,0.0,0.0025619888
216,23,0.149048466018965,0.0016736267
216,24,0.0,0.0025497824
216,25,0.0,0.0023369072
216,26,0.0,0.0014842302
216,27,0.0,0.0026727691
216,28,0.0,0.002585222
216,29,0.0,0.0032449919
216,30,0.0,0.0027739806
216,31,0.0,0.0016726744
216,32,0.0,0.0027337857
216,33,0.0,0.0015257224
216,34,0.0,0.0018205093
216,35,0.0,0.002386643
216,36,0.0,0.002392217
216,37,0.0,0.002483395
216,38,0.0,0.0023433976
216,39,0.0,0.0018108529
216,40,0.0,0.0024881838
216,41,0.0,0.0024879458
216,42,0.142186461526378,0.0025907364
216,43,0.0,0.003599308
216,44,0.0,0.003117395
216,45,0.0,0.0018902984
216,46,0.0,0.0020210762
216,47,0.0,0.0029188301
216,48,0.0,0.0025774455
216,49,0.0,0.0024269195
216,50,0.0,0.003514262
216,51,0.0,0.002481196
216,52,0.0,0.002422744
216,53,0.0,0.001624085
216,54,0.0,0.002407832
216,55,-0.15681643171872,0.0026488868
216,56,0.0,0.0025903913
216,57,0.0,0.0031164489
216,58,0.0,0.0025093015
216,59,0.153411554130838,0.0019247229
216,60,0.0,0.003154887
216,61,0.0,0.0034355735
216,62,0.0,0.0025960393
216,63,0.0,0.0024417792
216,64,0.0,0.0020075855
216,65,0.0,0.0014931178
216,66,0.0,0.002086673
216,67,0.0,0.0023099836
216,68,0.0,0.0025772047
216,69,0.0,0.0018754555
216,70,0.0,0.0018734755
216,71,0.0,0.002368745
216,72,0.0,0.0030344552
216,73,0.0,0.002994609
216,74,0.0,0.0017750692
216,75,0.0,0.0023603612
216,76,0.0,0.0016370965
216,77,0.0,0.0031434107
216,78,0.0,0.002144931
216,79,0.0,0.002518009
216,80,0.0,0.0032950472
216,81,0.152388512685798,0.0033560945
216,82,0.0,0.002350565
216,83,0.0,0.002163541
216,84,0.0,0.0024673035
216,85,0.15370580446572,0.0025355294
216,86,0.0,0.0018109032
216,87,0.0,0.00226491
216,88,0.0,0.002787896
216,89,0.0,0.0030114502
216,90,0.154721965847419,0.0023157327
216,91,0.0,0.0026139845
216,92,0.0,0.0026691384
216,93,0.0,0.0023059798
216,94,0.0,0.0016404581
216,95,0.0,0.0019490453
216,96,0.0,0.0023796638
216,97,0.0,0.002679953
216,98,0.0,0.0026300326
216,99,0.0,0.0036209961
216,100,0.0,0.0030203545
216,101,0.0,0.0025518388
216,102,0.0,0.0017817612
216,103,0.0,0.0027297623
216,104,0.0,0.0026052757
216,105,0.0,0.0015626326
216,106,0.0,0.002538913
216,107,0.0,0.0024024192
216,108,0.0,0.0023116008
216,109,0.0,0.0020617452
216,110,0.0,0.0015630908
216,111,0.0,0.0024233628
216,112,0.0,0.0015715179
216,113,0.0,0.0027820282
216,114,0.143828470212739,0.0021799412
216,115,0.0,0.0023620925
216,116,-0.135478507161586,0.0016408339
216,117,0.0,0.0024097129
216,118,0.0,0.002337284
216,119,0.0,0.003621108
216,120,0.0,0.0030597062
216,121,0.0,0.0032433532
216,122,0.0,0.003187451
216,123,0.147100080845609,0.0023892946
216,124,0.0,0.0030101305
216,125,0.0,0.00249357
216,126,0.0,0.0024594204
216,127,0.0,0.002278299
216,128,0.0,0.0025511621
216,129,0.0,0.0022418303
216,130,0.0,0.0036192485
216,131,0.0,0.002410945
216,132,0.0,0.002350315
216,133,0.0,0.0034140567
216,134,0.0,0.0023947065
216,135,0.0,0.0027679023
216,136,0.0,0.0027814643
216,137,0.0,0.0014941804
216,138,0.0,0.0026681586
216,139,0.0,0.0027285856
216,140,0.0,0.0016054017
216,141,0.0,0.0026066029
216,142,0.0,0.003507568
216,143,0.0,0.0016512889
216,144,0.0,0.0026692427
216,145,0.0,0.00215205
216,146,0.0,0.0015812116
216,147,0.0,0.0030486272
216,148,0.0,0.0028039105
216,149,0.0,0.0027682493
216,150,0.0,0.0023803306
216,151,0.0,0.0035095522
216,152,0.0,0.0015739603
216,153,0.0,0.0034262016
216,154,-0.143511489796183,0.0024326378
216,155,0.0,0.0021754508
216,156,0.0,0.0018301848
216,157,0.0,0.0026858137
216,158,0.153079734897892,0.0024731928
216,159,0.0,0.0025751428
216,160,0.0,0.001918646
216,161,0.142960031987275,0.0021283766
216,162,0.0,0.0029127179
216,163,0.0,0.0023768074
216,164,0.0,0.0024290183
216,165,0.0,0.002472567
216,166,0.0,0.0017571105
216,167,0.0,0.0023818258
216,168,-0.142704940328324,0.002808744
216,169,0.0,0.0017547566
216,170,0.0,0.0019550687
216,171,-0.15092944505832,0.002423943
216,172,0.0,0.002493997
216,173,0.0,0.0024325144
216,174,0.0,0.0021380857
216,175,0.0,0.002343161
216,176,0.0,0.002963385
216,177,0.0,0.0015988913
216,178,0.0,0.003017257
216,179,0.0,0.00264026
216,180,0.0,0.0020358367
216,181,0.0,0.0026563448
216,182,0.0,0.0018606926
216,183,0.0,0.0017277803
216,184,0.0,0.00181633
216,185,0.0,0.002468544
216,186,0.0,0.0024745269
216,187,0.0,0.002120466
216,188,0.0,0.0015752749
216,189,0.149404348294695,0.0024878788
216,190,0.0,0.003511562
216,191,0.0,0.0026330021
216,192,0.0,0.0027133483
216,193,0.0,0.0018025725
216,194,0.0,0.0023256796
216,195,0.0,0.0034199166
216,196,0.146252416037498,0.002219162
216,197,0.0,0.0035637412
216,198,0.0,0.0031019906
216,199,0.0,0.0022105272
216,200,0.0,0.0024137888
216,201,0.0,0.002786072
216,202,0.0,0.0017046928
216,203,0.0,0.0027356856
216,204,0.0,0.0023836638
216,205,0.163333212455908,0.0021989974
216,206,0.0,0.0019467059
216,207,0.0,0.0027716835
216,208,0.0,0.003280887
216,209,0.0,0.002523989
216,210,0.0,0.0032375008
216,211,0.152709946450501,0.0034356532
216,212,0.0,0.0021340144
216,213,0.0,0.0029087057
216,214,0.0,0.0018137996
216,215,0.0,0.0016087135
216,216,0.168202932458371,0.030703487
216,217,0.0,0.002608512
216,218,0.0,0.003540245
216,219,0.0,0.0014920477
216,220,0.0,0.002334382
216,221,0.0,0.0020745033
216,222,0.0,0.0027499255
216,223,0.0,0.003555555
216,224,0.145748047509894,0.0017974637
216,225,0.0,0.0034202426
216,226,0.0,0.003367472
216,227,0.0,0.002790418
216,228,0.0,0.003490026
216,229,0.157961299533454,0.002480078
216,230,0.0,0.0026599164
216,231,0.0,0.0022065458
216,232,0.0,0.0027467706
216,233,0.0,0.0017562117
216,234,0.0,0.002049537
216,235,-0.135399025616465,0.0026537478
216,236,0.0,0.0014848844
216,237,0.0,0.0025669895
216,238,0.0,0.0023427568
216,239,0.0,0.0019275141
216,240,0.0,0.0033625532
216,241,0.0,0.0024232683
216,242,0.0,0.0025868025
216,243,0.0,0.0027622161
216,244,0.0,0.0018248055
216,245,0.0,0.001482524
216,246,0.145380246744958,0.002595527
216,247,0.0,0.0023185373
216,248,0.146820428777574,0.0036310982
216,249,0.0,0.0031514792
216,250,0.0,0.0027080243
216,251,0.0,0.0024726912
216,252,-0.146870111136442,0.002309767
216,253,0.138122115384748,0.002007605
216,254,0.0,0.0025442173
216,255,0.0,0.002439716
216,256,0.0,0.0025395597
216,257,0.0,0.0019129673
216,258,0.0,0.0022178302
216,259,0.0,0.0020856992
216,260,0.0,0.0027617859
216,261,0.0,0.0022271597
216,262,0.0,0.0015701558
216,263,0.0,0.0027004736
216,264,0.0,0.0023874426
216,265,0.0,0.0026229434
216,266,0.0,0.0014943453
216,267,0.0,0.003508836
216,268,0.0,0.0023199362
217,1,0.0,0.0025519729
217,2,0.0,0.0026038438
217,3,0.0,0.0024162661
217,4,0.0,0.00269221
217,5,0.0,0.0023859655
217,6,0.0,0.0022454322
217,7,0.0,0.0023510936
217,8,0.0,0.0019853897
217,9,0.0,0.00238307
217,10,0.0,0.0023350674
217,11,0.0,0.0022846502
217,12,0.0,0.0026809303
217,13,0.0,0.0020805662
217,14,0.0,0.0025659828
217,15,0.0,0.0017042044
217,16,0.0,0.0017394801
217,17,0.0,0.0024914215
217,18,0.0,0.0023586974
217,19,0.0,0.0030205036
217,20,0.0,0.003204498
217,21,0.0,0.0015945695
217,22,-0.153504680910042,0.0026135808
217,23,0.0,0.0027329363
217,24,0.0,0.002146143
217,25,0.0,0.0027593798
217,26,0.0,0.0020881174
217,27,0.0,0.0027677207
217,28,0.0,0.0021078172
217,29,0.0,0.0021397555
217,30,0.0,0.0031416886
217,31,0.0,0.0025221007
217,32,0.0,0.0027618236
217,33,0.0,0.0032260972
217,34,0.0,0.0020755944
217,35,0.139005634165545,0.0026074788
217,36,0.0,0.0036101933
217,37,0.0,0.003119661
217,38,0.0,0.0016885065
217,39,0.0,0.0018570088
217,40,0.0,0.0027341838
217,41,0.0,0.003404378
217,42,0.0,0.0029453728
217,43,0.0,0.0026966832
217,44,0.0,0.0023176554
217,45,0.0,0.0027675792
217,46,0.0,0.002449965
217,47,0.0,0.0029189372
217,48,0.0,0.0025025518
217,49,0.0,0.0031538429
217,50,0.0,0.0029207994
217,51,0.0,0.0025462685
217,52,0.144150942817067,0.0035597002
217,53,0.134193604838793,0.0018652054
217,54,0.0,0.0027788538
217,55,0.0,0.002568161
217,56,0.0,0.0020912238
217,57,0.0,0.0024231835
217,58,0.0,0.0034793252
217,59,0.0,0.0026123063
217,60,-0.134218725727575,0.0025430447
217,61,0.0,0.002251143
217,62,0.0,0.0027862736
217,63,0.0,0.0023279982
217,64,0.0,0.0022368077
217,65,0.0,0.002438304
217,66,0.0,0.0032404126
217,67,-0.136134909840308,0.003180949
217,68,0.0,0.0027717329
217,69,0.0,0.0026143296
217,70,0.0,0.0032941066
217,71,0.0,0.0027356083
217,72,0.0,0.002505695
217,73,0.0,0.0035244208
217,74,0.0,0.0017096368
217,75,0.0,0.0022153337
217,76,0.0,0.002670901
217,77,0.0,0.0015910207
217,78,0.0,0.0021272441
217,79,0.0,0.0025247824
217,80,0.0,0.001886751
217,81,0.0,0.002205215
217,82,0.0,0.0025515296
217,83,0.0,0.0022291038
217,84,0.0,0.0022708029
217,85,0.0,0.002765594
217,86,-0.136035885493844,0.0030772379
217,87,0.0,0.0018432336
217,88,0.0,0.0031022448
217,89,0.0,0.0023780693
217,90,0.0,0.0014775218
217,91,0.0,0.0030589919
217,92,0.0,0.0022761086
217,93,-0.13891835691977,0.0018438087
217,94,0.0,0.0029058186
217,95,0.0,0.0017198869
217,96,0.0,0.0018067476
217,97,0.0,0.0032462226
217,98,0.0,0.0025692764
217,99,-0.141653776175308,0.0022556097
217,100,0.0,0.002317099
217,101,0.0,0.0019747554
217,102,0.0,0.0016125552
217,103,0.0,0.0032080263
217,104,0.0,0.0026373095
217,105,0.0,0.0029924563
217,106,0.0,0.002518814
217,107,0.0,0.0026101228
217,108,-0.14936012494179,0.0020465301
217,109,0.0,0.0017426619
217,110,0.0,0.0015231641
217,111,0.0,0.0017597489
217,112,0.0,0.002758517
217,113,0.0,0.0023534242
217,114,0.0,0.0023815236
217,115,0.0,0.003054996
217,116,0.0,0.002577925
217,117,0.0,0.0022591879
217,118,0.0,0.0026376313
217,119,0.0,0.0023122323
217,120,0.0,0.0018409281
217,121,0.0,0.0021671522
217,122,0.0,0.0035541528
217,123,0.0,0.0027362867
217,124,0.0,0.002370723
217,125,0.0,0.0028054174
217,126,0.0,0.0029786653
217,127,0.0,0.002763806
217,128,0.0,0.0025843899
217,129,0.0,0.0016107056
217,130,0.0,0.0026346226
217,131,0.0,0.0034566503
217,132,0.0,0.0014849883
217,133,0.0,0.0024274033
217,134,0.0,0.0019064797
217,135,0.0,0.0023930813
217,136,0.0,0.0026544319
217,137,0.0,0.0027561304
217,138,0.0,0.0025163405
217,139,0.0,0.002540045
217,140,0.0,0.0033019488
217,141,0.0,0.0018826253
217,142,0.0,0.0023833378
217,143,0.0,0.0014941669
217,144,0.0,0.0017924383
217,145,0.0,0.0024182857
217,146,0.0,0.00359945
217,147,0.0,0.0024889996
217,148,0.0,0.0025192266
217,149,0.0,0.0025724354
217,150,0.133617380930112,0.002446543
217,151,0.0,0.0023492589
217,152,0.0,0.0025596144
217,153,0.0,0.0023190742
217,154,0.0,0.002382385
217,155,0.0,0.002163929
217,156,0.0,0.0026134634
217,157,0.0,0.0030362117
217,158,0.0,0.0028641075
217,159,0.0,0.002363793
217,160,0.0,0.0024358267
217,161,0.0,0.0015488993
217,162,0.0,0.002649208
217,163,0.0,0.0017163036
217,164,0.0,0.0014784904
217,165,0.0,0.0026644804
217,166,-0.148130681958477,0.0026851702
217,167,0.0,0.0016548326
217,168,0.0,0.0026568682
217,169,0.0,0.0018470138
217,170,0.0,0.0025513037
217,171,0.0,0.0030731051
217,172,0.0,0.0025521833
217,173,0.0,0.003451413
217,174,0.0,0.0034817653
217,175,0.0,0.0019996925
217,176,0.151510004307552,0.003285599
217,177,0.0,0.003501912
217,178,0.0,0.0015098858
217,179,0.0,0.0018911171
217,180,0.0,0.0022881683
217,181,0.0,0.0027115555
217,182,0.0,0.0032950286
217,183,-0.150035969594542,0.003511433
217,184,0.0,0.0030613616
217,185,0.0,0.0030426597
217,186,0.0,0.0021148296
217,187,0.0,0.0023096288
217,188,0.0,0.0015916084
217,189,0.0,0.0029436871
217,190,0.0,0.0025949422
217,191,0.0,0.0035052071
217,192,0.0,0.0024214238
217,193,0.0,0.0027119801
217,194,0.0,0.0023596124
217,195,0.0,0.0017305058
217,196,0.137367919306174,0.0031449818
217,197,0.0,0.0027194237
217,198,0.0,0.0031254995
217,199,0.0,0.0021164697
217,200,0.0,0.0024744375
217,201,0.0,0.0022258759
217,202,0.0,0.0026144255
217,203,0.0,0.0017634267
217,204,0.0,0.0027393852
217,205,0.0,0.0023368956
217,206,0.15124159078497,0.0025855792
217,207,0.0,0.0026146728
217,208,0.0,0.0022568214
217,209,0.134542414311081,0.0025546285
217,210,0.0,0.0027099862
217,211,0.14343316965023,0.0027784044
217,212,0.0,0.001778191
217,213,0.0,0.0022630878
217,214,-0.141863732302195,0.0021437993
217,215,0.0,0.0022734785
217,216,0.0,0.002608512
217,217,0.0,0.030703487
217,218,0.0,0.0027964031
217,219,0.0,0.0014986661
217,220,0.0,0.0025858972
217,221,0.0,0.0035464214
217,222,0.0,0.0024090847
217,223,0.0,0.0020090314
217,224,0.0,0.0028345636
217,225,0.0,0.0022163275
217,226,0.0,0.0025012237
217,227,0.0,0.0017156103
217,228,0.0,0.0033054966
217,229,0.0,0.0016754782
217,230,0.0,0.0014943341
217,231,0.0,0.002507254
217,232,0.0,0.0025745132
217,233,0.0,0.0033436483
217,234,0.0,0.0035511283
217,235,0.0,0.0034972238
217,236,0.0,0.0019450048
217,237,0.0,0.0024627433
217,238,0.0,0.0034372527
217,239,0.0,0.002042498
217,240,0.0,0.0026808726
217,241,0.0,0.0034728432
217,242,0.0,0.0033784802
217,243,0.0,0.002304247
217,244,0.0,0.0028025587
217,245,0.0,0.0014570379
217,246,0.0,0.003083405
217,247,0.0,0.0025909306
217,248,0.0,0.0023844568
217,249,0.0,0.0025345222
217,250,0.0,0.0014874283
217,251,0.0,0.0019446285
217,252,0.0,0.0020989152
217,253,0.0,0.0033076005
217,254,0.0,0.0016940394
217,255,0.0,0.0030002417
217,256,0.0,0.0015259236
217,257,0.0,0.002611862
217,258,-0.141875953342909,0.001516182
217,259,0.0,0.0023102383
217,260,0.0,0.0015940829
217,261,0.0,0.0023498395
217,262,0.0,0.0022331267
217,263,0.0,0.0023146747
217,264,0.0,0.0027891188
217,265,0.0,0.0027043964
217,266,0.0,0.002253953
217,267,0.14794506005608,0.0034419396
217,268,0.0,0.0024156761
218,1,0.0,0.00174753
218,2,0.0,0.0026051388
218,3,0.0,0.002391248
218,4,0.0,0.0027923402
218,5,0.0,0.0025455118
218,6,0.0,0.0019348492
218,7,0.0,0.0014817514
218,8,0.0,0.002616805
218,9,0.0,0.0019991123
218,10,0.0,0.0027793166
218,11,0.0,0.0016088984
218,12,-0.136216569213609,0.002411583
218,13,0.0,0.002212822
218,14,0.0,0.0025781812
218,15,0.0,0.0025990526
218,16,0.0,0.003605206
218,17,0.0,0.0028187279
218,18,0.0,0.0028092163
218,19,0.0,0.001707043
218,20,0.0,0.0014852658
218,21,0.0,0.0030111084
218,22,0.0,0.0030862242
218,23,0.142057903391253,0.0024626455
218,24,0.0,0.0014577555
218,25,0.0,0.0022779107
218,26,0.0,0.0022808798
218,27,0.0,0.0033368515
218,28,-0.143282388876532,0.0014810292
218,29,0.0,0.0025428552
218,30,0.147841353202565,0.0014956649
218,31,0.0,0.0023642592
218,32,0.0,0.0014855647
218,33,0.0,0.0022949912
218,34,0.0,0.0028341524
218,35,0.0,0.0014912873
218,36,-0.153492696818275,0.0015170705
218,37,0.134812391592922,0.0014906237
218,38,0.0,0.0025013788
218,39,0.0,0.0019392609
218,40,0.0,0.003175788
218,41,0.0,0.0017400724
218,42,0.0,0.0014765379
218,43,0.0,0.0015230714
218,44,0.0,0.0024295528
218,45,0.0,0.002183129
218,46,-0.13677849195234,0.0023931237
218,47,0.0,0.001621379
218,48,0.0,0.0026134127
218,49,0.0,0.0031139893
218,50,0.0,0.0016106819
218,51,0.0,0.004343386
218,52,0.0,0.0025333543
218,53,0.0,0.0023628566
218,54,0.0,0.0014644163
218,55,0.0,0.0014747502
218,56,0.0,0.0018396792
218,57,0.0,0.002468755
218,58,0.0,0.001950765
218,59,0.0,0.0014903555
218,60,0.0,0.0021626912
218,61,0.0,0.0015314389
218,62,0.0,0.0019424101
218,63,-0.142286168717198,0.0027501266
218,64,0.0,0.0014800485
218,65,0.0,0.0017413367
218,66,0.0,0.0015402418
218,67,0.0,0.0025673136
218,68,0.0,0.0022493736
218,69,0.0,0.0025827722
218,70,0.0,0.0014638952
218,71,-0.160739250436967,0.0026353947
218,72,0.0,0.004203649
218,73,-0.150465339967071,0.0016292911
218,74,0.0,0.0040882686
218,75,0.0,0.0021279342
218,76,0.0,0.0014863899
218,77,0.0,0.0030139317
218,78,0.0,0.0023877858
218,79,0.0,0.0015008133
218,80,0.0,0.0014711195
218,81,0.0,0.0034354264
218,82,0.0,0.0016436605
218,83,0.0,0.002746134
218,84,0.0,0.00169791
218,85,0.0,0.0023711137
218,86,0.0,0.0014891033
218,87,0.0,0.0023241276
218,88,0.0,0.0022467412
218,89,0.0,0.0019685319
218,90,0.147465308861754,0.0014599496
218,91,0.0,0.0015824973
218,92,0.0,0.002699593
218,93,0.0,0.0035488699
218,94,0.0,0.0017421972
218,95,0.0,0.002515274
218,96,0.0,0.0020616623
218,97,0.0,0.0026888307
218,98,0.0,0.0014934423
218,99,0.0,0.0022017085
218,100,0.0,0.0015390869
218,101,0.0,0.0019106409
218,102,0.0,0.0014878353
218,103,0.0,0.0017284383
218,104,0.0,0.0016335319
218,105,0.0,0.0017470261
218,106,0.0,0.0022569709
218,107,0.0,0.0025299778
218,108,0.0,0.0023491466
218,109,0.0,0.0021274337
218,110,0.0,0.0016021691
218,111,0.0,0.0014696149
218,112,0.0,0.0014642193
218,113,0.0,0.0020796275
218,114,0.0,0.001739868
218,115,0.0,0.0022830088
218,116,0.0,0.0015144683
218,117,0.0,0.00146282
218,118,0.0,0.0036271256
218,119,0.0,0.0018273881
218,120,0.0,0.0031401794
218,121,0.0,0.0015688138
218,122,0.0,0.0027682772
218,123,0.0,0.0016948334
218,124,0.0,0.003082444
218,125,0.0,0.0016490947
218,126,0.0,0.0014918428
218,127,0.0,0.0016662963
218,128,0.0,0.00305095
218,129,0.0,0.0020688144
218,130,0.0,0.0022474206
218,131,-0.137359978934883,0.0015044641
218,132,0.0,0.0017400393
218,133,0.0,0.0014863405
218,134,0.0,0.0024339505
218,135,0.0,0.0025564549
218,136,0.0,0.003427336
218,137,0.0,0.0014753323
218,138,0.0,0.0024237474
218,139,0.0,0.0035736524
218,140,0.0,0.0026427167
218,141,0.0,0.0020790752
218,142,0.0,0.0015183454
218,143,0.0,0.0022214195
218,144,0.0,0.0035203751
218,145,0.0,0.0025379183
218,146,0.0,0.0014621397
218,147,0.0,0.0014822823
218,148,0.0,0.0016243793
218,149,0.0,0.0016584382
218,150,0.0,0.0057672374
218,151,0.0,0.0016975747
218,152,0.0,0.0014779684
218,153,0.0,0.002595435
218,154,0.0,0.0032631145
218,155,-0.158853594599134,0.002179537
218,156,0.0,0.00214697
218,157,0.0,0.0017553591
218,158,0.0,0.0016896063
218,159,0.0,0.00168418
218,160,0.0,0.0014613946
218,161,0.0,0.002722158
218,162,0.0,0.0024872725
218,163,0.0,0.0029874654
218,164,0.0,0.0020659957
218,165,0.0,0.0017690863
218,166,0.0,0.0016003991
218,167,0.0,0.0018873946
218,168,0.0,0.0027616178
218,169,0.0,0.0014951825
218,170,0.0,0.0019173692
218,171,-0.143850662121287,0.0024986565
218,172,0.0,0.0035597156
218,173,0.0,0.001603513
218,174,0.0,0.0016228193
218,175,0.0,0.002447992
218,176,0.0,0.0016271309
218,177,0.0,0.0021631117
218,178,0.0,0.0015042801
218,179,0.0,0.0018795012
218,180,0.0,0.0027676192
218,181,0.0,0.002311638
218,182,0.0,0.0023074583
218,183,0.0,0.002374542
218,184,0.0,0.0023215776
218,185,0.0,0.003503574
218,186,0.0,0.0025979197
218,187,0.0,0.0034513827
218,188,0.0,0.0016821949
218,189,0.0,0.0016567409
218,190,0.0,0.0031855735
218,191,0.0,0.0018022396
218,192,0.0,0.0015054685
218,193,0.0,0.002576083
218,194,0.0,0.0014919378
218,195,0.0,0.0030571902
218,196,0.0,0.001548232
218,197,0.0,0.0021563033
218,198,0.0,0.0041527087
218,199,0.0,0.0014832318
218,200,0.0,0.0040588863
218,201,0.0,0.0022231182
218,202,0.0,0.0027704905
218,203,0.0,0.002096687
218,204,0.0,0.0014657369
218,205,0.155672677051852,0.002347048
218,206,0.0,0.0025929268
218,207,0.0,0.0016857814
218,208,0.0,0.0025903382
218,209,0.0,0.002607414
218,210,0.0,0.0027539423
218,211,-0.145547655733594,0.0017279084
218,212,-0.142042319927774,0.0027741357
218,213,0.0,0.0017282129
218,214,0.0,0.0014585266
218,215,0.0,0.0022293492
218,216,0.0,0.003540245
218,217,0.0,0.0027964031
218,218,0.0,0.030703487
218,219,0.0,0.0014601462
218,220,0.0,0.0035143164
218,221,0.187125983088211,0.0028040814
218,222,0.162292670368297,0.0045908857
218,223,0.0,0.0015083253
218,224,0.0,0.0023232885
218,225,0.0,0.0018898137
218,226,0.0,0.0014858413
218,227,0.0,0.0020195562
218,228,0.0,0.0025842916
218,229,0.0,0.0015404504
218,230,0.0,0.0025790827
218,231,0.155378913660776,0.0017070994
218,232,0.0,0.0035200473
218,233,0.0,0.0026288833
218,234,-0.149959568775659,0.001599546
218,235,0.0,0.001610267
218,236,0.0,0.003510058
218,237,0.0,0.006112911
218,238,0.0,0.0015287646
218,239,0.0,0.002603962
218,240,0.0,0.0015314152
218,241,-0.15378976538706,0.00426899
218,242,0.0,0.002163764
218,243,0.0,0.0023789392
218,244,0.0,0.00278898
218,245,0.0,0.0028595296
218,246,0.0,0.0017636018
218,247,0.0,0.0015685898
218,248,-0.159475378851171,0.0017987322
218,249,-0.163586677112448,0.0018945038
218,250,0.0,0.003307425
218,251,0.0,0.0030538668
218,252,0.0,0.0017391779
218,253,0.0,0.0026717
218,254,0.0,0.0049444623
218,255,0.0,0.001968855
218,256,0.0,0.002042247
218,257,0.0,0.0026754537
218,258,0.0,0.003424476
218,259,0.160638932851487,0.0025983793
218,260,0.0,0.0026584878
218,261,0.0,0.002957997
218,262,0.0,0.0019600042
218,263,0.0,0.0024579396
218,264,0.0,0.00346947
218,265,0.0,0.0014902176
218,266,0.0,0.0023452477
218,267,0.0,0.0016727559
218,268,0.0,0.0020552464
219,1,0.0,0.0032989113
219,2,0.0,0.00309736
219,3,0.0,0.0020164205
219,4,0.0,0.0027611302
219,5,0.0,0.0023734714
219,6,-0.153250198837984,0.0031486358
219,7,0.0,0.0024915962
219,8,0.0,0.0032629012
219,9,0.0,0.002093105
219,10,0.0,0.0023247683
219,11,0.0,0.0031987815
219,12,0.0,0.0018226067
219,13,0.0,0.00310741
219,14,0.0,0.0036899284
219,15,0.0,0.0015227087
219,16,0.0,0.0020862431
219,17,0.162024342069415,0.0016903803
219,18,0.0,0.002290605
219,19,0.0,0.0024611573
219,20,0.0,0.0014842907
219,21,0.0,0.002943683
219,22,0.0,0.0015510358
219,23,0.0,0.0023485222
219,24,0.0,0.0036320444
219,25,0.0,0.003022194
219,26,0.0,0.0015703673
219,27,0.0,0.003972459
219,28,0.0,0.0039040018
219,29,0.0,0.002329973
219,30,0.0,0.0022372883
219,31,0.0,0.0024050372
219,32,0.150761936699678,0.0027817385
219,33,0.0,0.0017399858
219,34,0.0,0.0016661324
219,35,0.0,0.002003288
219,36,0.0,0.0034234244
219,37,0.0,0.0021352074
219,38,0.0,0.0022218325
219,39,0.0,0.0015181247
219,40,0.0,0.0023867264
219,41,0.0,0.0025816266
219,42,0.0,0.0015805718
219,43,0.0,0.0029291324
219,44,0.0,0.0014725616
219,45,0.0,0.002657177
219,46,0.0,0.002494411
219,47,-0.143336846147626,0.0022256314
219,48,0.0,0.0023585656
219,49,0.0,0.002351644
219,50,0.0,0.0024210322
219,51,0.0,0.0016532396
219,52,0.0,0.0019357596
219,53,0.0,0.0014905552
219,54,0.148048760741264,0.0014879853
219,55,0.0,0.002355122
219,56,0.0,0.0025660256
219,57,0.0,0.0027404218
219,58,0.0,0.002981319
219,59,0.0,0.0024663433
219,60,0.0,0.003404221
219,61,0.0,0.002387981
219,62,0.0,0.0025049122
219,63,0.0,0.0023838757
219,64,0.0,0.0014928808
219,65,0.0,0.002420499
219,66,0.0,0.002610742
219,67,0.0,0.0024141953
219,68,0.0,0.0016561155
219,69,0.0,0.0023881854
219,70,0.0,0.0022400445
219,71,0.0,0.003382063
219,72,0.0,0.002767351
219,73,0.0,0.0023798966
219,74,0.0,0.0019400083
219,75,0.0,0.0024503204
219,76,0.0,0.00332584
219,77,0.158350527103693,0.0018363972
219,78,0.0,0.0014936677
219,79,0.0,0.0017979224
219,80,0.0,0.002188107
219,81,0.0,0.0017990931
219,82,0.0,0.001717417
219,83,0.0,0.0027821423
219,84,0.158143616102765,0.0032012737
219,85,0.0,0.0015601944
219,86,0.150921505489014,0.0018870384
219,87,0.0,0.0033988715
219,88,0.0,0.0026674615
219,89,0.0,0.0026034499
219,90,0.0,0.0024972116
219,91,0.0,0.0016781688
219,92,0.0,0.0018671108
219,93,0.0,0.0022753258
219,94,0.0,0.0014795838
219,95,0.0,0.003197032
219,96,0.0,0.0023563374
219,97,0.0,0.0024285503
219,98,0.0,0.002754821
219,99,0.0,0.002266062
219,100,0.0,0.00262255
219,101,0.0,0.0034127613
219,102,0.0,0.0014961637
219,103,0.0,0.0017136955
219,104,0.0,0.0025103134
219,105,0.0,0.0028197374
219,106,0.0,0.002596194
219,107,0.0,0.0016880124
219,108,0.0,0.0026412606
219,109,0.0,0.0024391017
219,110,0.0,0.0019511655
219,111,0.0,0.0017755516
219,112,0.0,0.0014819596
219,113,0.0,0.002124846
219,114,0.0,0.0025698678
219,115,0.0,0.0015195105
219,116,0.0,0.0034045586
219,117,0.0,0.0016740854
219,118,0.0,0.0023596147
219,119,0.0,0.002125958
219,120,0.0,0.0026760818
219,121,0.0,0.0031865742
219,122,0.0,0.0018989644
219,123,0.0,0.002771067
219,124,0.0,0.0020478517
219,125,-0.147714433915549,0.0025645224
219,126,0.151276022148702,0.0020865728
219,127,0.0,0.0020049945
219,128,0.0,0.0022797822
219,129,0.0,0.0027373806
219,130,0.0,0.0021763416
219,131,0.0,0.0021619182
219,132,0.0,0.0020815325
219,133,0.0,0.0034413696
219,134,0.0,0.002754576
219,135,-0.160209597647205,0.0014929906
219,136,0.145098360827967,0.0024664733
219,137,0.154298237037244,0.0014819279
219,138,0.0,0.0027079466
219,139,0.0,0.0015280917
219,140,0.0,0.0015411722
219,141,0.0,0.0020480817
219,142,0.0,0.001475858
219,143,0.0,0.0018025194
219,144,0.17042624176847,0.002941579
219,145,0.0,0.0033846474
219,146,0.0,0.0016125771
219,147,0.0,0.0024617356
219,148,0.0,0.0030676313
219,149,0.0,0.0035909382
219,150,0.0,0.0016415017
219,151,0.0,0.002162857
219,152,0.0,0.0016233502
219,153,0.0,0.002408205
219,154,0.0,0.0026838416
219,155,0.0,0.0035869172
219,156,0.155983806915492,0.0015300363
219,157,0.0,0.0017309333
219,158,0.0,0.0024789665
219,159,0.0,0.003531429
219,160,0.0,0.0014905729
219,161,0.0,0.001967433
219,162,0.0,0.0018108226
219,163,0.0,0.0027928674
219,164,0.0,0.0017835754
219,165,0.0,0.0027807509
219,166,0.0,0.0015531364
219,167,0.0,0.0034060096
219,168,-0.148702722587072,0.0017228238
219,169,0.0,0.0014873398
219,170,0.0,0.0024256823
219,171,0.0,0.0035393066
219,172,0.0,0.001971718
219,173,0.0,0.0014773561
219,174,0.0,0.0024928283
219,175,0.0,0.0025812108
219,176,0.0,0.002650166
219,177,-0.165386490706853,0.0025522038
219,178,0.0,0.0022554677
219,179,0.0,0.0017433628
219,180,0.0,0.0017974782
219,181,0.0,0.0025795568
219,182,0.0,0.0015229033
219,183,0.0,0.0016306913
219,184,0.156660886228671,0.0023648543
219,185,0.0,0.0017109876
219,186,0.0,0.0014856639
219,187,0.155004236024138,0.0023649624
219,188,0.0,0.002352138
219,189,0.0,0.0014913445
219,190,0.0,0.003337414
219,191,-0.160290407134734,0.0026931516
219,192,0.0,0.0031209132
219,193,0.0,0.0024467865
219,194,-0.172557909064592,0.0031507541
219,195,0.0,0.001752248
219,196,0.152399296055741,0.0023409538
219,197,0.0,0.00273726
219,198,0.156666228490344,0.0018638396
219,199,0.0,0.0014752392
219,200,0.0,0.0016841465
219,201,0.0,0.0026323767
219,202,0.0,0.0017636972
219,203,0.0,0.0022039139
219,204,0.0,0.0014905888
219,205,0.0,0.0021174438
219,206,0.0,0.0027028392
219,207,0.0,0.0015187846
219,208,0.0,0.00227436
219,209,0.0,0.0027686702
219,210,0.0,0.0025473875
219,211,0.0,0.001999868
219,212,0.0,0.0021763607
219,213,0.0,0.0020408682
219,214,0.0,0.0017445344
219,215,0.0,0.0018816283
219,216,0.154497720997905,0.0014920477
219,217,0.0,0.0014986661
219,218,0.0,0.0014601462
219,219,0.0,0.030703487
219,220,0.0,0.0023085973
219,221,0.0,0.0017957892
219,222,0.0,0.0035503916
219,223,0.0,0.0016117194
219,224,0.0,0.0021530176
219,225,-0.163706613039802,0.0016294629
219,226,0.0,0.0023816722
219,227,0.0,0.0025672996
219,228,0.0,0.0016899495
219,229,0.0,0.0020390535
219,230,0.0,0.0026302468
219,231,0.0,0.0018331739
219,232,0.152948626999992,0.0025073588
219,233,0.158486546280534,0.002707501
219,234,0.155049263938881,0.0016990276
219,235,0.0,0.0021965643
219,236,0.0,0.0014736373
219,237,0.0,0.003074509
219,238,0.0,0.0032359706
219,239,-0.162624654658147,0.0017203446
219,240,0.0,0.0020630006
219,241,0.0,0.0016791518
219,242,-0.168741333094583,0.0024108915
219,243,0.0,0.0017641578
219,244,0.0,0.0035063685
219,245,0.0,0.0019884738
219,246,0.0,0.003439032
219,247,0.0,0.0034664287
219,248,0.0,0.0029426855
219,249,0.0,0.0026290999
219,250,0.0,0.0023411647
219,251,0.163541264069847,0.002475354
219,252,0.0,0.0025061993
219,253,-0.155119323317763,0.0017383392
219,254,0.0,0.0025861976
219,255,0.0,0.0016644769
219,256,0.0,0.0014873203
219,257,0.0,0.0027163844
219,258,0.0,0.0031152326
219,259,0.0,0.0034720846
219,260,0.0,0.0025266376
219,261,0.0,0.0019574417
219,262,-0.158172965697292,0.001878615
219,263,0.0,0.0023756153
219,264,0.0,0.0023336671
219,265,0.0,0.0023828484
219,266,-0.175726699334523,0.0014670012
219,267,0.0,0.0026000272
219,268,0.0,0.0024234438
220,1,0.0,0.0026344424
220,2,0.0,0.0025964952
220,3,0.0,0.0031491108
220,4,0.0,0.0023869136
220,5,0.0,0.0033829277
220,6,0.0,0.0030517168
220,7,0.0,0.0036000158
220,8,0.140152801513852,0.0025503808
220,9,0.0,0.002781297
220,10,0.0,0.0014938931
220,11,0.0,0.002429098
220,12,0.0,0.0031171483
220,13,0.0,0.0014874144
220,14,0.0,0.0026085828
220,15,0.0,0.0021618
220,16,0.0,0.0031252988
220,17,0.0,0.0026951926
220,18,0.0,0.0031701815
220,19,0.0,0.0019315295
220,20,0.136833357229362,0.0020833984
220,21,-0.144512761008416,0.003585402
220,22,0.0,0.0023725089
220,23,0.0,0.0026256153
220,24,0.0,0.0023436057
220,25,0.0,0.0027246708
220,26,0.0,0.0035848576
220,27,0.0,0.0020248597
220,28,0.0,0.002575125
220,29,0.0,0.0015858859
220,30,0.0,0.002852283
220,31,0.0,0.0032378165
220,32,0.0,0.0020461115
220,33,0.0,0.0025466466
220,34,0.0,0.0026881522
220,35,0.0,0.0023733997
220,36,0.0,0.0021924833
220,37,0.0,0.003551009
220,38,0.0,0.0016971622
220,39,0.147964647030499,0.0023531495
220,40,0.0,0.0015712213
220,41,0.0,0.0032047993
220,42,0.0,0.0023413273
220,43,0.0,0.0022722194
220,44,0.0,0.0018803119
220,45,0.0,0.0032431046
220,46,0.0,0.0027145343
220,47,0.0,0.0014876719
220,48,0.0,0.0017187749
220,49,0.0,0.0027342509
220,50,0.0,0.0034201401
220,51,0.0,0.0023337407
220,52,0.0,0.002461669
220,53,0.0,0.0024565519
220,54,0.0,0.0020879852
220,55,0.0,0.0027730982
220,56,0.141065043022119,0.0014891108
220,57,0.0,0.0032932968
220,58,0.0,0.0023623062
220,59,0.148354165389358,0.0024238438
220,60,0.0,0.0016543092
220,61,0.0,0.0024261107
220,62,0.0,0.002506155
220,63,0.0,0.0014668247
220,64,0.0,0.002332048
220,65,0.0,0.0025155605
220,66,0.0,0.0026328154
220,67,0.0,0.0021244744
220,68,0.144037879110353,0.0015350943
220,69,0.0,0.001741983
220,70,0.0,0.0025824597
220,71,0.0,0.0014785817
220,72,0.0,0.0021991115
220,73,0.0,0.0035183812
220,74,0.0,0.002150624
220,75,0.0,0.002549854
220,76,0.0,0.0014768695
220,77,0.0,0.0024104672
220,78,0.0,0.003423526
220,79,0.0,0.002619035
220,80,0.0,0.0036310176
220,81,0.14736484968496,0.0019036271
220,82,0.143628258787752,0.0022612754
220,83,0.0,0.0023080604
220,84,-0.146761934772223,0.0020647882
220,85,0.0,0.0023946003
220,86,-0.140059603353898,0.002222396
220,87,-0.154074982618288,0.002602878
220,88,0.0,0.0019458211
220,89,0.0,0.0034629973
220,90,0.0,0.0027627554
220,91,0.0,0.0023458847
220,92,0.0,0.0023775878
220,93,0.0,0.0018637488
220,94,0.0,0.0020743106
220,95,0.0,0.0023616375
220,96,0.0,0.0027114465
220,97,0.0,0.003139216
220,98,0.0,0.0018846467
220,99,0.0,0.0026413524
220,100,0.0,0.0034936862
220,101,0.0,0.0016168584
220,102,0.0,0.0014831554
220,103,0.0,0.0017784773
220,104,0.0,0.0016704234
220,105,0.0,0.0019194502
220,106,0.0,0.002565254
220,107,0.0,0.003009682
220,108,0.0,0.003180015
220,109,0.0,0.0023786323
220,110,0.0,0.002589601
220,111,0.155721175714392,0.0020567793
220,112,0.0,0.0036087497
220,113,0.0,0.0031788675
220,114,0.0,0.0031535192
220,115,0.0,0.001488741
220,116,0.0,0.0024110423
220,117,0.0,0.0023077205
220,118,0.0,0.0034556366
220,119,0.0,0.0020134272
220,120,0.15694918242389,0.002335514
220,121,0.0,0.0023474437
220,122,0.0,0.0016590338
220,123,0.0,0.0016827728
220,124,0.0,0.00231128
220,125,0.0,0.002470294
220,126,0.0,0.0026703984
220,127,0.0,0.00231507
220,128,0.0,0.0026317788
220,129,0.0,0.00315306
220,130,0.0,0.0016595712
220,131,0.0,0.0015400886
220,132,0.0,0.0027698162
220,133,0.0,0.0024296753
220,134,0.0,0.0023040944
220,135,0.0,0.0019608545
220,136,0.0,0.002236913
220,137,0.0,0.0025782972
220,138,0.0,0.0027370877
220,139,0.0,0.0026629716
220,140,0.0,0.003618665
220,141,0.0,0.0026431866
220,142,0.0,0.002548329
220,143,-0.149335055793615,0.002090035
220,144,0.0,0.0014929799
220,145,0.0,0.0034705596
220,146,0.0,0.0015415577
220,147,0.0,0.0015975283
220,148,0.0,0.0019694562
220,149,0.0,0.0025504176
220,150,0.0,0.0023552165
220,151,0.0,0.0019904957
220,152,0.0,0.0025915727
220,153,0.0,0.0026747799
220,154,0.0,0.002982671
220,155,0.0,0.0015425272
220,156,0.0,0.0025514946
220,157,0.0,0.002777277
220,158,0.0,0.0014970526
220,159,0.0,0.0018056575
220,160,0.0,0.0029177177
220,161,0.138247189722229,0.0023294939
220,162,0.0,0.0031036576
220,163,0.0,0.0015130113
220,164,0.0,0.0017413385
220,165,0.0,0.0026308838
220,166,0.0,0.002486607
220,167,0.0,0.0026417705
220,168,0.0,0.0025399253
220,169,0.0,0.0024422817
220,170,0.0,0.0023683598
220,171,0.0,0.0030425177
220,172,0.0,0.0027093645
220,173,0.0,0.0022546616
220,174,0.14072634582871,0.002140182
220,175,0.0,0.0015992597
220,176,0.0,0.0036168788
220,177,0.0,0.002890749
220,178,0.0,0.0018176269
220,179,0.0,0.0022261702
220,180,0.0,0.0015017902
220,181,0.0,0.0024947072
220,182,0.0,0.0025888556
220,183,0.0,0.001469038
220,184,0.0,0.0029237643
220,185,0.0,0.0021861224
220,186,0.0,0.00254812
220,187,0.0,0.0030342545
220,188,0.0,0.002635323
220,189,0.0,0.0035919258
220,190,0.0,0.0014941669
220,191,0.0,0.002779283
220,192,0.139897684970742,0.002922797
220,193,0.154888897369307,0.0017974116
220,194,0.0,0.0026507806
220,195,0.0,0.0017415108
220,196,0.0,0.0025461502
220,197,0.0,0.0034251413
220,198,0.0,0.0027839406
220,199,0.0,0.0017514592
220,200,0.0,0.0023845797
220,201,0.0,0.002343901
220,202,0.0,0.002248195
220,203,-0.140531501776444,0.0031385482
220,204,0.0,0.0026946408
220,205,0.0,0.0015473017
220,206,0.0,0.0026419521
220,207,0.0,0.002409392
220,208,0.0,0.001638995
220,209,0.138521957748704,0.002556628
220,210,0.0,0.0026748148
220,211,0.0,0.0018950715
220,212,0.0,0.0023745308
220,213,0.0,0.0025184997
220,214,0.0,0.0026152157
220,215,0.0,0.0024589049
220,216,0.143378436704125,0.002334382
220,217,0.0,0.0025858972
220,218,0.0,0.0035143164
220,219,0.0,0.0023085973
220,220,0.0,0.030703487
220,221,0.0,0.0016341461
220,222,0.0,0.0020450442
220,223,0.0,0.0034664148
220,224,0.0,0.002658281
220,225,0.0,0.001554471
220,226,0.0,0.0024364148
220,227,0.0,0.0015038382
220,228,0.0,0.0031309412
220,229,0.0,0.0024391674
220,230,-0.15986472042542,0.0028962987
220,231,0.0,0.0027771732
220,232,0.0,0.0033944868
220,233,0.0,0.0023866072
220,234,0.151858831979479,0.002777407
220,235,0.0,0.0035483143
220,236,0.0,0.001854403
220,237,0.0,0.0015154923
220,238,0.0,0.0017717872
220,239,-0.159278344702024,0.0017160112
220,240,0.0,0.00216649
220,241,0.0,0.0027552838
220,242,0.0,0.003616036
220,243,0.0,0.0024676262
220,244,0.0,0.0014861254
220,245,0.0,0.0026940824
220,246,0.0,0.0018811552
220,247,0.0,0.0014855526
220,248,0.0,0.0024906313
220,249,0.0,0.0027632774
220,250,0.0,0.0022062412
220,251,0.0,0.0035800594
220,252,0.0,0.003180801
220,253,0.0,0.0024597119
220,254,0.0,0.0025464073
220,255,0.0,0.0025120778
220,256,0.0,0.0026127044
220,257,0.0,0.00322599
220,258,0.0,0.003424286
220,259,0.0,0.00255418
220,260,0.0,0.0026024454
220,261,0.0,0.0032435912
220,262,0.154918257664154,0.0021759337
220,263,0.0,0.0015008259
220,264,0.0,0.0026024086
220,265,0.0,0.002239468
220,266,0.0,0.002032125
220,267,0.0,0.0017000502
220,268,0.0,0.0015147869
221,1,0.0,0.0015230887
221,2,0.0,0.0029227766
221,3,0.0,0.0016569351
221,4,0.0,0.0026727645
221,5,0.0,0.0024921377
221,6,0.0,0.0027672085
221,7,0.0,0.0025741858
221,8,0.0,0.0031928513
221,9,0.0,0.0031659836
221,10,0.0,0.0028032577
221,11,0.0,0.0024226015
221,12,0.0,0.0017411057
221,13,0.0,0.0035226503
221,14,0.0,0.0025905785
221,15,0.0,0.002786642
221,16,0.0,0.0017637173
221,17,0.0,0.0026135542
221,18,0.0,0.0015880307
221,19,0.0,0.0025655814
221,20,0.0,0.0025852877
221,21,0.139376951779195,0.0022832048
221,22,0.0,0.001814452
221,23,0.0,0.0027788319
221,24,0.0,0.0025996724
221,25,0.0,0.0019225441
221,26,0.0,0.0019215699
221,27,0.0,0.0017564967
221,28,-0.140210766115098,0.001565781
221,29,0.0,0.0022639432
221,30,0.0,0.002036726
221,31,0.0,0.003133922
221,32,0.0,0.003582865
221,33,0.0,0.0017544562
221,34,0.0,0.002528259
221,35,0.0,0.002449776
221,36,0.0,0.0016362243
221,37,0.131922344785445,0.0022932785
221,38,0.0,0.0027395664
221,39,0.142706161935377,0.0026968084
221,40,0.0,0.0023149047
221,41,0.0,0.0027904548
221,42,0.0,0.0015216405
221,43,0.0,0.0016101506
221,44,0.0,0.0014956463
221,45,0.0,0.0026145782
221,46,0.0,0.0031525237
221,47,-0.128293416670042,0.0027657421
221,48,0.0,0.0020471085
221,49,0.0,0.0026239003
221,50,0.0,0.002788052
221,51,0.0,0.0021577752
221,52,0.0,0.0024614716
221,53,0.0,0.0014612498
221,54,0.0,0.0027634255
221,55,-0.14625745298895,0.0023156512
221,56,0.0,0.0018596845
221,57,0.0,0.0024466403
221,58,0.0,0.0033987896
221,59,0.0,0.0027663335
221,60,0.0,0.0025821258
221,61,0.0,0.0021121409
221,62,0.0,0.001890305
221,63,0.0,0.002651019
221,64,0.0,0.0014733239
221,65,0.0,0.0026997686
221,66,0.0,0.0016690833
221,67,0.0,0.0024771225
221,68,0.0,0.0022910945
221,69,0.0,0.0034165722
221,70,-0.142081041053338,0.0014932547
221,71,0.0,0.0014899108
221,72,0.0,0.0022713947
221,73,0.0,0.0025549997
221,74,0.0,0.0019009416
221,75,0.0,0.0026321216
221,76,0.0,0.002026556
221,77,0.0,0.0019270447
221,78,0.0,0.0015395535
221,79,0.0,0.0023527904
221,80,0.0,0.0035975976
221,81,0.0,0.0027988
221,82,0.0,0.0014784043
221,83,0.0,0.002435124
221,84,0.0,0.003631963
221,85,0.0,0.0032790694
221,86,0.0,0.002479774
221,87,0.0,0.002165447
221,88,0.0,0.0027766726
221,89,0.0,0.002423962
221,90,0.0,0.0022655968
221,91,0.0,0.002582063
221,92,0.0,0.0023885085
221,93,0.0,0.0027556987
221,94,0.0,0.0023586396
221,95,0.0,0.0026854533
221,96,0.0,0.0021172594
221,97,0.0,0.0021426454
221,98,0.0,0.0025569377
221,99,0.0,0.003632938
221,100,0.0,0.0022263327
221,101,0.0,0.0027166982
221,102,0.0,0.001460256
221,103,0.151415913610942,0.0021704994
221,104,0.0,0.003576802
221,105,0.0,0.0016482761
221,106,0.0,0.002614751
221,107,0.0,0.003420333
221,108,0.0,0.002552113
221,109,0.0,0.0035121357
221,110,0.0,0.0023707533
221,111,0.150187032945003,0.0026076161
221,112,0.0,0.002357277
221,113,0.0,0.0017702309
221,114,0.0,0.002691717
221,115,-0.131713814967757,0.0017075008
221,116,0.0,0.002277317
221,117,0.0,0.0017199032
221,118,0.0,0.0016734735
221,119,0.0,0.0023506894
221,120,0.0,0.0014973711
221,121,0.0,0.0026819985
221,122,0.0,0.0014830348
221,123,0.137195336758699,0.001968864
221,124,0.0,0.0027366672
221,125,0.0,0.002394821
221,126,0.0,0.002660525
221,127,0.0,0.0015351814
221,128,0.0,0.002746568
221,129,0.0,0.002470693
221,130,0.0,0.0017282837
221,131,0.0,0.0014921497
221,132,0.0,0.0025536837
221,133,0.0,0.0025518248
221,134,0.0,0.0021651927
221,135,0.0,0.0020096488
221,136,0.0,0.0016565379
221,137,0.0,0.0016088365
221,138,0.0,0.0023262221
221,139,0.0,0.002074393
221,140,0.0,0.0030128532
221,141,0.0,0.0027084928
221,142,0.0,0.0014709048
221,143,0.0,0.0024670418
221,144,0.0,0.0023456244
221,145,0.0,0.0025888537
221,146,0.0,0.0018763761
221,147,0.0,0.0027288618
221,148,0.0,0.0015032464
221,149,0.0,0.0014871461
221,150,0.0,0.003552901
221,151,0.0,0.0026097777
221,152,0.0,0.002794575
221,153,0.0,0.0016802889
221,154,0.0,0.0014880328
221,155,-0.155448163403212,0.0015400108
221,156,0.0,0.001550979
221,157,0.0,0.002460348
221,158,0.0,0.0026959316
221,159,0.0,0.0028084018
221,160,0.0,0.002324801
221,161,0.0,0.0027302145
221,162,0.0,0.0025707195
221,163,0.0,0.0016911104
221,164,-0.146466712520791,0.0023161215
221,165,0.0,0.0024791807
221,166,0.0,0.0027189846
221,167,0.0,0.00205694
221,168,0.0,0.0035385815
221,169,0.0,0.0014873948
221,170,0.0,0.002554058
221,171,0.0,0.002416668
221,172,0.0,0.0024708682
221,173,0.0,0.0026065526
221,174,0.0,0.0034370027
221,175,0.0,0.002185905
221,176,0.0,0.0027844044
221,177,0.0,0.002959997
221,178,0.0,0.0024620006
221,179,0.0,0.0034508384
221,180,0.0,0.0024914606
221,181,0.0,0.002417448
221,182,0.0,0.0022712913
221,183,0.0,0.0017934139
221,184,0.0,0.0023986804
221,185,0.0,0.0030426392
221,186,0.0,0.0028248765
221,187,0.0,0.0014831307
221,188,0.0,0.002189756
221,189,0.0,0.0036177947
221,190,0.0,0.0025110696
221,191,0.0,0.002422208
221,192,0.0,0.0016193395
221,193,0.0,0.0021876795
221,194,0.0,0.002666945
221,195,0.0,0.0020475062
221,196,0.0,0.002852623
221,197,0.0,0.0023916527
221,198,0.0,0.0026791939
221,199,0.0,0.002347337
221,200,0.0,0.0023078807
221,201,0.0,0.0017843535
221,202,0.0,0.002910485
221,203,0.0,0.0035685627
221,204,0.0,0.0017220341
221,205,0.0,0.0026139528
221,206,0.0,0.0025159256
221,207,0.0,0.0018758504
221,208,0.0,0.0016799904
221,209,0.0,0.0031788046
221,210,0.0,0.0021171756
221,211,0.0,0.0026449463
221,212,0.0,0.0021883207
221,213,0.0,0.0023766318
221,214,0.0,0.0025400287
221,215,0.0,0.0017302101
221,216,0.138282939992568,0.0020745033
221,217,0.0,0.0035464214
221,218,0.0,0.0028040814
221,219,0.0,0.0017957892
221,220,0.0,0.0016341461
221,221,0.0,0.030703487
221,222,0.0,0.0018720138
221,223,0.0,0.0030508349
221,224,0.0,0.0017170748
221,225,0.0,0.0027580545
221,226,0.0,0.0016320786
221,227,0.0,0.002088332
221,228,0.0,0.0020836038
221,229,0.0,0.002486628
221,230,0.0,0.0017156368
221,231,0.0,0.0027108206
221,232,0.0,0.002787467
221,233,0.0,0.0021608053
221,234,0.0,0.0014924086
221,235,0.0,0.0025181756
221,236,0.0,0.0018798141
221,237,0.0,0.0026251725
221,238,-0.174143535692095,0.0023245346
221,239,0.0,0.0024444768
221,240,0.0,0.002186846
221,241,0.0,0.0015346725
221,242,0.0,0.0018170504
221,243,0.0,0.0035665133
221,244,0.0,0.002637111
221,245,0.0,0.00234896
221,246,0.0,0.0024117064
221,247,0.0,0.001480022
221,248,0.0,0.0029678629
221,249,0.0,0.0024542278
221,250,0.181587770389393,0.002893588
221,251,0.0,0.0015561208
221,252,0.0,0.002402049
221,253,-0.174059531488646,0.0015011285
221,254,0.0,0.002612466
221,255,0.0,0.0028188685
221,256,0.0,0.0019450514
221,257,0.0,0.0025444091
221,258,0.0,0.0017623045
221,259,0.0,0.0026611597
221,260,0.0,0.0036145183
221,261,0.0,0.0035155113
221,262,0.0,0.0016010166
221,263,0.0,0.0016220682
221,264,0.0,0.0015291143
221,265,0.0,0.002785115
221,266,0.0,0.0024363357
221,267,0.0,0.0024889018
221,268,0.0,0.0025501861
222,1,0.0,0.0014928374
222,2,0.0,0.0015099081
222,3,0.0,0.002420641
222,4,0.0,0.0035567344
222,5,0.0,0.0026312508
222,6,-0.157161043181051,0.002547257
222,7,0.0,0.0022171238
222,8,0.0,0.0025771484
222,9,0.0,0.0029214225
222,10,0.0,0.0023952778
222,11,0.0,0.0016136984
222,12,0.0,0.0024850047
222,13,0.0,0.0017620791
222,14,0.0,0.0014768257
222,15,-0.156347054120276,0.002059184
222,16,0.0,0.0025865478
222,17,-0.166159096780508,0.002532456
222,18,0.160955045388381,0.0023249025
222,19,0.163095153385016,0.00233196
222,20,0.0,0.0016541337
222,21,0.0,0.0022773538
222,22,0.1746478003876,0.001480035
222,23,0.0,0.0032680165
222,24,0.0,0.0020030565
222,25,0.0,0.0025557638
222,26,0.0,0.002136182
222,27,0.0,0.001460609
222,28,0.0,0.0014884383
222,29,0.0,0.001866092
222,30,0.0,0.0025536143
222,31,0.0,0.0021939883
222,32,0.0,0.0015265271
222,33,0.0,0.0027183103
222,34,-0.155021164456277,0.002150511
222,35,0.0,0.002072305
222,36,0.0,0.0026051402
222,37,0.0,0.0015001604
222,38,0.0,0.0015062466
222,39,0.0,0.0022022529
222,40,0.0,0.0032361392
222,41,0.0,0.0017832718
222,42,0.0,0.0016637193
222,43,0.0,0.002593527
222,44,0.0,0.0031061238
222,45,0.0,0.0025639483
222,46,0.0,0.002444624
222,47,0.0,0.0021264157
222,48,0.0,0.0026139286
222,49,0.0,0.0027020066
222,50,0.0,0.0027679238
222,51,0.0,0.0014913175
222,52,0.0,0.002229916
222,53,0.0,0.0026144902
222,54,0.0,0.0015672869
222,55,0.0,0.0017240033
222,56,0.0,0.0017311606
222,57,0.0,0.0023698052
222,58,0.0,0.0034346469
222,59,0.0,0.0014674314
222,60,0.0,0.0025219927
222,61,0.0,0.0014645848
222,62,0.0,0.001665316
222,63,0.0,0.0027136602
222,64,0.0,0.0027467604
222,65,0.0,0.001855988
222,66,0.0,0.0022924975
222,67,0.0,0.0014864649
222,68,0.0,0.0030330135
222,69,0.0,0.0024216333
222,70,0.162792150361456,0.0026591634
222,71,0.180222004894245,0.002361916
222,72,0.0,0.001484354
222,73,0.0,0.0030148318
222,74,0.0,0.0014616698
222,75,0.149285086400221,0.0022979844
222,76,0.0,0.0017138142
222,77,0.0,0.0015595444
222,78,0.0,0.0026116814
222,79,0.0,0.0015716259
222,80,0.0,0.0018668715
222,81,0.0,0.002379735
222,82,0.0,0.0014992328
222,83,0.0,0.0031138533
222,84,0.162179337237989,0.0024318215
222,85,0.0,0.002447132
222,86,0.0,0.0025008437
222,87,0.0,0.0018801326
222,88,0.0,0.0016553057
222,89,0.0,0.0026680897
222,90,-0.165339166029247,0.001824135
222,91,0.0,0.0014914153
222,92,0.0,0.002502034
222,93,0.0,0.0024744347
222,94,0.0,0.002002026
222,95,0.0,0.0026127584
222,96,0.0,0.0026312661
222,97,-0.162946139212363,0.0035526184
222,98,0.0,0.002445554
222,99,-0.161164599535002,0.0020620525
222,100,0.156307357696563,0.0014991066
222,101,0.0,0.0025490308
222,102,0.0,0.0039738882
222,103,0.0,0.0017722994
222,104,0.0,0.0029694475
222,105,0.0,0.0016150861
222,106,0.0,0.0014932705
222,107,0.0,0.0019253707
222,108,0.0,0.0024477844
222,109,0.0,0.0019554188
222,110,0.0,0.0016864445
222,111,0.0,0.0016652029
222,112,0.0,0.0016278303
222,113,0.0,0.0023021912
222,114,0.0,0.003467415
222,115,0.0,0.0017296704
222,116,0.0,0.0014770674
222,117,0.0,0.00158421
222,118,0.0,0.0026346655
222,119,0.152137649882942,0.0021524196
222,120,0.0,0.0028593135
222,121,0.0,0.0014713826
222,122,0.0,0.0027739876
222,123,0.0,0.0023612012
222,124,0.0,0.0021528779
222,125,0.0,0.00314603
222,126,0.0,0.0021078484
222,127,-0.160107673793363,0.003276688
222,128,0.0,0.0028373972
222,129,0.0,0.0024848846
222,130,0.0,0.0026229299
222,131,0.0,0.0023104101
222,132,-0.160259660172325,0.003612802
222,133,0.0,0.0026142974
222,134,0.0,0.0027819937
222,135,0.0,0.0021200245
222,136,0.0,0.0024793851
222,137,0.0,0.0023712069
222,138,0.0,0.00229565
222,139,0.0,0.0019102087
222,140,0.0,0.00290403
222,141,0.0,0.0023865397
222,142,0.0,0.0040633064
222,143,0.0,0.0025997083
222,144,0.0,0.002431105
222,145,0.0,0.00204736
222,146,0.0,0.001730693
222,147,0.0,0.0017144969
222,148,0.0,0.0028480678
222,149,-0.15887878476799,0.0025949152
222,150,0.0,0.0014846558
222,151,0.0,0.002471657
222,152,0.0,0.0017402088
222,153,0.0,0.0025119036
222,154,0.0,0.0014777225
222,155,0.0,0.0025606342
222,156,0.0,0.0032412503
222,157,0.0,0.0023843604
222,158,0.0,0.0023880238
222,159,0.0,0.0033506001
222,160,0.0,0.0019208612
222,161,0.0,0.0023876862
222,162,0.0,0.0014936621
222,163,0.0,0.0018604295
222,164,0.0,0.0014939993
222,165,0.0,0.0014841761
222,166,0.0,0.0014816485
222,167,0.0,0.0016962052
222,168,0.0,0.0034898613
222,169,0.0,0.0015674816
222,170,0.0,0.0025229366
222,171,0.161286398078789,0.0020697424
222,172,0.0,0.0035443832
222,173,-0.151795561532416,0.0025178194
222,174,0.0,0.0017415951
222,175,0.0,0.0022204155
222,176,0.0,0.0016328888
222,177,0.169607045241234,0.0019144798
222,178,0.0,0.0018320875
222,179,0.0,0.00148632
222,180,0.0,0.0025770385
222,181,0.0,0.0031387918
222,182,0.0,0.0016088276
222,183,0.0,0.0023662462
222,184,0.0,0.002151072
222,185,0.0,0.0017043408
222,186,0.0,0.0026331488
222,187,0.158959842243267,0.002414777
222,188,0.0,0.00195794
222,189,0.0,0.0015576091
222,190,0.158132871047494,0.0023477962
222,191,0.164380912966008,0.001842747
222,192,-0.154593995131618,0.002654097
222,193,0.0,0.0023552491
222,194,0.0,0.0023177732
222,195,0.160169308974163,0.0020218003
222,196,0.0,0.0020919088
222,197,0.0,0.0017929212
222,198,0.0,0.0027856096
222,199,0.0,0.0021061283
222,200,0.0,0.0014927131
222,201,0.0,0.0034077056
222,202,0.0,0.0024209977
222,203,0.0,0.0024224059
222,204,0.0,0.0018154392
222,205,0.0,0.0035068002
222,206,0.0,0.002345427
222,207,0.0,0.0018037269
222,208,0.0,0.0028333021
222,209,0.0,0.0031283791
222,210,0.0,0.002656729
222,211,0.0,0.002626373
222,212,-0.159258871791565,0.00261357
222,213,0.0,0.0024905745
222,214,0.0,0.002348546
222,215,0.0,0.0026817261
222,216,0.0,0.0027499255
222,217,0.0,0.0024090847
222,218,0.0,0.0045908857
222,219,0.0,0.0035503916
222,220,0.0,0.0020450442
222,221,-0.147772075213877,0.0018720138
222,222,0.869591564871371,0.030703487
222,223,0.0,0.0021192892
222,224,0.0,0.0025905594
222,225,0.0,0.0024210634
222,226,0.0,0.0017922428
222,227,0.0,0.002774132
222,228,0.0,0.0034127412
222,229,0.0,0.0017372915
222,230,0.0,0.002777665
222,231,0.0,0.0019144616
222,232,0.0,0.0033754008
222,233,0.0,0.0025482993
222,234,0.0,0.0024695978
222,235,0.0,0.0021824418
222,236,0.0,0.00356497
222,237,0.0,0.0014668717
222,238,0.0,0.0014830125
222,239,0.0,0.0024810545
222,240,0.0,0.0031536305
222,241,0.0,0.0014639329
222,242,0.164217030915589,0.0024077585
222,243,0.0,0.003327523
222,244,0.0,0.0027810214
222,245,0.0,0.0031556226
222,246,0.0,0.002766986
222,247,0.0,0.0021421448
222,248,0.0,0.0018671984
222,249,0.0,0.0014622305
222,250,0.0,0.0023117783
222,251,0.0,0.0019772425
222,252,0.0,0.0020782123
222,253,0.0,0.0025222707
222,254,0.0,0.001492355
222,255,0.0,0.002985415
222,256,0.0,0.002130378
222,257,0.0,0.00244985
222,258,0.0,0.0023480924
222,259,0.0,0.0027518226
222,260,0.0,0.0026082755
222,261,0.0,0.0032452224
222,262,0.0,0.002528579
222,263,0.0,0.0014967294
222,264,0.0,0.0015372294
222,265,0.0,0.0023101415
222,266,0.171015105120312,0.003479863
222,267,0.0,0.0015576286
222,268,0.0,0.0035977773
223,1,0.151049250840463,0.002312724
223,2,0.0,0.0025728955
223,3,0.0,0.0021072896
223,4,0.0,0.0017986139
223,5,0.133964359424897,0.0025324165
223,6,0.146930691924816,0.0020576385
223,7,0.0,0.0017247759
223,8,0.0,0.001901329
223,9,0.0,0.001492897
223,10,0.0,0.0026639123
223,11,0.0,0.00352989
223,12,0.0,0.0027803555
223,13,-0.14066869942432,0.0018364415
223,14,0.0,0.001491427
223,15,0.0,0.001741833
223,16,0.0,0.0017189523
223,17,0.0,0.0016102637
223,18,0.0,0.0016127164
223,19,0.0,0.0032629315
223,20,0.0,0.001979155
223,21,0.0,0.0027756253
223,22,0.0,0.0024750428
223,23,0.0,0.0016610529
223,24,0.0,0.002517756
223,25,0.0,0.0027455394
223,26,0.0,0.0034118383
223,27,0.0,0.0014790376
223,28,0.0,0.0025968459
223,29,0.0,0.0016987692
223,30,0.0,0.0020621289
223,31,0.0,0.0023294045
223,32,0.0,0.0016692621
223,33,0.0,0.0023669172
223,34,0.0,0.0024289177
223,35,-0.147856874442363,0.0024786065
223,36,0.0,0.0015163645
223,37,0.0,0.0018141
223,38,0.0,0.002788023
223,39,0.0,0.001803128
223,40,0.149278271328887,0.0031254399
223,41,0.0,0.0036128825
223,42,0.0,0.0024231113
223,43,0.0,0.0027125482
223,44,0.0,0.0017363224
223,45,0.0,0.00349708
223,46,0.0,0.002645912
223,47,0.0,0.0025862856
223,48,0.0,0.0015753075
223,49,0.0,0.0031020679
223,50,0.0,0.002775841
223,51,0.15247189891951,0.002049473
223,52,0.0,0.0015818081
223,53,0.0,0.0019873073
223,54,0.0,0.003592268
223,55,0.0,0.0023815297
223,56,0.0,0.0016194456
223,57,0.0,0.0024740673
223,58,0.0,0.0021446426
223,59,-0.153267282924166,0.0021820343
223,60,0.142765157663193,0.0026956862
223,61,0.0,0.0024228604
223,62,0.0,0.0025353464
223,63,0.0,0.0027711228
223,64,0.0,0.0033502737
223,65,0.182926356658751,0.0014989795
223,66,0.0,0.0017194832
223,67,0.0,0.0036027427
223,68,0.0,0.0024227109
223,69,0.0,0.0022726767
223,70,0.0,0.0014949678
223,71,0.0,0.0019292147
223,72,0.0,0.001475187
223,73,0.0,0.0024886592
223,74,0.0,0.0017182841
223,75,0.0,0.003568946
223,76,0.0,0.0021727919
223,77,0.0,0.0027786596
223,78,0.0,0.0016873833
223,79,0.0,0.0014797128
223,80,0.0,0.002143871
223,81,0.0,0.0025293892
223,82,0.148384866159657,0.0027953587
223,83,0.164439291871062,0.0020521474
223,84,0.0,0.002138779
223,85,0.0,0.0017252332
223,86,0.0,0.003253715
223,87,0.159177559258387,0.0023670555
223,88,0.0,0.002809133
223,89,0.0,0.003074633
223,90,0.0,0.002962072
223,91,0.0,0.002457825
223,92,0.0,0.0025085737
223,93,0.147764039782475,0.0029177084
223,94,0.0,0.003109855
223,95,0.0,0.0027372735
223,96,0.0,0.0031908606
223,97,0.0,0.0021082372
223,98,0.0,0.0016216482
223,99,0.0,0.002640793
223,100,0.0,0.0024586963
223,101,0.0,0.0023552515
223,102,0.0,0.0025137546
223,103,0.0,0.0019449987
223,104,0.0,0.0023249132
223,105,0.0,0.0018838835
223,106,0.0,0.0024326527
223,107,0.0,0.0015616012
223,108,0.0,0.002553116
223,109,0.0,0.0020621205
223,110,0.0,0.0014805291
223,111,0.16087827013729,0.002316921
223,112,0.0,0.00195526
223,113,0.0,0.0024664486
223,114,-0.143693211124406,0.0020214845
223,115,0.0,0.0027774125
223,116,0.0,0.0017661727
223,117,0.0,0.0023081144
223,118,-0.14511761265513,0.0024940823
223,119,0.0,0.002307274
223,120,-0.162146945346264,0.0034766998
223,121,0.0,0.0023843423
223,122,-0.146843563564796,0.0026550107
223,123,0.0,0.002624984
223,124,0.0,0.0032555456
223,125,0.0,0.0034349342
223,126,0.0,0.0022237212
223,127,0.0,0.002506984
223,128,0.0,0.002401209
223,129,0.0,0.002665976
223,130,0.0,0.0032904292
223,131,0.0,0.0021387348
223,132,0.0,0.0018977011
223,133,0.0,0.00256351
223,134,0.0,0.0016241744
223,135,0.0,0.0019446961
223,136,0.0,0.0027061133
223,137,0.0,0.0022026156
223,138,0.0,0.0022063316
223,139,0.0,0.0016435138
223,140,0.0,0.0025351364
223,141,-0.165876955907177,0.0014768485
223,142,0.0,0.0019942308
223,143,0.0,0.0022567217
223,144,0.0,0.0020564212
223,145,0.0,0.0029673977
223,146,0.0,0.0027371529
223,147,0.0,0.0023381067
223,148,-0.159683342020032,0.0024665678
223,149,0.0,0.0015308377
223,150,0.0,0.0014795377
223,151,0.0,0.0025152932
223,152,0.0,0.002584055
223,153,0.0,0.0032763206
223,154,0.0,0.0015395777
223,155,0.0,0.0022225133
223,156,0.0,0.002568706
223,157,0.0,0.0025320738
223,158,0.0,0.0020620632
223,159,0.0,0.0017885151
223,160,0.0,0.0021512005
223,161,0.142825589595125,0.0021257284
223,162,0.0,0.001483717
223,163,0.0,0.002726161
223,164,0.0,0.001467594
223,165,0.0,0.002308967
223,166,0.0,0.00149319
223,167,-0.142684285668761,0.0021561505
223,168,0.0,0.002437865
223,169,0.0,0.0018317592
223,170,0.0,0.0027703857
223,171,0.0,0.0024564178
223,172,0.159140450205623,0.0023205187
223,173,0.0,0.0017378591
223,174,0.0,0.0025051548
223,175,0.0,0.003024043
223,176,0.0,0.0032324023
223,177,0.0,0.0025905725
223,178,0.0,0.002089901
223,179,0.0,0.0024005454
223,180,0.0,0.0017740191
223,181,0.0,0.0025372803
223,182,0.0,0.0022055325
223,183,0.0,0.001491474
223,184,0.0,0.0026562475
223,185,0.0,0.0023710784
223,186,0.0,0.0027426006
223,187,0.0,0.002831283
223,188,0.0,0.0025713863
223,189,0.14926384554226,0.001493074
223,190,0.0,0.0026382785
223,191,0.0,0.0015758565
223,192,0.0,0.0016061263
223,193,0.0,0.0017974665
223,194,0.0,0.0026540253
223,195,0.0,0.0028843288
223,196,0.146114877423408,0.0024342965
223,197,0.0,0.00194764
223,198,0.0,0.0022891504
223,199,0.0,0.0022334647
223,200,0.0,0.0016715662
223,201,0.0,0.0015224232
223,202,0.0,0.0033124639
223,203,0.0,0.0031550983
223,204,0.0,0.0021954225
223,205,0.0,0.0018236204
223,206,0.0,0.0022463244
223,207,0.0,0.0024889833
223,208,0.0,0.0024519558
223,209,0.0,0.00362241
223,210,0.0,0.0030978578
223,211,0.0,0.0017518862
223,212,0.0,0.0014595976
223,213,0.0,0.0024110912
223,214,0.0,0.0018841466
223,215,0.0,0.0033516916
223,216,0.0,0.003555555
223,217,0.0,0.0020090314
223,218,0.141179436655685,0.0015083253
223,219,0.0,0.0016117194
223,220,0.0,0.0034664148
223,221,0.0,0.0030508349
223,222,0.0,0.0021192892
223,223,0.614314413396642,0.030703487
223,224,0.0,0.0021825163
223,225,0.0,0.0015705349
223,226,0.0,0.0023771962
223,227,0.0,0.0026197508
223,228,0.0,0.0017905561
223,229,0.0,0.0030449736
223,230,0.0,0.0015684715
223,231,0.0,0.002463479
223,232,0.0,0.002657713
223,233,0.158752680018443,0.0025597932
223,234,0.0,0.0025861352
223,235,0.0,0.0014933208
223,236,0.0,0.0023089559
223,237,0.0,0.0017977594
223,238,0.0,0.0026777657
223,239,0.0,0.0023362204
223,240,0.0,0.0023881788
223,241,0.0,0.0017145504
223,242,0.0,0.0035443492
223,243,0.0,0.003145575
223,244,0.0,0.0035088593
223,245,0.0,0.0015449617
223,246,0.0,0.0026121396
223,247,-0.161949139152227,0.0015846486
223,248,0.0,0.0024711783
223,249,0.0,0.0023452085
223,250,0.0,0.0014870423
223,251,0.0,0.0016173203
223,252,-0.165220818074248,0.0034214524
223,253,0.0,0.003305918
223,254,0.0,0.0017815125
223,255,0.0,0.002350707
223,256,0.0,0.0017706561
223,257,0.0,0.0025955243
223,258,0.0,0.0025177049
223,259,0.0,0.0024992712
223,260,0.0,0.002705892
223,261,0.162211881939618,0.0026598936
223,262,0.0,0.0018911064
223,263,0.0,0.0016688313
223,264,0.0,0.0019819438
223,265,0.0,0.0025013802
223,266,0.0,0.0029676333
223,267,0.0,0.0014893832
223,268,0.0,0.0026908386
224,1,0.0,0.0015620822
224,2,0.0,0.0025489214
224,3,0.0,0.0020597223
224,4,0.153871279326327,0.0033162278
224,5,0.0,0.0019283984
224,6,0.0,0.0019540088
224,7,0.0,0.0029252055
224,8,0.0,0.0026012063
224,9,0.0,0.0018807235
224,10,0.0,0.0025576497
224,11,0.0,0.0025275205
224,12,0.0,0.0024698563
224,13,0.141622390150511,0.0014870069
224,14,0.0,0.0027662534
224,15,0.0,0.0014749332
224,16,0.0,0.0014809757
224,17,0.0,0.0017299014
224,18,0.0,0.0024379855
224,19,0.0,0.0032625827
224,20,0.0,0.0020988467
224,21,0.0,0.002793952
224,22,0.0,0.001724584
224,23,0.0,0.0024320013
224,24,0.0,0.0026312731
224,25,0.158475941891924,0.0018759989
224,26,0.0,0.0024920367
224,27,0.0,0.0035965322
224,28,0.0,0.0022434858
224,29,0.0,0.0020096675
224,30,0.0,0.0027799625
224,31,0.0,0.0025489926
224,32,0.0,0.001489494
224,33,0.0,0.0014681737
224,34,0.0,0.0018920284
224,35,0.0,0.0027224887
224,36,0.0,0.0014984519
224,37,0.0,0.0014967062
224,38,-0.146377777200333,0.0015053973
224,39,0.0,0.0014681481
224,40,0.0,0.0023256224
224,41,0.0,0.0025061797
224,42,0.143015820757435,0.0014844188
224,43,0.0,0.0019286056
224,44,0.0,0.001739793
224,45,0.0,0.002208257
224,46,0.0,0.0027574357
224,47,0.0,0.0014576763
224,48,0.0,0.0029304335
224,49,0.0,0.0018920451
224,50,0.145975481488348,0.00351603
224,51,0.0,0.0035358611
224,52,0.0,0.001490097
224,53,0.0,0.0017064838
224,54,0.0,0.0014749011
224,55,0.0,0.0024462258
224,56,0.1467248137693,0.002402692
224,57,0.151838321953926,0.0023405375
224,58,0.0,0.0025930074
224,59,0.0,0.0022307732
224,60,0.0,0.0025475752
224,61,0.0,0.0035671378
224,62,0.0,0.0016345019
224,63,0.0,0.0017424668
224,64,0.0,0.0023519401
224,65,0.0,0.0020035207
224,66,0.0,0.0026924624
224,67,0.0,0.003413755
224,68,0.0,0.0022966238
224,69,0.0,0.0025797985
224,70,0.0,0.0027138283
224,71,0.0,0.0014926549
224,72,0.0,0.0022984738
224,73,0.158790463770574,0.0032937299
224,74,0.0,0.0029311744
224,75,0.0,0.0016432377
224,76,0.0,0.0023037544
224,77,0.0,0.0025305646
224,78,0.0,0.0035132938
224,79,0.0,0.002030882
224,80,0.137342360646993,0.002664981
224,81,0.0,0.0028529214
224,82,0.0,0.001692507
224,83,0.165554139938333,0.0022906568
224,84,0.0,0.0020049815
224,85,0.0,0.0026347484
224,86,0.0,0.0023869453
224,87,0.0,0.0023477827
224,88,0.153074662669325,0.003179091
224,89,0.0,0.0033081612
224,90,0.0,0.0015472793
224,91,0.0,0.0027805073
224,92,0.0,0.0018418981
224,93,0.14876583474455,0.0032515968
224,94,0.0,0.0017406694
224,95,0.0,0.0014758073
224,96,0.0,0.0019247606
224,97,0.0,0.0015324964
224,98,0.0,0.0035625082
224,99,0.0,0.002512528
224,100,0.0,0.0019305171
224,101,0.0,0.00262789
224,102,0.148134627465982,0.0015110634
224,103,0.0,0.0015411153
224,104,0.0,0.0035774405
224,105,0.0,0.0025497451
224,106,0.0,0.0014872188
224,107,-0.147736057053092,0.0020133778
224,108,0.0,0.0029262402
224,109,0.0,0.0029749237
224,110,0.0,0.0023848698
224,111,0.0,0.0034024105
224,112,0.0,0.003555582
224,113,0.0,0.0023855953
224,114,0.0,0.0023426437
224,115,0.0,0.0022138325
224,116,0.0,0.0018798984
224,117,0.0,0.0017646449
224,118,0.0,0.002444137
224,119,0.0,0.00252154
224,120,0.0,0.0017359513
224,121,0.0,0.0024828142
224,122,0.0,0.002538757
224,123,0.0,0.0022529205
224,124,0.0,0.0027702749
224,125,0.0,0.0022826684
224,126,0.0,0.0033673523
224,127,0.0,0.0017915689
224,128,0.0,0.0036275485
224,129,0.0,0.0035316763
224,130,0.0,0.0033461857
224,131,0.0,0.0015093517
224,132,0.0,0.0025518052
224,133,0.0,0.0033365092
224,134,0.0,0.0032193144
224,135,0.0,0.002742698
224,136,0.0,0.002293996
224,137,0.0,0.0023533823
224,138,0.0,0.0014693108
224,139,0.0,0.003226737
224,140,0.0,0.0033595087
224,141,0.0,0.0015806239
224,142,0.0,0.0027818014
224,143,0.0,0.00165933
224,144,0.0,0.0016971636
224,145,0.0,0.0025867792
224,146,0.0,0.0022300626
224,147,0.153212713965604,0.0022476828
224,148,0.0,0.0015657386
224,149,0.0,0.0015864526
224,150,0.0,0.0027943188
224,151,0.0,0.0019285632
224,152,0.0,0.0030023544
224,153,0.0,0.0030356855
224,154,0.0,0.0021422105
224,155,-0.167642833648863,0.0027820887
224,156,0.150565489389053,0.0014703902
224,157,0.0,0.0016837176
224,158,0.0,0.0034256736
224,159,0.0,0.0014869114
224,160,0.0,0.0021127001
224,161,0.0,0.0026130914
224,162,0.0,0.0016373303
224,163,0.0,0.0032310076
224,164,0.0,0.0024041105
224,165,0.0,0.0020426675
224,166,0.0,0.0026889206
224,167,0.0,0.00349365
224,168,0.0,0.0027510338
224,169,0.145676809262385,0.0026006326
224,170,0.0,0.00264881
224,171,0.0,0.002178111
224,172,0.0,0.0017536683
224,173,0.0,0.0031751865
224,174,0.14637252746532,0.0017480245
224,175,0.0,0.0014901217
224,176,-0.162250063726141,0.0021224418
224,177,0.0,0.0024493225
224,178,0.0,0.0026342208
224,179,0.0,0.0014937329
224,180,0.0,0.0023831245
224,181,0.0,0.00277797
224,182,0.0,0.0016578911
224,183,0.0,0.0026241504
224,184,0.0,0.0033288128
224,185,0.0,0.0018301005
224,186,0.0,0.002855016
224,187,0.0,0.0015163771
224,188,0.0,0.001486016
224,189,0.0,0.002531188
224,190,0.0,0.001786565
224,191,-0.154722493775825,0.0026273862
224,192,0.0,0.0014794441
224,193,0.0,0.0018134047
224,194,0.0,0.0035931165
224,195,0.0,0.0023935144
224,196,0.0,0.0024615708
224,197,0.0,0.0014798311
224,198,0.0,0.0025808415
224,199,0.0,0.0016817218
224,200,0.0,0.0022580759
224,201,0.0,0.0018569324
224,202,0.0,0.0024886471
224,203,0.0,0.002316337
224,204,0.0,0.0015017074
224,205,0.0,0.0019278959
224,206,0.0,0.0027441313
224,207,0.0,0.0016019214
224,208,0.0,0.0022370904
224,209,0.0,0.0028336002
224,210,0.0,0.0034973198
224,211,0.0,0.0024960847
224,212,0.0,0.001995069
224,213,0.0,0.0026893076
224,214,0.151919998363514,0.0035296031
224,215,0.0,0.0015312675
224,216,0.0,0.0017974637
224,217,0.0,0.0028345636
224,218,0.0,0.0023232885
224,219,0.0,0.0021530176
224,220,0.0,0.002658281
224,221,0.0,0.0017170748
224,222,0.0,0.0025905594
224,223,0.0,0.0021825163
224,224,0.0,0.030703487
224,225,0.0,0.0014933199
224,226,0.0,0.0021990668
224,227,0.153067742577334,0.0024596583
224,228,0.0,0.0029037204
224,229,0.0,0.002707255
224,230,0.0,0.001829436
224,231,0.0,0.0024884804
224,232,0.0,0.0023360616
224,233,0.0,0.0024184873
224,234,0.147189700822727,0.0033236514
224,235,0.0,0.001780482
224,236,0.0,0.0024837991
224,237,0.0,0.00294661
224,238,0.0,0.0022457116
224,239,0.0,0.0024166312
224,240,0.0,0.0024699857
224,241,0.0,0.0018413803
224,242,0.0,0.002865632
224,243,0.0,0.0023216158
224,244,0.0,0.0032010418
224,245,-0.150748183196581,0.0028549964
224,246,0.0,0.0022827294
224,247,0.0,0.0027561127
224,248,0.0,0.0027810433
224,249,-0.160565106043927,0.0024636746
224,250,0.0,0.0019398676
224,251,0.0,0.002439294
224,252,0.0,0.0027247202
224,253,0.0,0.0027852077
224,254,0.0,0.0024526697
224,255,0.0,0.0018899972
224,256,0.0,0.0034989384
224,257,0.0,0.0023448411
224,258,0.0,0.0027453117
224,259,0.0,0.0021222
224,260,0.0,0.00239145
224,261,0.0,0.0014937134
224,262,0.0,0.0018111034
224,263,0.0,0.002402165
224,264,0.0,0.0017389706
224,265,0.0,0.0014858721
224,266,0.0,0.0015453612
224,267,0.0,0.00171712
224,268,0.0,0.0023868978
225,1,0.0,0.0028008884
225,2,0.0,0.0023175091
225,3,0.0,0.0025159516
225,4,0.0,0.002341739
225,5,0.0,0.0020099254
225,6,0.0,0.0029095882
225,7,0.0,0.0017754696
225,8,0.0,0.0027374001
225,9,0.136112294856658,0.001667934
225,10,0.140317396254032,0.0026664953
225,11,0.0,0.0035221754
225,12,0.0,0.0032789786
225,13,0.0,0.0018484308
225,14,0.0,0.001705951
225,15,0.0,0.002384523
225,16,0.0,0.0016916096
225,17,0.0,0.0027665873
225,18,0.0,0.002752616
225,19,-0.143937779572871,0.0023578438
225,20,0.0,0.0022682743
225,21,0.0,0.0014903396
225,22,0.0,0.001694466
225,23,0.0,0.003462871
225,24,0.0,0.0016973158
225,25,0.0,0.0019916208
225,26,0.0,0.0023237732
225,27,0.0,0.0015829508
225,28,0.0,0.002379349
225,29,0.0,0.0025196965
225,30,0.0,0.0017841686
225,31,0.0,0.0016048849
225,32,0.0,0.0021032924
225,33,0.0,0.0017694053
225,34,0.0,0.0023136814
225,35,0.0,0.0014917515
225,36,0.0,0.0028209323
225,37,0.133398035663636,0.0014967322
225,38,0.0,0.0014943136
225,39,0.0,0.0024226871
225,40,0.0,0.0032158825
225,41,0.0,0.0022326233
225,42,0.0,0.001870967
225,43,0.0,0.0020183418
225,44,0.0,0.0031984323
225,45,0.0,0.0023585046
225,46,0.0,0.002729787
225,47,0.0,0.0014929548
225,48,0.0,0.0028351876
225,49,0.0,0.0021067848
225,50,0.0,0.002214294
225,51,0.0,0.0037906845
225,52,0.0,0.0034821169
225,53,0.0,0.0032205097
225,54,0.0,0.002184568
225,55,0.0,0.0016544573
225,56,0.0,0.0020523677
225,57,-0.142368224972911,0.002435783
225,58,0.0,0.00276765
225,59,0.0,0.0025693872
225,60,0.0,0.0019087577
225,61,0.0,0.0028267726
225,62,0.0,0.0027577537
225,63,0.0,0.0025841459
225,64,0.0,0.0016782023
225,65,0.0,0.0025569294
225,66,-0.135546166553086,0.0017364076
225,67,0.0,0.0027683019
225,68,0.0,0.0025284146
225,69,-0.146211845826356,0.0027761357
225,70,0.0,0.0025054365
225,71,0.0,0.0016850317
225,72,0.0,0.0016657403
225,73,0.0,0.0020204475
225,74,0.0,0.002422507
225,75,0.0,0.0024244343
225,76,0.0,0.001944813
225,77,0.0,0.0018074941
225,78,0.0,0.0027760053
225,79,0.0,0.0017316211
225,80,0.0,0.0022388794
225,81,0.0,0.0036250092
225,82,0.140073419769929,0.0025510993
225,83,0.0,0.00220992
225,84,0.143129536409514,0.0019270368
225,85,0.0,0.0023611481
225,86,0.0,0.0024532238
225,87,0.0,0.0017005648
225,88,0.0,0.0017406046
225,89,0.0,0.0025999816
225,90,0.0,0.0014724233
225,91,0.0,0.0024997643
225,92,0.0,0.003354994
225,93,0.0,0.0022464567
225,94,0.0,0.0035298
225,95,0.0,0.002725124
225,96,0.0,0.0025491947
225,97,0.0,0.0030307756
225,98,0.0,0.0029679602
225,99,0.0,0.0024473895
225,100,0.0,0.0022520116
225,101,0.0,0.003216954
225,102,0.0,0.002803531
225,103,0.153109660662602,0.0016263635
225,104,0.0,0.0017411932
225,105,0.0,0.0025764308
225,106,0.0,0.0020033605
225,107,-0.138521816735616,0.0014808872
225,108,0.0,0.002428813
225,109,0.0,0.0026349165
225,110,0.0,0.0015465934
225,111,0.0,0.0016041454
225,112,0.0,0.0014736089
225,113,0.0,0.0028053839
225,114,0.0,0.0026117507
225,115,0.0,0.002423808
225,116,0.0,0.0026628575
225,117,0.0,0.0024410319
225,118,0.0,0.00249092
225,119,-0.134267359017656,0.0028234264
225,120,0.0,0.0027764458
225,121,0.0,0.0016006511
225,122,0.0,0.003038541
225,123,0.0,0.002669244
225,124,0.0,0.0027295602
225,125,0.133690495818608,0.0023448234
225,126,0.0,0.0023914203
225,127,0.0,0.0014939713
225,128,0.0,0.0018677628
225,129,0.140325702892597,0.0019616168
225,130,0.0,0.0017801225
225,131,0.135918895527359,0.0026472071
225,132,0.0,0.0014822343
225,133,0.0,0.0022029472
225,134,0.0,0.0021001291
225,135,0.0,0.0024476233
225,136,-0.13132279146565,0.0026473538
225,137,0.0,0.0014926423
225,138,0.0,0.0023493078
225,139,0.0,0.0017864243
225,140,0.0,0.0021235123
225,141,0.0,0.0044782814
225,142,0.0,0.001650569
225,143,0.0,0.0036292789
225,144,0.0,0.0022704327
225,145,0.0,0.0020513036
225,146,-0.137946141718991,0.0014920766
225,147,0.14365689669031,0.0014686957
225,148,0.0,0.0014759665
225,149,0.0,0.0017192732
225,150,0.0,0.003966866
225,151,0.0,0.0016631396
225,152,0.0,0.0015184563
225,153,0.0,0.0022373055
225,154,0.0,0.0015759473
225,155,0.0,0.0024986789
225,156,0.141174778479187,0.0023530042
225,157,0.0,0.0033231028
225,158,0.0,0.002550893
225,159,0.0,0.0014940561
225,160,0.0,0.0029920428
225,161,0.0,0.0031035417
225,162,0.0,0.0017948356
225,163,0.0,0.002094178
225,164,0.0,0.0016308785
225,165,0.0,0.002576354
225,166,0.0,0.003374178
225,167,0.0,0.0023561562
225,168,0.0,0.0017350074
225,169,0.0,0.001481358
225,170,0.0,0.0023075868
225,171,0.0,0.002444571
225,172,0.0,0.0028391178
225,173,0.0,0.0024092281
225,174,0.0,0.0027652131
225,175,0.0,0.0023145392
225,176,0.0,0.002779631
225,177,0.0,0.002429192
225,178,0.136012639314756,0.0016564517
225,179,0.0,0.0016074469
225,180,0.0,0.0026758313
225,181,0.0,0.0024685892
225,182,0.0,0.0014629825
225,183,0.0,0.0037610475
225,184,0.0,0.0034466358
225,185,0.0,0.0017285058
225,186,0.0,0.0023878124
225,187,0.0,0.001481521
225,188,0.0,0.0027374346
225,189,0.0,0.0014926209
225,190,0.0,0.001825517
225,191,0.0,0.0021208716
225,192,0.0,0.0015274966
225,193,0.0,0.0016208636
225,194,0.0,0.001516135
225,195,0.0,0.0026124092
225,196,0.0,0.0016746717
225,197,0.0,0.0014959467
225,198,0.0,0.0016443902
225,199,0.0,0.0014936505
225,200,0.0,0.002781941
225,201,0.0,0.0014975597
225,202,0.0,0.0025795805
225,203,0.0,0.0031371508
225,204,0.0,0.0014989786
225,205,0.0,0.0022508125
225,206,0.0,0.001663757
225,207,0.0,0.0015897639
225,208,0.0,0.002684467
225,209,0.0,0.002720321
225,210,0.0,0.0035962914
225,211,0.0,0.0026222668
225,212,0.0,0.0015273802
225,213,0.0,0.0021200306
225,214,0.0,0.001486674
225,215,0.0,0.0020163008
225,216,0.0,0.0034202426
225,217,0.0,0.0022163275
225,218,0.0,0.0018898137
225,219,0.0,0.0016294629
225,220,0.0,0.001554471
225,221,0.0,0.0027580545
225,222,0.0,0.0024210634
225,223,0.0,0.0015705349
225,224,0.0,0.0014933199
225,225,0.0,0.030703487
225,226,0.0,0.0016643144
225,227,0.0,0.0018543415
225,228,0.0,0.0026546088
225,229,0.0,0.0014881766
225,230,0.0,0.0027594552
225,231,0.0,0.0015637507
225,232,-0.145215874268462,0.0025635967
225,233,0.0,0.002770272
225,234,0.0,0.0032735756
225,235,0.0,0.0025504488
225,236,0.0,0.002163359
225,237,-0.148284549522122,0.0015233364
225,238,0.0,0.0017857174
225,239,0.0,0.0027827183
225,240,0.0,0.001824751
225,241,0.0,0.0045821974
225,242,0.0,0.0021688677
225,243,-0.150061697467507,0.0027011354
225,244,0.0,0.0026465068
225,245,0.0,0.0034600594
225,246,0.0,0.0014848141
225,247,0.0,0.0015605278
225,248,0.0,0.00219444
225,249,0.0,0.0017740726
225,250,-0.15364668644082,0.002691565
225,251,0.0,0.00197249
225,252,0.0,0.0024128496
225,253,0.0,0.001679061
225,254,0.0,0.0016525891
225,255,0.0,0.0024819481
225,256,0.0,0.0015203874
225,257,0.0,0.0024482505
225,258,0.0,0.0017394461
225,259,0.0,0.002474396
225,260,0.0,0.0020855893
225,261,0.0,0.002289568
225,262,0.0,0.0016824137
225,263,0.0,0.0035080165
225,264,0.0,0.0027385456
225,265,0.0,0.0023078644
225,266,0.0,0.002720646
225,267,0.0,0.0016729007
225,268,0.0,0.0014946945
226,1,0.0,0.0026119133
226,2,0.0,0.0033739726
226,3,0.0,0.0020601563
226,4,0.0,0.0022728462
226,5,0.0,0.001477628
226,6,0.0,0.0016912855
226,7,0.0,0.001581179
226,8,0.0,0.0026462725
226,9,0.0,0.0036005052
226,10,0.0,0.0024102675
226,11,0.156204411326359,0.0027949042
226,12,0.0,0.0026847883
226,13,0.0,0.0027562706
226,14,0.0,0.0016867523
226,15,0.147123469028692,0.0023171082
226,16,0.0,0.00262585
226,17,0.0,0.0016099224
226,18,0.0,0.0023446805
226,19,0.0,0.002112885
226,20,0.0,0.0024013915
226,21,0.0,0.0025052112
226,22,0.16434457557152,0.0018557906
226,23,0.0,0.0035861079
226,24,0.0,0.0017422652
226,25,0.0,0.0024988325
226,26,0.0,0.002670731
226,27,0.0,0.0024555144
226,28,0.0,0.003004672
226,29,0.0,0.0020370088
226,30,0.0,0.0033502365
226,31,0.0,0.0027591726
226,32,0.0,0.0016749045
226,33,0.0,0.0014882269
226,34,0.0,0.0025260393
226,35,-0.148821663375687,0.0031091603
226,36,0.0,0.0032564579
226,37,0.0,0.0014915811
226,38,0.0,0.0033521997
226,39,0.0,0.002843503
226,40,0.0,0.0027723336
226,41,0.0,0.0025499403
226,42,0.0,0.0018059341
226,43,0.0,0.0030504782
226,44,0.0,0.0020824997
226,45,0.0,0.0024051946
226,46,0.0,0.002756895
226,47,0.138322858257287,0.002169882
226,48,0.0,0.0023867446
226,49,0.0,0.0030831113
226,50,0.0,0.0025633303
226,51,0.0,0.0018012831
226,52,0.0,0.0017476832
226,53,0.0,0.0024408791
226,54,0.0,0.0021757083
226,55,0.0,0.0018978445
226,56,0.0,0.002707419
226,57,0.0,0.0019347309
226,58,0.0,0.0023512961
226,59,0.0,0.0026491713
226,60,0.0,0.0023133564
226,61,0.0,0.001957248
226,62,0.0,0.0015926394
226,63,0.0,0.0024097492
226,64,0.0,0.0019398774
226,65,0.184119979377905,0.0024067755
226,66,0.0,0.0017424291
226,67,0.0,0.0015617991
226,68,0.0,0.0025858656
226,69,0.0,0.002524612
226,70,0.0,0.0014977483
226,71,0.0,0.0017098528
226,72,0.0,0.0027027028
226,73,0.0,0.0025502765
226,74,0.0,0.0021817526
226,75,0.0,0.0026904345
226,76,0.0,0.0024078144
226,77,0.0,0.0025495896
226,78,0.0,0.0019559176
226,79,0.0,0.0023578391
226,80,0.0,0.0014933855
226,81,0.0,0.0019983207
226,82,0.149353100320453,0.0029091174
226,83,0.0,0.0024224846
226,84,0.0,0.0023584906
226,85,0.0,0.0033905595
226,86,0.0,0.0014825063
226,87,0.0,0.0032794308
226,88,0.0,0.0027679047
226,89,0.0,0.0017752596
226,90,0.0,0.001492029
226,91,0.0,0.00262297
226,92,0.0,0.0033577918
226,93,0.0,0.001510493
226,94,0.0,0.002514062
226,95,0.0,0.0015262095
226,96,0.0,0.0026140483
226,97,0.0,0.0035462272
226,98,0.0,0.0027212314
226,99,0.0,0.0025788192
226,100,0.0,0.0020278618
226,101,0.0,0.003450967
226,102,0.0,0.0023106704
226,103,0.0,0.002146679
226,104,0.0,0.0017797113
226,105,0.0,0.002425972
226,106,0.0,0.0027436982
226,107,0.0,0.0014730068
226,108,0.0,0.002488669
226,109,0.0,0.002245652
226,110,0.0,0.002507064
226,111,0.0,0.0032311971
226,112,0.0,0.0024720016
226,113,0.0,0.0015246808
226,114,0.0,0.0023783767
226,115,0.0,0.0027713175
226,116,0.0,0.0034928513
226,117,0.0,0.0016609607
226,118,0.0,0.002167603
226,119,0.0,0.001491968
226,120,0.0,0.0023507508
226,121,0.0,0.0016378667
226,122,-0.147801740488199,0.0026593595
226,123,0.0,0.0028035152
226,124,0.0,0.0025515961
226,125,0.0,0.002332495
226,126,0.0,0.002779927
226,127,0.0,0.0014771484
226,128,0.0,0.0023363018
226,129,0.0,0.0027573514
226,130,0.0,0.002500908
226,131,0.0,0.0022757482
226,132,0.0,0.0024128482
226,133,0.0,0.0022101328
226,134,0.144772533908501,0.002253096
226,135,0.0,0.0024667694
226,136,0.0,0.0024398756
226,137,0.0,0.002314717
226,138,0.0,0.0019172328
226,139,0.0,0.002685506
226,140,0.0,0.0029935362
226,141,0.0,0.001633584
226,142,-0.154732085389074,0.0025694636
226,143,0.0,0.0024459655
226,144,0.0,0.0031069051
226,145,0.0,0.0023091845
226,146,0.0,0.0027969675
226,147,0.0,0.0014992906
226,148,0.0,0.0016406411
226,149,0.0,0.0025320244
226,150,0.0,0.0024531512
226,151,-0.156671527945468,0.0024003214
226,152,0.0,0.0021572793
226,153,0.0,0.0035732966
226,154,0.0,0.00169414
226,155,0.0,0.003539282
226,156,0.0,0.0035030195
226,157,0.0,0.0015719784
226,158,0.0,0.0026781429
226,159,0.0,0.0019084993
226,160,0.0,0.0022059246
226,161,0.0,0.0023342022
226,162,0.0,0.0023535336
226,163,0.0,0.0034745298
226,164,0.0,0.0024124533
226,165,0.0,0.0025617424
226,166,0.0,0.0023690937
226,167,0.0,0.0025705956
226,168,0.0,0.0023389463
226,169,0.0,0.0014808923
226,170,0.0,0.0025903704
226,171,0.0,0.0024490026
226,172,0.0,0.003207644
226,173,0.0,0.0027879346
226,174,0.0,0.0027690218
226,175,0.165116251182152,0.002498074
226,176,0.162209042780629,0.0019816658
226,177,0.0,0.001833105
226,178,0.145023298480126,0.0025663082
226,179,0.0,0.0027697608
226,180,0.0,0.002125998
226,181,0.0,0.0024440852
226,182,0.0,0.00250109
226,183,0.0,0.0018556002
226,184,0.0,0.0034553884
226,185,0.0,0.0025253105
226,186,0.0,0.0023661954
226,187,0.149582117544038,0.00348876
226,188,0.0,0.0027510268
226,189,0.0,0.0024045976
226,190,0.0,0.0023135329
226,191,0.0,0.0027651135
226,192,0.0,0.0017037271
226,193,0.0,0.0017610146
226,194,0.0,0.0026486656
226,195,0.0,0.0027728816
226,196,0.0,0.0020004148
226,197,0.142459612813672,0.0020181742
226,198,0.0,0.0024447846
226,199,0.0,0.003030744
226,200,0.0,0.0035826354
226,201,0.0,0.0024777246
226,202,0.15601201660013,0.002774734
226,203,0.0,0.0026622498
226,204,0.0,0.0025935448
226,205,0.0,0.0018250253
226,206,0.0,0.0027924585
226,207,0.0,0.0027308604
226,208,0.0,0.0030665072
226,209,0.0,0.0015065307
226,210,0.0,0.0023212954
226,211,0.0,0.0030195713
226,212,0.0,0.0023634327
226,213,0.0,0.0024136282
226,214,0.0,0.0024824603
226,215,0.0,0.0034671607
226,216,0.0,0.003367472
226,217,0.0,0.0025012237
226,218,0.0,0.0014858413
226,219,-0.155359601764149,0.0023816722
226,220,0.0,0.0024364148
226,221,0.0,0.0016320786
226,222,-0.159324276683383,0.0017922428
226,223,0.148953110387172,0.0023771962
226,224,0.0,0.0021990668
226,225,-0.140609835068015,0.0016643144
226,226,0.0,0.030703487
226,227,0.0,0.0015027067
226,228,0.0,0.002307618
226,229,0.0,0.0028017978
226,230,0.0,0.0033109742
226,231,0.0,0.0022734264
226,232,0.0,0.001650054
226,233,0.0,0.0027819872
226,234,0.13819922716701,0.0018651569
226,235,0.0,0.0019774563
226,236,0.0,0.0016671158
226,237,0.0,0.0016109054
226,238,0.0,0.0026088865
226,239,0.0,0.002718125
226,240,0.0,0.0020899307
226,241,0.0,0.0020357063
226,242,0.0,0.0025535799
226,243,0.0,0.0023832936
226,244,0.0,0.0025647148
226,245,0.0,0.0026438558
226,246,0.0,0.0025862735
226,247,0.0,0.002472431
226,248,0.0,0.0020853388
226,249,0.0,0.0014853617
226,250,0.144241620567191,0.003117295
226,251,0.0,0.0020760791
226,252,0.0,0.00252594
226,253,0.0,0.0026361975
226,254,0.0,0.0017528669
226,255,0.0,0.0017414689
226,256,0.0,0.002738527
226,257,0.0,0.0023429515
226,258,0.0,0.0023761783
226,259,0.0,0.0019685025
226,260,0.0,0.003125324
226,261,0.0,0.002029033
226,262,0.0,0.0016716826
226,263,0.135152814615975,0.00252965
226,264,0.0,0.0026383284
226,265,0.0,0.0024836226
226,266,0.0,0.0025509638
226,267,0.0,0.0019566324
226,268,0.0,0.0027938392
227,1,0.0,0.0024400367
227,2,0.0,0.0027021966
227,3,0.0,0.0025234045
227,4,0.0,0.0028195973
227,5,0.0,0.0026227129
227,6,0.0,0.002230363
227,7,0.145394622528352,0.0016994304
227,8,0.0,0.002359271
227,9,0.0,0.0022084736
227,10,0.0,0.0027812324
227,11,0.15177092002149,0.0023958068
227,12,0.0,0.0025520916
227,13,0.0,0.0025394522
227,14,0.0,0.002542335
227,15,0.0,0.0024079573
227,16,-0.135045998749175,0.0025855824
227,17,0.0,0.0023067575
227,18,0.0,0.0026004333
227,19,0.0,0.0027416348
227,20,0.138248873620907,0.0035908679
227,21,0.0,0.0015880028
227,22,0.0,0.0030199587
227,23,0.0,0.0020530312
227,24,0.0,0.0031840494
227,25,0.0,0.003613559
227,26,0.0,0.002415203
227,27,0.0,0.0027742442
227,28,0.0,0.0034511588
227,29,0.0,0.0014789021
227,30,0.0,0.0019306554
227,31,0.0,0.0027179145
227,32,-0.141358878234144,0.0027904608
227,33,0.0,0.001494138
227,34,0.0,0.002561525
227,35,0.0,0.0025715753
227,36,0.0,0.0014942158
227,37,0.0,0.002471705
227,38,0.0,0.002565422
227,39,0.149495314606605,0.0027695638
227,40,0.0,0.0029866928
227,41,0.0,0.002619401
227,42,0.0,0.0022228588
227,43,-0.146201205579577,0.0029387702
227,44,0.0,0.0023757145
227,45,0.0,0.0023927991
227,46,0.0,0.0024330672
227,47,0.134396892376163,0.0022857562
227,48,0.0,0.0026170844
227,49,0.0,0.0031293058
227,50,0.0,0.0026292372
227,51,0.0,0.0021522427
227,52,0.0,0.0027406928
227,53,0.0,0.001947368
227,54,0.0,0.0027889945
227,55,0.0,0.002772382
227,56,0.0,0.0018079253
227,57,0.0,0.002437361
227,58,0.0,0.0025511687
227,59,0.0,0.002439918
227,60,0.0,0.0028544613
227,61,0.0,0.0015059132
227,62,0.0,0.0032135728
227,63,0.0,0.0028750342
227,64,0.0,0.001715004
227,65,0.0,0.001990553
227,66,0.0,0.0025359718
227,67,0.0,0.003099483
227,68,0.0,0.002481822
227,69,0.151473389148204,0.0034378157
227,70,0.0,0.0024890234
227,71,0.0,0.0035477406
227,72,0.0,0.002389927
227,73,0.0,0.0028671501
227,74,0.0,0.0025906935
227,75,0.0,0.0018301541
227,76,0.0,0.0020323275
227,77,0.0,0.0027819248
227,78,0.0,0.0024556164
227,79,0.162838391590158,0.0023372234
227,80,0.0,0.001713723
227,81,0.0,0.0026062303
227,82,0.145114067209906,0.0030941488
227,83,0.160814610479558,0.0021514287
227,84,0.0,0.0027618958
227,85,0.0,0.0026736213
227,86,0.0,0.0025889352
227,87,0.0,0.0024061357
227,88,0.0,0.0023901346
227,89,0.0,0.0020062928
227,90,0.0,0.002464389
227,91,0.0,0.003631616
227,92,0.0,0.002515471
227,93,0.0,0.0015250794
227,94,0.0,0.0018167868
227,95,0.0,0.0027908874
227,96,0.0,0.0022785324
227,97,0.14898124562535,0.0023100935
227,98,0.0,0.0021554162
227,99,0.0,0.0025178911
227,100,0.0,0.0025282963
227,101,0.0,0.0016898392
227,102,0.0,0.0036316304
227,103,0.0,0.0014971844
227,104,0.0,0.0023599793
227,105,0.0,0.0033107647
227,106,0.0,0.0036018803
227,107,0.0,0.0021490352
227,108,0.0,0.002576855
227,109,0.0,0.0018131621
227,110,0.0,0.0024146046
227,111,0.0,0.0024161087
227,112,0.0,0.0020411308
227,113,0.0,0.0027412195
227,114,0.0,0.0022342452
227,115,0.0,0.0029854802
227,116,0.0,0.0026063607
227,117,0.0,0.0029626205
227,118,0.0,0.0015330934
227,119,0.0,0.0023819678
227,120,0.0,0.003217626
227,121,0.0,0.0028726985
227,122,0.0,0.0018069032
227,123,0.0,0.0029646158
227,124,0.0,0.0017160061
227,125,0.0,0.0015488053
227,126,-0.141840900049341,0.0026904661
227,127,0.0,0.002608668
227,128,0.0,0.0027420702
227,129,0.0,0.0018461109
227,130,0.0,0.001945572
227,131,0.0,0.00294584
227,132,0.0,0.0017373352
227,133,0.0,0.0027134693
227,134,0.0,0.0018353844
227,135,0.0,0.0036288276
227,136,0.0,0.0031488081
227,137,0.0,0.0021645967
227,138,0.0,0.0032720477
227,139,-0.133496879499594,0.0027208622
227,140,0.0,0.0019129841
227,141,0.0,0.0017340342
227,142,0.0,0.0024478552
227,143,0.0,0.0023116563
227,144,0.0,0.0029956433
227,145,0.0,0.003117931
227,146,0.0,0.0026958338
227,147,0.0,0.0021515517
227,148,0.0,0.003152003
227,149,0.0,0.00218998
227,150,0.0,0.0018855995
227,151,0.0,0.002502645
227,152,0.0,0.0027603018
227,153,0.0,0.0033010878
227,154,0.0,0.0020490214
227,155,0.162843508491985,0.002009051
227,156,0.0,0.0035300083
227,157,0.0,0.0015043314
227,158,0.0,0.0014940561
227,159,0.0,0.0023868806
227,160,0.0,0.002385059
227,161,0.0,0.0020878064
227,162,0.0,0.0028701033
227,163,0.0,0.0022447007
227,164,0.0,0.002694143
227,165,0.0,0.0034357305
227,166,0.0,0.0026964424
227,167,0.0,0.0027500396
227,168,0.0,0.0018482273
227,169,0.0,0.0026104255
227,170,0.0,0.001788266
227,171,0.0,0.0026531937
227,172,0.0,0.0030495063
227,173,0.0,0.0033169398
227,174,0.0,0.0027521616
227,175,0.0,0.0034358902
227,176,0.0,0.0018320885
227,177,0.0,0.0017867149
227,178,0.0,0.003083677
227,179,0.0,0.0026869099
227,180,0.0,0.0024601337
227,181,0.0,0.0019570594
227,182,0.0,0.002505429
227,183,0.0,0.0032393648
227,184,0.0,0.0018888321
227,185,0.0,0.0032502017
227,186,0.0,0.0024502361
227,187,0.0,0.001902075
227,188,0.0,0.0021807845
227,189,0.0,0.0019986443
227,190,-0.144580486637151,0.002789516
227,191,0.0,0.0024170005
227,192,0.0,0.002459324
227,193,0.0,0.0026687426
227,194,0.0,0.002631274
227,195,0.0,0.0028325608
227,196,0.0,0.0026509096
227,197,0.0,0.0025340402
227,198,0.0,0.00268874
227,199,0.0,0.0031643347
227,200,0.0,0.002526999
227,201,0.0,0.0020737392
227,202,0.0,0.0027818037
227,203,0.0,0.0027694101
227,204,0.0,0.0017391387
227,205,0.0,0.0020110328
227,206,0.0,0.0017640404
227,207,0.0,0.0023621824
227,208,0.0,0.0024667243
227,209,0.0,0.0025759214
227,210,0.0,0.001552138
227,211,0.0,0.001855657
227,212,0.0,0.002371749
227,213,0.0,0.002255464
227,214,0.0,0.0016082395
227,215,0.0,0.0028994163
227,216,0.0,0.002790418
227,217,0.0,0.0017156103
227,218,0.0,0.0020195562
227,219,0.0,0.0025672996
227,220,0.0,0.0015038382
227,221,0.0,0.002088332
227,222,0.0,0.002774132
227,223,0.0,0.0026197508
227,224,0.145706624159184,0.0024596583
227,225,0.0,0.0018543415
227,226,0.0,0.0015027067
227,227,0.0,0.030703487
227,228,0.0,0.002690528
227,229,0.0,0.0016371869
227,230,0.0,0.0023549292
227,231,0.0,0.002926474
227,232,0.0,0.002614478
227,233,0.0,0.0015054047
227,234,0.0,0.0035458268
227,235,0.0,0.0035766
227,236,0.0,0.0020222985
227,237,0.0,0.0015090769
227,238,0.0,0.0021701427
227,239,0.0,0.0022095381
227,240,0.0,0.002488907
227,241,0.0,0.0023055822
227,242,0.0,0.0023129364
227,243,0.0,0.0021258695
227,244,0.0,0.002771655
227,245,0.0,0.0014897361
227,246,0.0,0.0023117964
227,247,0.0,0.0035567302
227,248,0.0,0.0022354964
227,249,0.0,0.0035799155
227,250,0.0,0.0017502676
227,251,0.0,0.0019253646
227,252,0.0,0.0024983748
227,253,0.0,0.0015756041
227,254,0.0,0.0019472055
227,255,0.0,0.0024962737
227,256,0.0,0.002640788
227,257,0.0,0.0024813842
227,258,0.0,0.0025385432
227,259,0.0,0.002202754
227,260,0.142328228899277,0.0020773686
227,261,0.0,0.002416667
227,262,0.0,0.0019894112
227,263,0.0,0.0023708115
227,264,0.0,0.0025536604
227,265,0.0,0.003033414
227,266,0.0,0.0027676784
227,267,0.153649374287214,0.0027623032
227,268,0.156758605942725,0.0021335678
228,1,0.0,0.0023484775
228,2,0.0,0.0024076253
228,3,0.0,0.0025038123
228,4,0.0,0.0023002797
228,5,0.0,0.0024594408
228,6,0.0,0.002326202
228,7,0.0,0.0027413098
228,8,0.0,0.0016045361
228,9,0.0,0.002993368
228,10,0.0,0.0031391853
228,11,0.0,0.0035324185
228,12,0.0,0.0025305343
228,13,0.0,0.003380518
228,14,0.0,0.0031534848
228,15,0.0,0.002696543
228,16,0.0,0.0025499878
228,17,0.0,0.0025499272
228,18,0.0,0.0025069057
228,19,0.0,0.0025209743
228,20,0.0,0.0033123125
228,21,0.0,0.0027641966
228,22,0.0,0.0024571368
228,23,0.0,0.002434127
228,24,0.0,0.0033389465
228,25,0.0,0.0025059427
228,26,0.0,0.002326646
228,27,0.0,0.002109605
228,28,0.0,0.0025051837
228,29,0.0,0.0031441837
228,30,0.0,0.0034865178
228,31,0.0,0.002639689
228,32,0.0,0.0023089335
228,33,0.0,0.0017422722
228,34,0.0,0.002333608
228,35,0.0,0.0023244093
228,36,0.0,0.002612703
228,37,0.0,0.0019107703
228,38,0.0,0.0022355723
228,39,0.0,0.0020754961
228,40,0.0,0.0023380746
228,41,0.0,0.0022946456
228,42,0.0,0.002792731
228,43,0.0,0.0026280563
228,44,0.0,0.0014901059
228,45,0.0,0.0019199746
228,46,0.0,0.003016965
228,47,0.0,0.0018801647
228,48,0.0,0.0014848514
228,49,0.0,0.0018741381
228,50,0.0,0.0025233687
228,51,0.0,0.0026883679
228,52,0.0,0.0024727164
228,53,0.0,0.0018280093
228,54,0.0,0.0023698276
228,55,0.0,0.0027783662
228,56,0.0,0.002413806
228,57,0.0,0.0030510938
228,58,0.0,0.0023750607
228,59,0.0,0.0022670166
228,60,0.0,0.0017307722
228,61,0.0,0.003243608
228,62,0.0,0.0028646318
228,63,0.0,0.0014899173
228,64,0.0,0.0024651433
228,65,0.0,0.0020137336
228,66,-0.135013501221375,0.0018778369
228,67,0.0,0.0019442388
228,68,0.0,0.0026052883
228,69,0.0,0.0030788947
228,70,0.0,0.0034917388
228,71,0.158427846952042,0.002614223
228,72,0.0,0.0025157803
228,73,0.0,0.0016196389
228,74,0.0,0.0025505368
228,75,0.0,0.0027146526
228,76,0.0,0.0027859085
228,77,0.0,0.0015344401
228,78,0.0,0.0017618435
228,79,0.0,0.0025586644
228,80,-0.128270309535678,0.0034881798
228,81,0.143152752100729,0.0036029331
228,82,0.0,0.0027218251
228,83,-0.154618579983378,0.0026123663
228,84,0.0,0.0026143268
228,85,0.0,0.0029386757
228,86,0.0,0.002004495
228,87,0.0,0.0034331004
228,88,0.0,0.0034464393
228,89,0.0,0.0025517046
228,90,0.0,0.0016777087
228,91,0.0,0.0025524632
228,92,0.130453844787022,0.0024487711
228,93,0.0,0.0028230296
228,94,0.0,0.0027117496
228,95,0.0,0.0018847864
228,96,0.0,0.0026773028
228,97,0.0,0.002202869
228,98,0.0,0.0022960743
228,99,0.0,0.0021711816
228,100,0.0,0.0023729457
228,101,0.0,0.0026081572
228,102,0.0,0.0025264323
228,103,0.0,0.0027615144
228,104,0.0,0.0015456486
228,105,0.0,0.0024311822
228,106,0.0,0.0021250942
228,107,0.13797745778149,0.00342543
228,108,0.0,0.002410906
228,109,0.0,0.0021012546
228,110,0.0,0.0023297006
228,111,0.0,0.002436996
228,112,0.0,0.0025829473
228,113,0.0,0.0026008133
228,114,0.0,0.0014977669
228,115,0.0,0.0032327538
228,116,0.0,0.002647588
228,117,0.0,0.0024006818
228,118,0.136450838142186,0.0017189048
228,119,0.0,0.0018413919
228,120,0.0,0.0024670064
228,121,0.0,0.0014920225
228,122,0.0,0.0023059845
228,123,0.0,0.0014597415
228,124,0.0,0.0016451441
228,125,0.0,0.00255006
228,126,0.0,0.002389364
228,127,0.0,0.0023696637
228,128,-0.131474080171092,0.0026389393
228,129,-0.139774255079799,0.0023314124
228,130,0.0,0.0026098806
228,131,0.0,0.0014933613
228,132,0.0,0.0023375698
228,133,0.0,0.0028574932
228,134,0.0,0.001824616
228,135,0.0,0.0019271197
228,136,0.0,0.0021327976
228,137,0.0,0.002686758
228,138,0.0,0.0018363027
228,139,0.0,0.0027715499
228,140,0.0,0.0021331683
228,141,0.155970383249057,0.0024552308
228,142,0.0,0.0016645407
228,143,0.0,0.0032135965
228,144,0.153639903832546,0.0036203233
228,145,0.0,0.002761379
228,146,0.0,0.0024023233
228,147,0.0,0.0026152092
228,148,0.0,0.0025365339
228,149,0.0,0.002451423
228,150,0.0,0.0014932738
228,151,0.0,0.0033104327
228,152,0.0,0.0015159273
228,153,0.0,0.0030809836
228,154,0.0,0.0036148299
228,155,0.156569306529162,0.0022894302
228,156,0.0,0.0025132135
228,157,0.0,0.003203813
228,158,0.0,0.0027479604
228,159,0.0,0.0027665724
228,160,0.0,0.0014935452
228,161,0.0,0.0025865324
228,162,0.0,0.0014910907
228,163,0.0,0.0024663373
228,164,0.0,0.0021281876
228,165,0.0,0.0023365412
228,166,0.0,0.0015013125
228,167,0.0,0.003030036
228,168,0.0,0.0028587533
228,169,0.0,0.0022537261
228,170,0.0,0.0017099981
228,171,0.0,0.0024630418
228,172,0.0,0.0021674675
228,173,0.0,0.0018234379
228,174,0.0,0.0017130799
228,175,0.0,0.0026026978
228,176,0.0,0.0025166213
228,177,0.0,0.0026542665
228,178,0.0,0.0025620046
228,179,0.0,0.0025405
228,180,0.0,0.0024326039
228,181,0.0,0.0021211253
228,182,0.0,0.002455282
228,183,0.0,0.0017390382
228,184,0.0,0.0022068233
228,185,0.0,0.0036198385
228,186,0.0,0.001484585
228,187,0.0,0.0035345978
228,188,0.0,0.0026146206
228,189,-0.140349447981683,0.0036203768
228,190,0.0,0.0023279819
228,191,0.0,0.002716329
228,192,0.0,0.001530237
228,193,0.0,0.002361976
228,194,0.0,0.0027461923
228,195,0.0,0.0018323939
228,196,0.0,0.0035788845
228,197,0.0,0.0018462581
228,198,0.0,0.0035946737
228,199,0.0,0.0019847546
228,200,0.0,0.0029359316
228,201,0.0,0.002328306
228,202,0.145743602449328,0.0034497464
228,203,0.136514720295607,0.0026019113
228,204,0.0,0.002520186
228,205,0.0,0.0024540182
228,206,-0.151264298332806,0.0022899592
228,207,0.0,0.0021708813
228,208,0.0,0.002703825
228,209,0.0,0.0024068165
228,210,0.0,0.00255865
228,211,0.143454704834726,0.0026137559
228,212,0.0,0.0034726365
228,213,0.0,0.0025608242
228,214,0.0,0.0026846714
228,215,0.0,0.002421801
228,216,0.0,0.003490026
228,217,0.0,0.0033054966
228,218,0.0,0.0025842916
228,219,0.0,0.0016899495
228,220,0.0,0.0031309412
228,221,0.0,0.0020836038
228,222,0.0,0.0034127412
228,223,0.0,0.0017905561
228,224,0.0,0.0029037204
228,225,0.0,0.0026546088
228,226,0.0,0.002307618
228,227,0.0,0.002690528
228,228,0.0,0.030703487
228,229,-0.159061919203868,0.0017120102
228,230,-0.146350808503436,0.0032148603
228,231,0.0,0.0021969257
228,232,0.0,0.0017115059
228,233,0.0,0.0034796586
228,234,0.0,0.002051359
228,235,0.0,0.0031401957
228,236,0.0,0.00227508
228,237,0.0,0.0023511248
228,238,0.139151627122504,0.001709729
228,239,0.0,0.0027822922
228,240,0.0,0.0018630782
228,241,0.0,0.0035139555
228,242,0.0,0.0031112586
228,243,0.141714465626299,0.003045572
228,244,0.0,0.0026144786
228,245,0.0,0.0021584546
228,246,0.0,0.0022897003
228,247,0.0,0.002033398
228,248,0.0,0.0018230015
228,249,0.0,0.0025041266
228,250,0.145100038395388,0.0024693883
228,251,0.0,0.0018821671
228,252,0.0,0.0016789697
228,253,0.0,0.0016292874
228,254,0.0,0.0027962066
228,255,0.0,0.0022315239
228,256,0.0,0.0027890354
228,257,0.0,0.0024374947
228,258,0.141277730189788,0.0023907926
228,259,0.0,0.002098117
228,260,0.0,0.002278468
228,261,0.0,0.0025666398
228,262,0.0,0.0025684997
228,263,0.0,0.0017146403
228,264,0.0,0.0025424836
228,265,0.0,0.0016461951
228,266,0.0,0.0023028501
228,267,0.0,0.0027036606
228,268,0.0,0.0019316436
229,1,0.0,0.0029031718
229,2,0.0,0.002939512
229,3,0.0,0.0015941365
229,4,0.0,0.0025800397
229,5,0.0,0.002612086
229,6,0.0,0.0030019647
229,7,0.0,0.0014845761
229,8,0.0,0.0023867972
229,9,0.146047119844937,0.003162865
229,10,0.0,0.0018922426
229,11,0.0,0.0022963667
229,12,0.0,0.0022795242
229,13,0.0,0.0017475737
229,14,0.0,0.0017496888
229,15,0.0,0.0023888904
229,16,0.0,0.0026855296
229,17,0.0,0.0025672372
229,18,0.0,0.002307524
229,19,0.0,0.0019126795
229,20,0.0,0.0014831526
229,21,0.0,0.0023651593
229,22,0.0,0.0016062632
229,23,0.150827545119187,0.0017648926
229,24,0.0,0.0020468314
229,25,0.0,0.0027617724
229,26,0.0,0.0032316307
229,27,0.0,0.0016713189
229,28,0.0,0.0027783564
229,29,0.0,0.002427042
229,30,-0.156968023871417,0.001988063
229,31,0.0,0.0015338482
229,32,0.0,0.0024956283
229,33,0.0,0.001882351
229,34,0.0,0.0024690107
229,35,0.0,0.0016751038
229,36,0.0,0.0021356656
229,37,0.0,0.0019427501
229,38,0.0,0.0014889017
229,39,0.0,0.0024447143
229,40,0.0,0.0035084402
229,41,0.0,0.0022238288
229,42,0.0,0.0020666556
229,43,0.0,0.0029257117
229,44,0.0,0.00166714
229,45,0.0,0.0026915087
229,46,0.145222220473417,0.0023919605
229,47,0.0,0.003136667
229,48,0.0,0.0015095775
229,49,0.0,0.001536536
229,50,0.0,0.0027618734
229,51,0.0,0.0029369332
229,52,0.0,0.0026525464
229,53,0.144578162351238,0.0022845883
229,54,0.0,0.002140271
229,55,0.0,0.0026360624
229,56,0.0,0.002411012
229,57,0.0,0.0027209534
229,58,0.0,0.0019317647
229,59,0.155242712122441,0.0019298736
229,60,0.144605227217266,0.0027712542
229,61,0.0,0.0024363794
229,62,0.0,0.0035053738
229,63,0.0,0.0014793309
229,64,0.0,0.0018979316
229,65,0.0,0.0024409336
229,66,0.0,0.0025846302
229,67,0.0,0.002500771
229,68,0.150726007205589,0.002639758
229,69,0.0,0.0017324765
229,70,0.0,0.0030739075
229,71,0.0,0.002728166
229,72,0.0,0.0017922716
229,73,0.0,0.0025311136
229,74,0.0,0.003393176
229,75,0.0,0.0014825687
229,76,0.15228422622563,0.002026712
229,77,0.0,0.002610431
229,78,-0.141546267124906,0.0026596566
229,79,0.0,0.0016842093
229,80,0.0,0.0018243222
229,81,-0.154207459403429,0.0024487735
229,82,0.0,0.0018845843
229,83,0.0,0.0022511818
229,84,0.0,0.0020814482
229,85,0.0,0.0034562899
229,86,0.0,0.001983949
229,87,-0.161229164743067,0.0025329618
229,88,0.0,0.003316482
229,89,0.0,0.0026037362
229,90,0.0,0.0024289857
229,91,0.0,0.0016647638
229,92,0.0,0.0035307645
229,93,0.0,0.0025513954
229,94,0.0,0.0027765506
229,95,0.0,0.0026911125
229,96,0.0,0.0022172793
229,97,0.0,0.0023023998
229,98,0.0,0.0014980054
229,99,0.0,0.0024924655
229,100,0.0,0.0023293989
229,101,0.0,0.0017758268
229,102,0.0,0.0024275226
229,103,0.164285121955792,0.001684241
229,104,0.0,0.0034016445
229,105,0.0,0.0024167476
229,106,0.0,0.0022743652
229,107,0.0,0.0015741619
229,108,0.0,0.0021012388
229,109,0.0,0.0014769332
229,110,0.0,0.00209348
229,111,0.0,0.0014770012
229,112,0.0,0.0020121168
229,113,0.0,0.002590647
229,114,0.0,0.0022561457
229,115,0.0,0.0032099332
229,116,0.0,0.0026532356
229,117,0.0,0.0032592053
229,118,0.0,0.0027603232
229,119,0.0,0.0020226361
229,120,0.0,0.0036074612
229,121,0.0,0.0026155077
229,122,0.0,0.0022689863
229,123,0.0,0.003116406
229,124,0.0,0.002224716
229,125,0.0,0.0018066368
229,126,0.0,0.0024350015
229,127,-0.151614777021815,0.0014846418
229,128,0.0,0.0023670243
229,129,0.150568064180115,0.0014961231
229,130,0.0,0.0030233911
229,131,0.0,0.002752447
229,132,0.0,0.00183282
229,133,0.0,0.0015193294
229,134,0.0,0.0034856796
229,135,0.0,0.002236843
229,136,0.0,0.003272369
229,137,0.14984222181486,0.003495433
229,138,0.0,0.002667211
229,139,0.0,0.0018530278
229,140,0.0,0.0035498487
229,141,0.0,0.0023696055
229,142,0.0,0.0014924407
229,143,0.0,0.0017810897
229,144,0.0,0.0028056954
229,145,0.0,0.0026825848
229,146,0.0,0.0034793299
229,147,0.0,0.0026052454
229,148,0.0,0.0018744539
229,149,0.0,0.0026856544
229,150,0.0,0.002432325
229,151,0.0,0.0032515903
229,152,0.0,0.0035262275
229,153,0.0,0.0034597558
229,154,0.0,0.0020241216
229,155,0.0,0.0014824602
229,156,0.0,0.0025388226
229,157,0.157887802914266,0.0022893292
229,158,0.0,0.0023987922
229,159,0.0,0.0016495474
229,160,0.0,0.0017971229
229,161,0.0,0.0017568455
229,162,0.0,0.001800843
229,163,0.0,0.0023889504
229,164,0.0,0.0015280228
229,165,0.0,0.0023193476
229,166,0.0,0.0024359147
229,167,0.144523312881011,0.0021388484
229,168,0.0,0.0025585103
229,169,0.0,0.0014848933
229,170,0.145546596392719,0.0021447144
229,171,0.0,0.002981259
229,172,0.0,0.0025008586
229,173,0.0,0.0020742062
229,174,0.0,0.001741983
229,175,0.0,0.002372033
229,176,0.0,0.0018917318
229,177,0.0,0.0015979516
229,178,0.0,0.0018236558
229,179,0.0,0.0031966069
229,180,0.0,0.0014916463
229,181,0.0,0.0024950737
229,182,0.0,0.0014867787
229,183,0.0,0.002314819
229,184,0.0,0.0025585983
229,185,0.0,0.0025030943
229,186,0.0,0.0022920254
229,187,0.0,0.0017206213
229,188,-0.144643557004177,0.0022147154
229,189,0.0,0.0014844458
229,190,0.0,0.0025127507
229,191,0.0,0.00233834
229,192,0.0,0.0014683804
229,193,0.0,0.0021646079
229,194,0.0,0.0026067058
229,195,0.0,0.0034771292
229,196,0.0,0.0023756088
229,197,0.0,0.0022408026
229,198,0.0,0.0016910085
229,199,0.0,0.00260515
229,200,0.148252350840318,0.002533547
229,201,0.0,0.002793604
229,202,0.156998383392586,0.0022010906
229,203,0.0,0.001980648
229,204,0.0,0.0014616889
229,205,0.0,0.0017203032
229,206,0.162945404835326,0.0035312315
229,207,0.0,0.0024140268
229,208,0.0,0.0026610917
229,209,0.0,0.0034274072
229,210,0.0,0.0023391708
229,211,0.0,0.0016971938
229,212,0.0,0.0024267659
229,213,-0.150568379506808,0.0017395355
229,214,0.0,0.0014698585
229,215,0.0,0.002357426
229,216,0.0,0.002480078
229,217,0.0,0.0016754782
229,218,0.0,0.0015404504
229,219,0.0,0.0020390535
229,220,0.0,0.0024391674
229,221,0.0,0.002486628
229,222,0.0,0.0017372915
229,223,0.0,0.0030449736
229,224,0.0,0.002707255
229,225,0.0,0.0014881766
229,226,-0.150872935139193,0.0028017978
229,227,0.0,0.0016371869
229,228,0.0,0.0017120102
229,229,0.0,0.030703487
229,230,0.0,0.00278907
229,231,0.0,0.003586308
229,232,0.0,0.0034021921
229,233,0.0,0.0023970879
229,234,0.0,0.00173826
229,235,0.156449394126325,0.0024528746
229,236,0.0,0.0018141936
229,237,0.0,0.0015146984
229,238,0.0,0.0028004935
229,239,0.0,0.0019237422
229,240,0.0,0.0024266788
229,241,0.0,0.0027576638
229,242,0.0,0.0027218466
229,243,0.0,0.002134177
229,244,0.0,0.0034353063
229,245,0.0,0.0038753795
229,246,0.167982387004848,0.0026846402
229,247,0.0,0.0022799731
229,248,0.0,0.0026474986
229,249,0.0,0.0018264693
229,250,0.166498510902566,0.0027877046
229,251,0.1682608259415,0.0016213595
229,252,-0.169703879314832,0.0027779988
229,253,0.15959584028766,0.002154274
229,254,0.0,0.0017472007
229,255,0.0,0.0031605186
229,256,0.0,0.002413719
229,257,0.0,0.0032647047
229,258,0.0,0.0017174468
229,259,0.0,0.0016453397
229,260,0.0,0.0036010738
229,261,0.0,0.0025779596
229,262,0.0,0.0016559362
229,263,0.0,0.0016908846
229,264,0.0,0.0018180576
229,265,0.0,0.0035644402
229,266,0.0,0.002381484
229,267,0.0,0.0029717847
229,268,0.0,0.0014645499
230,1,0.0,0.0019613393
230,2,0.0,0.0020366963
230,3,0.0,0.0028019752
230,4,0.0,0.002590496
230,5,0.0,0.0016450854
230,6,0.0,0.0026688068
230,7,0.158260697977213,0.003332003
230,8,0.0,0.0029217638
230,9,0.0,0.0034617237
230,10,0.0,0.0030564326
230,11,0.0,0.0023831404
230,12,0.0,0.002372183
230,13,0.149741476069466,0.0022182097
230,14,0.0,0.0017199735
230,15,0.0,0.0021638032
230,16,0.0,0.0024251267
230,17,-0.165362253246373,0.0026692948
230,18,0.0,0.0031189173
230,19,0.0,0.0015304084
230,20,0.0,0.0023577083
230,21,0.0,0.0023091421
230,22,0.173810247866033,0.0029909848
230,23,0.0,0.0026318068
230,24,0.0,0.0017641471
230,25,0.0,0.0014953911
230,26,0.0,0.002580592
230,27,0.0,0.003608704
230,28,0.0,0.0024566585
230,29,0.0,0.0018050293
230,30,0.0,0.0026370906
230,31,0.0,0.001594489
230,32,0.0,0.0016094111
230,33,0.0,0.0014871075
230,34,0.0,0.0022092145
230,35,0.157393270262861,0.0026858523
230,36,0.0,0.0026991349
230,37,0.0,0.0023149354
230,38,0.0,0.0020610555
230,39,0.0,0.0015224502
230,40,0.0,0.0021336754
230,41,0.0,0.002318039
230,42,0.0,0.0029303697
230,43,0.0,0.0017444193
230,44,0.0,0.0026597641
230,45,0.161274273767888,0.002771852
230,46,0.0,0.0032013329
230,47,0.0,0.0027325777
230,48,0.0,0.0016463944
230,49,0.147361371560293,0.0021385625
230,50,0.0,0.0025233831
230,51,0.0,0.0035512387
230,52,-0.163219199262332,0.0018602866
230,53,-0.151944706707256,0.003496944
230,54,0.0,0.0015500109
230,55,-0.166773711535787,0.0020257467
230,56,0.0,0.0016103652
230,57,0.160543078175198,0.0017426847
230,58,0.0,0.002509341
230,59,0.0,0.0017791297
230,60,0.0,0.0023812787
230,61,0.0,0.003454954
230,62,0.0,0.0019793166
230,63,0.0,0.002345263
230,64,0.0,0.0018225932
230,65,0.0,0.0025504134
230,66,-0.152850109758839,0.0023892075
230,67,0.0,0.0014953306
230,68,0.0,0.0014936943
230,69,0.0,0.0024243263
230,70,0.0,0.0015834044
230,71,0.0,0.0023462167
230,72,-0.150000357316392,0.001659283
230,73,0.0,0.0021457039
230,74,0.0,0.0015076473
230,75,0.148569164984266,0.0024404614
230,76,0.0,0.0026819808
230,77,0.0,0.0018029483
230,78,0.148758330400901,0.0018483098
230,79,0.0,0.0015515909
230,80,0.0,0.0015182397
230,81,0.0,0.0019930028
230,82,0.0,0.0021351418
230,83,0.0,0.0027163494
230,84,0.0,0.0022989316
230,85,0.0,0.0025763037
230,86,0.0,0.002552452
230,87,0.0,0.0025094063
230,88,0.0,0.0014942479
230,89,0.0,0.001581206
230,90,0.0,0.0014989045
230,91,0.0,0.00276971
230,92,0.0,0.0020800144
230,93,0.0,0.0025118631
230,94,0.0,0.0022628154
230,95,0.0,0.0016393014
230,96,0.0,0.0024393098
230,97,0.0,0.0014840136
230,98,0.0,0.0035260771
230,99,0.0,0.0021840972
230,100,0.155557759812777,0.0027658865
230,101,0.0,0.002262039
230,102,0.0,0.0021550437
230,103,-0.172655775021508,0.0022818018
230,104,0.0,0.002155901
230,105,0.0,0.003275996
230,106,0.0,0.0015913658
230,107,0.0,0.0019362546
230,108,0.0,0.0021199882
230,109,-0.166954269486993,0.003328144
230,110,0.0,0.0024274727
230,111,0.0,0.0022463477
230,112,-0.16947374735856,0.0018066978
230,113,0.168738537159302,0.0025211992
230,114,0.0,0.0035209176
230,115,0.0,0.002183549
230,116,0.0,0.0020319754
230,117,0.0,0.0015523983
230,118,0.154477332992952,0.0014922614
230,119,0.0,0.0025747404
230,120,0.0,0.0014780168
230,121,0.0,0.002273397
230,122,0.0,0.002916559
230,123,0.0,0.0025098505
230,124,0.0,0.0035955603
230,125,0.0,0.002306831
230,126,0.0,0.002538776
230,127,0.0,0.002651007
230,128,0.0,0.0020118966
230,129,0.0,0.0030299472
230,130,0.0,0.0022801538
230,131,0.0,0.0025621164
230,132,0.0,0.0027255528
230,133,0.0,0.00351508
230,134,0.0,0.0026752348
230,135,0.0,0.002602886
230,136,0.0,0.0017882311
230,137,0.0,0.002768136
230,138,0.0,0.0017740843
230,139,0.0,0.0018492136
230,140,0.0,0.002292409
230,141,0.0,0.002482954
230,142,-0.163644111895858,0.0024858154
230,143,0.0,0.0023768
230,144,0.0,0.0018227035
230,145,0.0,0.0027568243
230,146,0.0,0.0024440577
230,147,0.0,0.0022694967
230,148,0.169982515198054,0.0024245172
230,149,0.0,0.0036507878
230,150,0.0,0.0024477695
230,151,0.0,0.0023712423
230,152,0.0,0.0027959314
230,153,0.168592635215518,0.0035858485
230,154,0.0,0.0016213846
230,155,0.0,0.0036300113
230,156,0.0,0.0021386654
230,157,0.0,0.0026055295
230,158,0.0,0.002407303
230,159,0.0,0.0021464787
230,160,0.0,0.0014929757
230,161,0.0,0.0015730402
230,162,0.0,0.0015609087
230,163,0.0,0.0024411771
230,164,0.0,0.0023196386
230,165,0.0,0.0026883325
230,166,0.0,0.0036211303
230,167,0.0,0.002779983
230,168,0.0,0.0014867303
230,169,0.0,0.0019976269
230,170,0.0,0.0029258896
230,171,0.160512922380237,0.0035355752
230,172,0.0,0.0022170278
230,173,0.0,0.002402051
230,174,0.0,0.0030095405
230,175,0.0,0.0018268251
230,176,-0.171551715861433,0.0021630274
230,177,0.0,0.0027440651
230,178,0.0,0.0031498303
230,179,0.0,0.0031866129
230,180,0.0,0.0023760893
230,181,0.0,0.0027889716
230,182,0.163514937965404,0.0021820795
230,183,-0.169882696146121,0.002020819
230,184,0.0,0.0017064447
230,185,0.0,0.0034793974
230,186,0.0,0.002528125
230,187,0.0,0.0027611298
230,188,0.0,0.0017395071
230,189,0.0,0.0030435803
230,190,0.0,0.0024161227
230,191,0.0,0.0023447555
230,192,0.0,0.0035824687
230,193,0.0,0.0024876748
230,194,0.0,0.002455621
230,195,0.0,0.003556434
230,196,0.0,0.0025482983
230,197,0.0,0.002520789
230,198,0.0,0.0023416826
230,199,-0.147257432797802,0.0035685808
230,200,0.0,0.0018220013
230,201,0.0,0.0020534103
230,202,0.0,0.0014831913
230,203,0.0,0.0025176671
230,204,0.0,0.002384008
230,205,0.0,0.002553104
230,206,0.171247796654448,0.002646538
230,207,0.0,0.0033907103
230,208,0.0,0.0031027803
230,209,0.0,0.0017226655
230,210,0.0,0.0014816225
230,211,0.0,0.0035849782
230,212,0.0,0.0030113952
230,213,0.0,0.002240697
230,214,0.0,0.0020352034
230,215,0.0,0.0022082208
230,216,0.0,0.0026599164
230,217,0.0,0.0014943341
230,218,0.0,0.0025790827
230,219,0.0,0.0026302468
230,220,0.0,0.0028962987
230,221,0.0,0.0017156368
230,222,0.0,0.002777665
230,223,0.157532288162101,0.0015684715
230,224,0.0,0.001829436
230,225,0.0,0.0027594552
230,226,0.0,0.0033109742
230,227,0.0,0.0023549292
230,228,0.0,0.0032148603
230,229,0.0,0.00278907
230,230,0.0,0.030703487
230,231,-0.152080026879652,0.001736193
230,232,0.0,0.0020730263
230,233,0.150029608274645,0.0017541363
230,234,0.0,0.0029808464
230,235,0.143947058069343,0.0026942957
230,236,0.0,0.0014740936
230,237,0.0,0.0026525026
230,238,0.146912930938835,0.0024927775
230,239,0.0,0.0035571284
230,240,0.0,0.0025243568
230,241,0.0,0.0024198107
230,242,0.0,0.001460298
230,243,0.0,0.00263775
230,244,0.0,0.0033669444
230,245,0.0,0.0032601636
230,246,0.0,0.0017088968
230,247,0.0,0.0019004936
230,248,0.0,0.0023064134
230,249,0.0,0.0022260458
230,250,0.0,0.003567162
230,251,0.0,0.002460585
230,252,0.0,0.0020403117
230,253,0.0,0.0018386422
230,254,0.0,0.0033223517
230,255,0.0,0.0014975145
230,256,0.0,0.0019223657
230,257,0.0,0.0024319906
230,258,-0.149157619265892,0.0026134038
230,259,0.0,0.0020020087
230,260,0.0,0.0024888432
230,261,0.0,0.002785571
230,262,0.0,0.001867888
230,263,0.0,0.0023856326
230,264,0.142723817486041,0.0030716895
230,265,0.0,0.0018258048
230,266,0.0,0.0026703048
230,267,0.0,0.0021357927
230,268,0.0,0.0034849267
231,1,0.0,0.0017418205
231,2,0.0,0.001592333
231,3,0.0,0.0027652155
231,4,0.0,0.002334739
231,5,0.0,0.0015616291
231,6,0.0,0.0034097563
231,7,0.0,0.0024815537
231,8,0.0,0.0033340608
231,9,0.0,0.0023879427
231,10,0.0,0.002550804
231,11,0.0,0.002773547
231,12,0.0,0.0017228862
231,13,0.0,0.002768449
231,14,0.0,0.0025635082
231,15,0.0,0.0024012253
231,16,0.0,0.0024740947
231,17,0.0,0.0030128234
231,18,0.0,0.002452399
231,19,0.0,0.0015713726
231,20,0.0,0.0034682024
231,21,0.0,0.0016572177
231,22,0.0,0.0019784365
231,23,0.0,0.0032088342
231,24,0.0,0.0024924143
231,25,0.0,0.002849027
231,26,0.0,0.001530352
231,27,0.0,0.002022056
231,28,0.0,0.001678023
231,29,0.0,0.002391744
231,30,0.0,0.0025087656
231,31,0.0,0.0027229376
231,32,0.0,0.0026771002
231,33,0.0,0.0033366345
231,34,0.0,0.0027751657
231,35,0.14271256356615,0.003189852
231,36,0.0,0.0015521501
231,37,0.136396742444927,0.0018037613
231,38,0.0,0.0029317439
231,39,0.0,0.002580036
231,40,0.0,0.0027420344
231,41,0.0,0.0019100541
231,42,0.0,0.0016751396
231,43,0.0,0.0027744593
231,44,0.0,0.0026547834
231,45,-0.146231570182422,0.0023094048
231,46,0.0,0.0022690934
231,47,0.0,0.0014828127
231,48,0.0,0.0024388945
231,49,0.0,0.0024880394
231,50,0.0,0.002730669
231,51,0.0,0.0020407066
231,52,0.0,0.0023300294
231,53,0.0,0.0023106881
231,54,0.0,0.002352669
231,55,0.0,0.0026441505
231,56,0.0,0.0025207084
231,57,0.0,0.003564455
231,58,0.0,0.0027943528
231,59,0.0,0.0020774934
231,60,0.0,0.0032809237
231,61,0.0,0.003171044
231,62,0.0,0.0023448644
231,63,0.0,0.0026069586
231,64,0.0,0.0022780737
231,65,0.0,0.003097206
231,66,0.0,0.0023876997
231,67,0.0,0.0015526796
231,68,0.0,0.0026936075
231,69,0.0,0.0027065435
231,70,0.0,0.0014938638
231,71,0.0,0.0028827619
231,72,0.0,0.00261446
231,73,0.0,0.0026476076
231,74,0.0,0.0034605153
231,75,0.0,0.0031822268
231,76,0.0,0.0023701927
231,77,0.0,0.0014912263
231,78,0.0,0.0035242233
231,79,0.0,0.002645975
231,80,0.0,0.002196298
231,81,0.0,0.0032407725
231,82,0.0,0.0018629436
231,83,0.0,0.0025531417
231,84,0.0,0.0018129009
231,85,0.0,0.0016862717
231,86,0.0,0.001742864
231,87,0.0,0.0032114564
231,88,0.0,0.0019342066
231,89,0.0,0.0018998487
231,90,0.0,0.0017283461
231,91,0.0,0.0027834442
231,92,0.0,0.0017707199
231,93,0.0,0.00238878
231,94,0.0,0.0017175046
231,95,0.138393581952524,0.0026787468
231,96,0.0,0.0025400906
231,97,0.0,0.0024998155
231,98,0.0,0.0026068445
231,99,-0.145431324839169,0.0022482718
231,100,0.0,0.0030972632
231,101,0.0,0.0025147256
231,102,0.0,0.0020953882
231,103,0.0,0.002538606
231,104,0.0,0.0034642387
231,105,0.0,0.0026874645
231,106,0.151660478287256,0.0019796519
231,107,0.0,0.0025016442
231,108,0.0,0.0025259564
231,109,0.0,0.0026816255
231,110,0.0,0.0024489919
231,111,0.0,0.0016708495
231,112,0.0,0.0017527849
231,113,0.0,0.0022564158
231,114,0.0,0.0023674574
231,115,0.0,0.001849534
231,116,0.0,0.0016396795
231,117,0.0,0.0031750957
231,118,0.0,0.0025331927
231,119,0.0,0.0021674135
231,120,0.0,0.0016879579
231,121,0.0,0.0020428752
231,122,0.141734508311213,0.0025907853
231,123,0.0,0.0027399124
231,124,0.0,0.0017118026
231,125,0.0,0.0022203247
231,126,0.0,0.0026026443
231,127,-0.144477578723045,0.002448109
231,128,0.0,0.0027709724
231,129,0.0,0.001791372
231,130,0.0,0.0020366916
231,131,0.0,0.0020833444
231,132,0.0,0.002484365
231,133,0.0,0.0022358513
231,134,0.0,0.0025970004
231,135,0.0,0.0023091664
231,136,0.13427484801841,0.0029927567
231,137,0.0,0.0014899345
231,138,0.0,0.003395848
231,139,0.0,0.00263611
231,140,0.0,0.002255559
231,141,-0.160105681276865,0.0014972873
231,142,0.0,0.0032780007
231,143,0.0,0.0035928097
231,144,0.0,0.0026714639
231,145,0.0,0.002390197
231,146,-0.141047087160712,0.0015543532
231,147,0.0,0.0033514556
231,148,0.0,0.00227177
231,149,0.0,0.0023535895
231,150,0.0,0.0015431787
231,151,0.0,0.001931739
231,152,0.0,0.0017152238
231,153,0.0,0.001542001
231,154,0.0,0.0024641557
231,155,0.0,0.0023376336
231,156,0.0,0.002818626
231,157,0.0,0.003202632
231,158,0.0,0.0033110403
231,159,0.0,0.0033105784
231,160,0.0,0.0020784652
231,161,0.0,0.0015624464
231,162,0.0,0.0019281311
231,163,0.140225965099026,0.0031159543
231,164,0.0,0.0022898181
231,165,0.140297776226096,0.001892427
231,166,0.152080953351288,0.0016903346
231,167,0.0,0.0021830285
231,168,0.0,0.0021921284
231,169,0.0,0.002636768
231,170,0.0,0.0022844542
231,171,0.0,0.003036878
231,172,0.0,0.0031685024
231,173,0.0,0.0027999696
231,174,0.0,0.0021350412
231,175,0.0,0.0019399663
231,176,0.0,0.002765974
231,177,0.0,0.0027676513
231,178,0.0,0.0023748963
231,179,0.0,0.002546256
231,180,0.0,0.0029781694
231,181,0.0,0.00249734
231,182,0.0,0.0014757868
231,183,0.0,0.0020914134
231,184,0.0,0.0017574467
231,185,0.0,0.0023937938
231,186,0.0,0.0028837118
231,187,0.0,0.0024656611
231,188,0.0,0.0014795493
231,189,0.0,0.002269011
231,190,0.0,0.0017497204
231,191,0.0,0.0022527417
231,192,0.139502158594626,0.0023982963
231,193,0.154450987018683,0.0019825445
231,194,0.0,0.002902064
231,195,0.0,0.0015147594
231,196,0.0,0.0035722447
231,197,0.0,0.0017857756
231,198,0.0,0.0019408036
231,199,0.0,0.0020042714
231,200,0.0,0.0025497773
231,201,0.0,0.003401652
231,202,0.0,0.0016714432
231,203,0.0,0.0023637991
231,204,0.0,0.0023496929
231,205,0.0,0.002325477
231,206,0.0,0.0025112159
231,207,0.0,0.0022567278
231,208,0.0,0.0025469884
231,209,0.0,0.00229226
231,210,0.0,0.0016002292
231,211,0.0,0.0014854395
231,212,0.0,0.0033792304
231,213,-0.14348043990637,0.002430662
231,214,0.0,0.003539992
231,215,0.0,0.0032748738
231,216,0.0,0.0022065458
231,217,0.0,0.002507254
231,218,0.0,0.0017070994
231,219,0.0,0.0018331739
231,220,0.0,0.0027771732
231,221,0.0,0.0027108206
231,222,0.0,0.0019144616
231,223,0.0,0.002463479
231,224,0.0,0.0024884804
231,225,0.0,0.0015637507
231,226,0.0,0.0022734264
231,227,0.0,0.002926474
231,228,0.0,0.0021969257
231,229,0.0,0.003586308
231,230,0.152051345416602,0.001736193
231,231,0.154811714077368,0.030703487
231,232,0.0,0.0024255482
231,233,0.0,0.0032629604
231,234,0.0,0.002200604
231,235,0.0,0.0020716628
231,236,0.0,0.0027422146
231,237,0.0,0.001740633
231,238,0.0,0.0024110712
231,239,0.0,0.0029611913
231,240,0.0,0.0024121804
231,241,0.148153820336542,0.0016929493
231,242,0.0,0.0019550906
231,243,-0.147262184350537,0.0020838124
231,244,0.0,0.003050278
231,245,0.0,0.0017601885
231,246,-0.15212408411089,0.0035937442
231,247,0.0,0.0015843138
231,248,0.0,0.002502143
231,249,0.0,0.0019806554
231,250,0.0,0.002171245
231,251,0.152376237142968,0.0019471669
231,252,0.0,0.0020734547
231,253,0.0,0.0014776462
231,254,0.0,0.002555355
231,255,-0.145072722700995,0.003632836
231,256,0.0,0.0024834727
231,257,0.0,0.003384958
231,258,0.0,0.0023409114
231,259,0.0,0.00206869
231,260,0.0,0.001993482
231,261,0.0,0.001519083
231,262,0.0,0.0026438213
231,263,0.0,0.0024490156
231,264,0.140475884061688,0.001502004
231,265,0.0,0.0021363208
231,266,0.0,0.0023964667
231,267,0.0,0.002725815
231,268,0.0,0.0023566703
232,1,0.0,0.0025010947
232,2,-0.150418114109684,0.0034575178
232,3,0.0,0.002461655
232,4,0.0,0.002609971
232,5,0.0,0.0033185952
232,6,0.0,0.00241915
232,7,0.0,0.0017576758
232,8,0.0,0.002776212
232,9,0.0,0.0024134358
232,10,0.0,0.0024978807
232,11,0.0,0.0034743757
232,12,0.0,0.0027661934
232,13,0.136700079422953,0.0025418224
232,14,0.0,0.0035709133
232,15,0.0,0.002518727
232,16,0.0,0.0031471266
232,17,0.0,0.0023515103
232,18,0.0,0.0033163228
232,19,0.0,0.0029513934
232,20,0.0,0.0017880867
232,21,0.145086567819738,0.002889356
232,22,0.158672635741801,0.002497383
232,23,0.0,0.003593658
232,24,0.0,0.002239842
232,25,0.0,0.0027821567
232,26,0.0,0.0023853327
232,27,0.0,0.0022476926
232,28,0.0,0.0021163826
232,29,0.0,0.0019841343
232,30,0.0,0.0023674853
232,31,0.133619045654521,0.0028510424
232,32,0.0,0.001980288
232,33,0.0,0.0025415118
232,34,0.0,0.0021695471
232,35,0.0,0.0023900978
232,36,0.0,0.0023914194
232,37,0.0,0.0024155532
232,38,0.0,0.0027638152
232,39,0.148552160006574,0.0021291622
232,40,0.0,0.0025870954
232,41,0.0,0.0023086825
232,42,0.0,0.0021486417
232,43,0.0,0.003061276
232,44,0.0,0.0021090019
232,45,0.0,0.002029601
232,46,0.0,0.0035181437
232,47,0.0,0.0027610334
232,48,0.0,0.0022469168
232,49,0.0,0.0019633793
232,50,0.0,0.0027645375
232,51,0.0,0.002395322
232,52,0.0,0.0021078237
232,53,0.0,0.0022790497
232,54,0.0,0.0035119918
232,55,0.0,0.0030330839
232,56,0.0,0.0030634915
232,57,0.0,0.0024120533
232,58,0.147334507437448,0.0025516744
232,59,0.0,0.0014916705
232,60,0.0,0.0027775592
232,61,0.0,0.0025506052
232,62,0.0,0.0015810654
232,63,0.0,0.0025722608
232,64,0.0,0.0016134088
232,65,0.0,0.0023301388
232,66,0.0,0.002782058
232,67,0.0,0.001488354
232,68,0.0,0.0020309524
232,69,0.0,0.0029202332
232,70,0.0,0.0023289616
232,71,0.0,0.001546775
232,72,0.0,0.0024663704
232,73,-0.153271449422483,0.00219718
232,74,0.0,0.0015141657
232,75,0.0,0.0024674856
232,76,0.0,0.001757564
232,77,0.0,0.0024852646
232,78,0.0,0.002071295
232,79,0.0,0.0027818964
232,80,0.0,0.003495411
232,81,0.0,0.0015877904
232,82,0.0,0.0026932927
232,83,0.0,0.0025166823
232,84,0.0,0.002108892
232,85,0.0,0.0016273106
232,86,0.0,0.0014894181
232,87,0.0,0.0032965303
232,88,-0.147754310051539,0.003553092
232,89,0.141749926577476,0.003435737
232,90,0.0,0.0030497857
232,91,0.0,0.0024287314
232,92,0.0,0.001514466
232,93,0.14359524227341,0.001725872
232,94,0.0,0.0030268985
232,95,0.0,0.0016672658
232,96,0.0,0.0016725566
232,97,-0.148041334247527,0.0024145758
232,98,0.0,0.002481407
232,99,0.146422753334064,0.0017343233
232,100,0.0,0.0023548142
232,101,0.0,0.0034418567
232,102,0.0,0.0024680332
232,103,0.0,0.0032782978
232,104,0.0,0.0025328957
232,105,0.0,0.001837763
232,106,0.0,0.0035694856
232,107,0.0,0.0024939254
232,108,0.0,0.002401813
232,109,0.0,0.002392422
232,110,0.0,0.0024231211
232,111,0.0,0.0016190475
232,112,0.0,0.0015409063
232,113,0.0,0.0027470938
232,114,0.0,0.0029999423
232,115,0.0,0.0036252216
232,116,0.131532503461165,0.0018422655
232,117,0.0,0.0028134743
232,118,0.0,0.0024311943
232,119,0.0,0.0023238682
232,120,0.0,0.0029221233
232,121,0.0,0.0027625016
232,122,0.0,0.0018737037
232,123,0.0,0.0014830097
232,124,0.0,0.0026271618
232,125,0.0,0.0023891865
232,126,0.0,0.002267878
232,127,0.0,0.0030646147
232,128,0.0,0.0028891768
232,129,0.0,0.0014941865
232,130,0.0,0.0026136683
232,131,0.0,0.002536361
232,132,0.0,0.0021235696
232,133,0.0,0.002406076
232,134,0.0,0.0020123129
232,135,0.0,0.0025647245
232,136,0.0,0.0025709574
232,137,0.0,0.002362031
232,138,0.0,0.0033275592
232,139,-0.132654657813107,0.0033372515
232,140,0.0,0.0027736565
232,141,0.0,0.003606041
232,142,0.0,0.0024234005
232,143,0.0,0.0027224068
232,144,0.0,0.0029905634
232,145,0.0,0.0032089888
232,146,0.0,0.00171661
232,147,0.0,0.0025901468
232,148,0.0,0.003042147
232,149,0.0,0.0016323784
232,150,0.0,0.0025908821
232,151,0.0,0.003427966
232,152,0.0,0.0036308425
232,153,0.0,0.0015751282
232,154,0.0,0.0024599135
232,155,0.0,0.0022147787
232,156,0.0,0.0021605697
232,157,0.0,0.0029591871
232,158,0.0,0.0017075907
232,159,0.0,0.0031536114
232,160,0.0,0.0022080531
232,161,-0.138796118263592,0.0025290535
232,162,0.0,0.002616024
232,163,0.0,0.0030182493
232,164,0.0,0.0015514013
232,165,0.0,0.0019919425
232,166,0.0,0.003456986
232,167,0.0,0.0023075426
232,168,0.0,0.0023453082
232,169,0.0,0.0033388291
232,170,0.0,0.0026953677
232,171,-0.14653341087415,0.003255377
232,172,0.0,0.0036003785
232,173,0.13791070822994,0.0016470463
232,174,-0.141285118183521,0.0023769797
232,175,0.0,0.0027835965
232,176,0.0,0.002790012
232,177,0.0,0.0018316447
232,178,0.0,0.0022580754
232,179,0.0,0.0026117037
232,180,0.0,0.0017856001
232,181,0.146696278186223,0.0023969663
232,182,0.0,0.002764898
232,183,0.0,0.0018057963
232,184,0.0,0.0017822916
232,185,0.0,0.003578214
232,186,0.0,0.0019896496
232,187,0.0,0.0029999358
232,188,0.0,0.002311532
232,189,0.0,0.0027212678
232,190,0.0,0.0024846536
232,191,0.149344868175115,0.0034343703
232,192,0.0,0.0018206211
232,193,0.0,0.0015833532
232,194,0.0,0.0027204813
232,195,0.0,0.0024495735
232,196,0.0,0.0026134662
232,197,0.0,0.0025265291
232,198,0.0,0.002765567
232,199,0.0,0.0019972818
232,200,0.0,0.0027165096
232,201,0.0,0.002381269
232,202,0.0,0.0024313084
232,203,-0.141089500477471,0.0019030655
232,204,0.0,0.0021377318
232,205,0.0,0.0014983746
232,206,0.0,0.002686242
232,207,0.0,0.0021738736
232,208,0.0,0.0033550174
232,209,0.0,0.002783034
232,210,-0.142556057923999,0.00261496
232,211,0.0,0.002421935
232,212,0.0,0.0027581523
232,213,0.0,0.0026345449
232,214,0.0,0.0033305464
232,215,0.0,0.003069067
232,216,0.0,0.0027467706
232,217,0.0,0.0025745132
232,218,0.0,0.0035200473
232,219,0.0,0.0025073588
232,220,0.0,0.0033944868
232,221,0.0,0.002787467
232,222,0.0,0.0033754008
232,223,0.0,0.002657713
232,224,0.144787372119798,0.0023360616
232,225,0.0,0.0025635967
232,226,0.0,0.001650054
232,227,0.0,0.002614478
232,228,0.0,0.0017115059
232,229,0.0,0.0034021921
232,230,0.0,0.0020730263
232,231,0.0,0.0024255482
232,232,0.0,0.030703487
232,233,0.0,0.0023081335
232,234,0.0,0.002175014
232,235,0.0,0.0023808111
232,236,0.0,0.0019607781
232,237,0.138540024948209,0.0025154045
232,238,0.0,0.0025771516
232,239,0.0,0.002322534
232,240,0.0,0.002238416
232,241,0.0,0.0025823042
232,242,0.0,0.0019068578
232,243,0.0,0.0018801121
232,244,0.14258671132974,0.003421845
232,245,0.0,0.0018775766
232,246,0.0,0.003527985
232,247,0.0,0.0024062712
232,248,0.0,0.00219707
232,249,0.0,0.0018806313
232,250,0.0,0.0026401551
232,251,0.0,0.0028439588
232,252,-0.146313356855781,0.0019875928
232,253,0.0,0.002645493
232,254,0.0,0.0027718302
232,255,0.0,0.001705951
232,256,0.0,0.0018540621
232,257,0.0,0.0026637535
232,258,0.0,0.0035872697
232,259,0.0,0.0026750718
232,260,0.0,0.0034462484
232,261,0.0,0.003087405
232,262,0.0,0.0017118994
232,263,0.0,0.0019491315
232,264,0.0,0.002783501
232,265,0.0,0.0035745008
232,266,0.0,0.0022739768
232,267,0.0,0.0026595076
232,268,0.0,0.0025743027
233,1,0.0,0.001616233
233,2,0.0,0.0027177064
233,3,0.0,0.0024172878
233,4,0.0,0.0025914595
233,5,0.0,0.0022450788
233,6,0.0,0.0023677698
233,7,0.0,0.0019127997
233,8,0.0,0.0015636617
233,9,0.0,0.0015223175
233,10,0.0,0.0025319117
233,11,0.0,0.0030282587
233,12,0.0,0.0018862546
233,13,0.0,0.0016042804
233,14,0.0,0.0032186867
233,15,0.0,0.0021560919
233,16,0.0,0.0023475578
233,17,0.0,0.0028157756
233,18,0.0,0.0019980343
233,19,0.0,0.0024094498
233,20,0.0,0.0034732753
233,21,0.0,0.0025771526
233,22,0.0,0.0025513205
233,23,0.0,0.003121066
233,24,0.0,0.0035828748
233,25,0.0,0.0014884123
233,26,0.154771939340491,0.0032876935
233,27,0.0,0.0027106232
233,28,0.0,0.0025275452
233,29,0.0,0.003543594
233,30,0.0,0.003024193
233,31,0.0,0.0023705903
233,32,0.0,0.0026298296
233,33,0.0,0.0021634805
233,34,0.0,0.0023688017
233,35,0.0,0.0024427404
233,36,0.0,0.0033015525
233,37,0.0,0.0023205597
233,38,0.0,0.0023650285
233,39,0.0,0.0019924254
233,40,0.0,0.0022090496
233,41,0.0,0.0033453307
233,42,0.0,0.0024931757
233,43,0.0,0.0031611943
233,44,0.0,0.0035496755
233,45,0.0,0.002533982
233,46,0.0,0.0027841055
233,47,0.0,0.0032226155
233,48,0.0,0.0035903198
233,49,0.0,0.0034891902
233,50,0.0,0.0014774706
233,51,0.0,0.0025226302
233,52,-0.154507502540307,0.0021324218
233,53,0.0,0.0017947466
233,54,0.0,0.0036321632
233,55,0.0,0.0020760489
233,56,0.146856132540259,0.0022971644
233,57,0.0,0.001706223
233,58,0.0,0.0026129596
233,59,0.0,0.0025510676
233,60,0.0,0.0026489198
233,61,0.0,0.0030965758
233,62,0.0,0.0025710906
233,63,0.0,0.0024312646
233,64,0.0,0.0022844803
233,65,0.0,0.0032203319
233,66,0.0,0.0025926372
233,67,0.0,0.0023410828
233,68,0.149951011336885,0.0024287584
233,69,0.0,0.0025024465
233,70,0.0,0.0023859795
233,71,0.0,0.0023244806
233,72,0.0,0.002048484
233,73,0.0,0.0024633897
233,74,0.0,0.0024483264
233,75,0.0,0.001734993
233,76,0.0,0.0025859713
233,77,0.0,0.0027666911
233,78,0.0,0.0023328974
233,79,0.0,0.0023105307
233,80,0.0,0.002577772
233,81,0.0,0.0023617493
233,82,0.0,0.0019705645
233,83,0.0,0.00277769
233,84,0.0,0.0027437746
233,85,0.0,0.0027787439
233,86,0.0,0.0023264391
233,87,0.0,0.0021829903
233,88,0.0,0.0022099367
233,89,0.0,0.0025207875
233,90,0.0,0.0024614586
233,91,0.0,0.0026537566
233,92,0.0,0.002681728
233,93,0.0,0.0016825804
233,94,-0.149864424994273,0.0023201536
233,95,0.0,0.0019651782
233,96,0.0,0.0024687606
233,97,-0.153509290087739,0.002490304
233,98,0.0,0.0032975455
233,99,0.0,0.0035239626
233,100,0.0,0.0021714447
233,101,0.0,0.003271317
233,102,0.0,0.0019659824
233,103,0.0,0.0024849316
233,104,0.0,0.002783896
233,105,0.0,0.0026606135
233,106,-0.15833418924443,0.0021503312
233,107,0.0,0.0023844386
233,108,0.0,0.0019842954
233,109,0.0,0.0029886914
233,110,0.0,0.0025033993
233,111,-0.16211393786944,0.0024974057
233,112,0.0,0.0024771485
233,113,0.0,0.0035810722
233,114,0.0,0.0031034984
233,115,0.0,0.0032275869
233,116,0.0,0.0022702427
233,117,0.0,0.0024918695
233,118,0.0,0.0026039723
233,119,0.0,0.002730425
233,120,0.0,0.0027794312
233,121,0.0,0.0019105654
233,122,0.0,0.0016280198
233,123,0.0,0.0026461445
233,124,0.0,0.0025821635
233,125,0.0,0.0034075258
233,126,0.0,0.0027603046
233,127,0.0,0.0021727532
233,128,-0.140898712939876,0.0022440334
233,129,0.149793880415404,0.0019601057
233,130,0.150502207178706,0.0023613633
233,131,0.0,0.003215543
233,132,-0.150978395570905,0.0028270013
233,133,-0.151570366824769,0.0025383243
233,134,0.0,0.0030555595
233,135,0.0,0.003583929
233,136,0.0,0.0025856495
233,137,0.0,0.0036038752
233,138,0.0,0.0026143412
233,139,0.0,0.002439287
233,140,0.0,0.0014914349
233,141,0.0,0.0028683157
233,142,0.0,0.003632586
233,143,0.0,0.0017670831
233,144,0.0,0.0026497967
233,145,0.0,0.0034995498
233,146,-0.147253763426622,0.0024177367
233,147,0.0,0.0024156664
233,148,0.0,0.0024334881
233,149,0.0,0.0028720489
233,150,0.0,0.0032350677
233,151,-0.156851405057061,0.0033794125
233,152,0.0,0.0014914437
233,153,0.0,0.0028935643
233,154,0.0,0.0019808975
233,155,0.0,0.003209598
233,156,0.0,0.0021768673
233,157,0.0,0.0021842085
233,158,0.0,0.0022324412
233,159,0.146706733392239,0.0025519785
233,160,0.0,0.0030220696
233,161,0.143922598981398,0.0027971016
233,162,0.0,0.002659937
233,163,0.0,0.0024553807
233,164,0.0,0.0022796458
233,165,0.0,0.0025195442
233,166,-0.158773167013147,0.0022021402
233,167,0.0,0.0025515817
233,168,0.0,0.0015385607
233,169,0.0,0.0024439408
233,170,0.144798231774034,0.0025203996
233,171,0.0,0.0026636166
233,172,-0.160362770156175,0.0029314742
233,173,0.0,0.0024236515
233,174,0.0,0.0021283953
233,175,0.165305823816882,0.0030984571
233,176,0.0,0.002351209
233,177,0.0,0.0025904467
233,178,0.0,0.0020813649
233,179,0.0,0.0023759413
233,180,0.0,0.00353572
233,181,0.0,0.0021673832
233,182,0.0,0.0016239518
233,183,0.0,0.0026899618
233,184,0.0,0.0018619997
233,185,0.0,0.001653343
233,186,0.0,0.0018971888
233,187,0.0,0.0024850708
233,188,0.0,0.002353204
233,189,0.0,0.002427375
233,190,0.0,0.0035731369
233,191,0.154860970473805,0.002344498
233,192,-0.145640851383126,0.002371145
233,193,0.0,0.0023807697
233,194,0.166712941456387,0.0015911339
233,195,0.0,0.00317202
233,196,0.0,0.0016158707
233,197,0.0,0.0024561686
233,198,0.0,0.0033607227
233,199,0.0,0.0027870238
233,200,0.0,0.0025517186
233,201,0.0,0.0031086039
233,202,0.156191136516097,0.0029509766
233,203,0.0,0.0022869552
233,204,0.0,0.002772627
233,205,0.0,0.0027102544
233,206,0.0,0.0034986916
233,207,0.0,0.002709528
233,208,0.0,0.0027684197
233,209,0.0,0.002553877
233,210,0.0,0.003169971
233,211,0.0,0.0024604243
233,212,0.0,0.0024823104
233,213,0.0,0.0024653012
233,214,0.0,0.001626471
233,215,0.0,0.0022812816
233,216,0.0,0.0017562117
233,217,0.0,0.0033436483
233,218,0.0,0.0026288833
233,219,0.0,0.002707501
233,220,0.0,0.0023866072
233,221,0.0,0.0021608053
233,222,0.159507199458645,0.0025482993
233,223,0.0,0.0025597932
233,224,0.0,0.0024184873
233,225,0.0,0.002770272
233,226,0.0,0.0027819872
233,227,0.0,0.0015054047
233,228,0.0,0.0034796586
233,229,0.0,0.0023970879
233,230,0.0,0.0017541363
233,231,0.0,0.0032629604
233,232,0.0,0.0023081335
233,233,0.0,0.030703487
233,234,0.0,0.0025411993
233,235,0.0,0.00262383
233,236,0.13449773289559,0.0024665464
233,237,0.0,0.0023597716
233,238,0.0,0.002603718
233,239,0.0,0.0031944579
233,240,0.0,0.0028245277
233,241,0.0,0.0026803901
233,242,0.0,0.0027089529
233,243,0.0,0.002633294
233,244,0.0,0.0027612285
233,245,0.0,0.0029836083
233,246,0.0,0.0029711882
233,247,0.0,0.0021518883
233,248,0.0,0.0030759089
233,249,0.0,0.0022353749
233,250,0.0,0.0030782158
233,251,0.0,0.0033836262
233,252,0.0,0.0034676222
233,253,0.0,0.0014937934
233,254,0.0,0.0020901263
233,255,0.0,0.0035712179
233,256,0.0,0.0015391237
233,257,0.0,0.0024240003
233,258,0.0,0.00203038
233,259,0.0,0.0017423471
233,260,0.0,0.00356283
233,261,0.148849948180868,0.002789896
233,262,0.0,0.0016239216
233,263,-0.139374678344901,0.0026048939
233,264,0.0,0.0025183782
233,265,0.152675978006586,0.002206163
233,266,0.0,0.002472653
233,267,0.0,0.0034404672
233,268,0.0,0.0026533813
234,1,0.0,0.0019361549
234,2,0.0,0.002511873
234,3,0.0,0.0028645424
234,4,0.0,0.0024282038
234,5,0.0,0.0031247595
234,6,0.0,0.002371259
234,7,0.0,0.0016936148
234,8,0.0,0.0035309964
234,9,0.0,0.0031823716
234,10,0.0,0.003151095
234,11,0.0,0.0024054572
234,12,0.0,0.0025907303
234,13,0.132206399548702,0.0028077187
234,14,0.0,0.002657888
234,15,0.0,0.0021547815
234,16,0.0,0.0018547922
234,17,0.0,0.0030938508
234,18,0.0,0.0016528103
234,19,0.0,0.0024609417
234,20,0.0,0.0015652445
234,21,-0.140317202706067,0.002872679
234,22,0.0,0.0027406747
234,23,0.0,0.0022310368
234,24,0.0,0.0029283185
234,25,0.0,0.0020066816
234,26,0.0,0.003214181
234,27,0.0,0.0020842082
234,28,0.0,0.0035825614
234,29,0.0,0.0020583668
234,30,0.0,0.0024898648
234,31,0.0,0.0016243346
234,32,0.0,0.00289102
234,33,0.0,0.0021525202
234,34,0.0,0.0033013392
234,35,0.0,0.0025586844
234,36,0.0,0.0018813433
234,37,0.0,0.0019897735
234,38,0.0,0.0036255862
234,39,0.0,0.0026139226
234,40,0.0,0.002497632
234,41,0.0,0.0027778484
234,42,0.133507185698171,0.0014933008
234,43,0.0,0.0027803513
234,44,0.0,0.002246887
234,45,0.0,0.0024367939
234,46,0.0,0.0025847824
234,47,0.0,0.0020615528
234,48,0.0,0.0022863103
234,49,0.0,0.0015807329
234,50,0.0,0.0022534197
234,51,0.0,0.0033667367
234,52,0.0,0.0027770805
234,53,-0.13415162673387,0.0014976999
234,54,0.0,0.0019170302
234,55,-0.147244120468612,0.0026558787
234,56,0.0,0.003483011
234,57,0.0,0.0026028766
234,58,0.0,0.0024991347
234,59,0.0,0.0030745706
234,60,0.0,0.0020239884
234,61,0.0,0.0022243732
234,62,0.137017604609514,0.002413779
234,63,0.0,0.0028941785
234,64,0.0,0.001908117
234,65,0.0,0.0024290225
234,66,0.134951004973836,0.003313506
234,67,0.0,0.0025505978
234,68,0.0,0.0019505247
234,69,0.0,0.002545409
234,70,0.0,0.0014749002
234,71,0.0,0.0022886419
234,72,0.0,0.0019083656
234,73,0.0,0.0028713946
234,74,0.0,0.0016998542
234,75,0.131171368829134,0.003398599
234,76,0.0,0.002409373
234,77,0.0,0.0027718046
234,78,0.0,0.002569131
234,79,0.0,0.0024288902
234,80,0.0,0.002094286
234,81,0.0,0.003326686
234,82,0.0,0.002413401
234,83,0.0,0.002737952
234,84,0.0,0.0036045373
234,85,0.0,0.0031032213
234,86,0.0,0.0029393048
234,87,0.0,0.0014873873
234,88,0.0,0.002665793
234,89,0.0,0.0021024868
234,90,0.0,0.0035721683
234,91,0.0,0.0024340823
234,92,0.0,0.0017748196
234,93,0.0,0.0019242433
234,94,0.0,0.002165745
234,95,0.0,0.0028425907
234,96,0.0,0.001505909
234,97,0.0,0.003612501
234,98,0.0,0.003338641
234,99,0.0,0.0025765775
234,100,0.0,0.00277321
234,101,0.0,0.0025530425
234,102,0.0,0.0014931457
234,103,0.0,0.002447376
234,104,0.0,0.0019185757
234,105,0.0,0.0027700095
234,106,0.0,0.0027441783
234,107,0.0,0.0014974102
234,108,0.0,0.002627293
234,109,0.0,0.0032019615
234,110,0.0,0.0025916533
234,111,0.0,0.0019063521
234,112,0.0,0.0024988898
234,113,0.0,0.0016800575
234,114,0.0,0.0019781915
234,115,0.0,0.0027698837
234,116,0.0,0.002797667
234,117,0.0,0.0021763719
234,118,0.0,0.0025653532
234,119,0.133677812478149,0.0023160474
234,120,0.0,0.0030683945
234,121,0.0,0.0027804305
234,122,0.0,0.0020548874
234,123,0.138120870291348,0.0023228438
234,124,0.142410169387048,0.0035590138
234,125,0.0,0.0023303982
234,126,0.0,0.0026019486
234,127,0.0,0.002954525
234,128,0.0,0.001952244
234,129,0.0,0.0023300587
234,130,0.0,0.0028020004
234,131,0.0,0.002529671
234,132,0.0,0.0027063177
234,133,0.0,0.0023672865
234,134,0.0,0.0035212487
234,135,0.0,0.00278336
234,136,0.0,0.0025089192
234,137,0.139036058302125,0.0016700788
234,138,0.0,0.0027752006
234,139,0.0,0.0023240675
234,140,0.0,0.002810801
234,141,-0.155898186293995,0.0027533802
234,142,0.0,0.0014731912
234,143,0.0,0.0034981696
234,144,0.0,0.0018504751
234,145,0.141549193814782,0.0034667104
234,146,0.0,0.0022910195
234,147,0.0,0.002771534
234,148,0.0,0.002257815
234,149,0.0,0.002751953
234,150,0.0,0.002501999
234,151,0.0,0.0021931855
234,152,0.0,0.0023579705
234,153,0.0,0.002595665
234,154,0.0,0.0031449813
234,155,0.0,0.0024170335
234,156,0.0,0.0016529094
234,157,0.0,0.0026533478
234,158,0.0,0.0024449886
234,159,0.0,0.0021342635
234,160,0.0,0.0015269001
234,161,0.0,0.0026969877
234,162,0.0,0.0030111047
234,163,0.0,0.0022525308
234,164,0.0,0.0026713973
234,165,0.0,0.002621728
234,166,0.0,0.0016513579
234,167,0.0,0.0024778023
234,168,0.0,0.0023283311
234,169,0.0,0.0014859284
234,170,0.0,0.0025878423
234,171,0.0,0.0021255398
234,172,0.0,0.0024744319
234,173,0.0,0.0026996327
234,174,0.136640716404146,0.002269717
234,175,0.0,0.0024068211
234,176,0.151462609330232,0.001506065
234,177,0.0,0.0023876512
234,178,0.0,0.0014848285
234,179,0.0,0.003326374
234,180,0.0,0.0029676254
234,181,0.0,0.002254608
234,182,0.0,0.0031676409
234,183,0.0,0.002690943
234,184,0.0,0.0027641421
234,185,0.0,0.0024125366
234,186,0.0,0.003243126
234,187,0.0,0.001479724
234,188,0.0,0.0024683438
234,189,0.0,0.0019935914
234,190,0.0,0.0023062108
234,191,0.0,0.0023533087
234,192,0.135836113594189,0.001562478
234,193,0.0,0.0025601285
234,194,0.0,0.0025371294
234,195,0.0,0.0019187159
234,196,0.0,0.0024529886
234,197,0.0,0.0028406302
234,198,0.0,0.0026838547
234,199,0.0,0.0034575886
234,200,0.0,0.0023871097
234,201,0.0,0.0032431642
234,202,0.0,0.0026374813
234,203,0.0,0.003318306
234,204,0.0,0.0025530416
234,205,0.0,0.0026866454
234,206,0.0,0.0024768165
234,207,0.0,0.0018570055
234,208,0.0,0.0026421053
234,209,0.0,0.0025427663
234,210,0.0,0.002614329
234,211,0.0,0.0023208014
234,212,0.0,0.002783441
234,213,0.0,0.0028082305
234,214,0.0,0.002705412
234,215,0.0,0.003632607
234,216,-0.139215810605958,0.002049537
234,217,0.0,0.0035511283
234,218,0.0,0.001599546
234,219,0.0,0.0016990276
234,220,0.0,0.002777407
234,221,0.0,0.0014924086
234,222,0.0,0.0024695978
234,223,0.0,0.0025861352
234,224,0.0,0.0033236514
234,225,0.131294360362494,0.0032735756
234,226,0.0,0.0018651569
234,227,0.0,0.0035458268
234,228,0.0,0.002051359
234,229,-0.140877524716038,0.00173826
234,230,0.0,0.0029808464
234,231,0.0,0.002200604
234,232,0.0,0.002175014
234,233,0.0,0.0025411993
234,234,0.0,0.030703487
234,235,0.0,0.0015029209
234,236,0.0,0.0025195926
234,237,0.0,0.0019832915
234,238,0.0,0.0018214029
234,239,0.0,0.0025715414
234,240,0.0,0.002157046
234,241,0.0,0.0025921362
234,242,0.0,0.0027892077
234,243,0.0,0.0026727617
234,244,0.0,0.002765743
234,245,0.0,0.0024988647
234,246,0.0,0.0028204066
234,247,0.0,0.0035527893
234,248,0.0,0.0015379889
234,249,0.0,0.0018811529
234,250,0.0,0.00241649
234,251,0.0,0.001739271
234,252,0.0,0.0018612314
234,253,0.0,0.0025129109
234,254,0.0,0.0027590361
234,255,0.0,0.0018531266
234,256,0.0,0.0035287421
234,257,0.0,0.0018941136
234,258,0.0,0.0023591197
234,259,0.0,0.0026354194
234,260,0.0,0.0028385888
234,261,0.0,0.0021579536
234,262,0.0,0.0035027182
234,263,0.0,0.002004641
234,264,0.0,0.0025668158
234,265,0.0,0.0031828703
234,266,0.158019159828771,0.003375942
234,267,0.0,0.0018473575
234,268,0.0,0.0026365058
235,1,0.0,0.002333194
235,2,0.0,0.0027400386
235,3,0.0,0.002504446
235,4,0.0,0.0025861952
235,5,0.0,0.0024244497
235,6,0.0,0.001932329
235,7,0.0,0.0018595988
235,8,0.149326264016593,0.0034907367
235,9,0.0,0.0017032246
235,10,0.0,0.0025546723
235,11,0.0,0.0033376887
235,12,0.0,0.0026338776
235,13,0.0,0.0015404252
235,14,0.0,0.0014965059
235,15,0.0,0.0016207313
235,16,0.0,0.0026051365
235,17,0.0,0.0025375052
235,18,0.0,0.0029124562
235,19,0.0,0.0027049193
235,20,0.0,0.0026409053
235,21,0.0,0.0025279606
235,22,0.168389669199511,0.0023909723
235,23,0.0,0.0019712122
235,24,0.0,0.002394022
235,25,0.0,0.0025946475
235,26,0.0,0.0023835157
235,27,0.0,0.0017968146
235,28,0.0,0.0017198557
235,29,0.0,0.0023306962
235,30,0.0,0.0023272582
235,31,0.0,0.0031789574
235,32,0.0,0.0019822083
235,33,0.0,0.0025682636
235,34,0.0,0.0036334335
235,35,0.0,0.0025738515
235,36,0.0,0.0014787992
235,37,0.0,0.0024954905
235,38,0.0,0.0025941422
235,39,0.0,0.002407562
235,40,0.0,0.002496052
235,41,0.0,0.0026767547
235,42,0.0,0.003300482
235,43,0.0,0.001718408
235,44,0.0,0.001866295
235,45,-0.156244651529971,0.0031570112
235,46,0.0,0.003519956
235,47,0.0,0.0017169137
235,48,0.0,0.002591453
235,49,0.0,0.0029056757
235,50,0.0,0.002890259
235,51,0.0,0.0025140597
235,52,-0.158128921097778,0.002418655
235,53,0.0,0.0029359683
235,54,0.0,0.0028877603
235,55,0.0,0.0026068524
235,56,0.0,0.0027397415
235,57,0.0,0.0023173345
235,58,0.156357199545334,0.0023163706
235,59,0.0,0.0017243163
235,60,0.0,0.0025567454
235,61,0.0,0.0026105633
235,62,0.0,0.0026631393
235,63,0.0,0.0026135705
235,64,0.0,0.0027755038
235,65,0.0,0.002067638
235,66,0.0,0.0019836677
235,67,0.0,0.002466538
235,68,0.153465632738685,0.003577278
235,69,-0.159735387636176,0.0015790244
235,70,0.0,0.0021740245
235,71,0.0,0.0023771338
235,72,0.0,0.0029194248
235,73,0.0,0.0024060984
235,74,0.0,0.0017127204
235,75,0.0,0.0036326498
235,76,0.0,0.0025771284
235,77,0.0,0.0029164082
235,78,0.0,0.0019042837
235,79,0.171720285318602,0.0015832363
235,80,0.0,0.0024279132
235,81,0.0,0.0028200676
235,82,0.0,0.0035572378
235,83,-0.169586118637508,0.0025098617
235,84,0.0,0.003552318
235,85,0.0,0.0027116686
235,86,0.0,0.0025840565
235,87,0.0,0.002361597
235,88,0.0,0.0030630245
235,89,0.0,0.0025878232
235,90,0.0,0.001731439
235,91,0.0,0.002086963
235,92,0.0,0.0024570348
235,93,0.0,0.0036127707
235,94,0.0,0.0021554725
235,95,0.0,0.002327534
235,96,0.0,0.0023142057
235,97,0.0,0.0026136944
235,98,0.137738338133155,0.0018922747
235,99,0.0,0.0025662496
235,100,0.0,0.0016090288
235,101,0.0,0.0016431697
235,102,0.0,0.002744235
235,103,0.0,0.0031372108
235,104,0.0,0.002810256
235,105,0.0,0.0020850506
235,106,0.162045299460987,0.0027840324
235,107,0.0,0.0017791609
235,108,-0.163843225375549,0.0020613493
235,109,-0.161747506579874,0.0025699278
235,110,0.0,0.0016801897
235,111,0.0,0.003117539
235,112,0.0,0.0019771615
235,113,0.163476128722656,0.0020857202
235,114,0.0,0.0026126872
235,115,0.0,0.0031130873
235,116,0.0,0.001492246
235,117,0.0,0.002544762
235,118,0.0,0.0026904694
235,119,0.0,0.002778192
235,120,0.0,0.0027715988
235,121,0.0,0.0030709463
235,122,0.0,0.0024008052
235,123,0.0,0.0024040681
235,124,0.0,0.0020479062
235,125,0.0,0.0014853026
235,126,0.0,0.0014938177
235,127,0.0,0.002469717
235,128,0.0,0.0024920981
235,129,0.0,0.0027271928
235,130,0.0,0.0015784386
235,131,0.0,0.00336992
235,132,0.154517097281232,0.00202878
235,133,0.0,0.0024592606
235,134,0.0,0.0036247591
235,135,0.0,0.0015864591
235,136,-0.143469203070884,0.0024764203
235,137,-0.152565783490981,0.0021054326
235,138,0.0,0.003514811
235,139,0.0,0.001494023
235,140,0.0,0.002568814
235,141,0.171068780481982,0.0018476476
235,142,0.0,0.0026095924
235,143,0.0,0.0025952277
235,144,0.0,0.00234422
235,145,0.0,0.0034590722
235,146,0.0,0.0023165517
235,147,0.0,0.0022301376
235,148,0.0,0.0027713338
235,149,0.0,0.0021882476
235,150,0.0,0.0014924258
235,151,0.0,0.0026860978
235,152,0.0,0.0017203484
235,153,0.0,0.002540289
235,154,0.0,0.0024991538
235,155,0.0,0.002515952
235,156,0.0,0.0023438134
235,157,0.0,0.0029788092
235,158,0.0,0.0018813605
235,159,0.0,0.002580156
235,160,0.0,0.002495694
235,161,0.0,0.002677307
235,162,0.0,0.0023085698
235,163,-0.149827817789409,0.0036329827
235,164,0.0,0.001811584
235,165,0.0,0.0023377547
235,166,0.0,0.0021740077
235,167,0.0,0.0025832802
235,168,0.0,0.0035666437
235,169,0.0,0.0017378954
235,170,0.0,0.0018904493
235,171,0.0,0.0023865746
235,172,0.0,0.002499654
235,173,0.0,0.0016829832
235,174,0.0,0.0034617651
235,175,0.0,0.0024251747
235,176,0.0,0.0035599647
235,177,0.0,0.0035733115
235,178,0.0,0.0016211136
235,179,0.0,0.0025389837
235,180,0.0,0.002765207
235,181,0.0,0.0032806708
235,182,0.0,0.0016717017
235,183,0.0,0.0018931418
235,184,0.0,0.0023423503
235,185,0.0,0.0019764625
235,186,0.0,0.0028004185
235,187,0.0,0.002590918
235,188,0.147272626726869,0.0035875598
235,189,0.0,0.0017972905
235,190,0.0,0.0033959984
235,191,0.0,0.002778261
235,192,-0.149054449255418,0.0017326083
235,193,0.0,0.0031583016
235,194,0.0,0.0023272638
235,195,0.0,0.0025596214
235,196,0.150688163731941,0.0026846672
235,197,0.0,0.002601555
235,198,0.0,0.001493203
235,199,0.0,0.0021212185
235,200,0.0,0.0023986152
235,201,0.0,0.002614512
235,202,0.0,0.0024134233
235,203,0.0,0.0021581803
235,204,0.0,0.0025425889
235,205,0.0,0.0029766727
235,206,0.0,0.002785034
235,207,-0.169199595633771,0.0024240417
235,208,0.0,0.0017414032
235,209,0.0,0.002482554
235,210,0.0,0.0034272317
235,211,0.0,0.0035176165
235,212,0.0,0.0026698094
235,213,0.0,0.0023132237
235,214,-0.15561992515247,0.0027907104
235,215,0.0,0.0028163367
235,216,0.0,0.0026537478
235,217,0.0,0.0034972238
235,218,0.0,0.001610267
235,219,0.159183543825869,0.0021965643
235,220,0.0,0.0035483143
235,221,0.0,0.0025181756
235,222,0.0,0.0021824418
235,223,0.0,0.0014933208
235,224,0.0,0.001780482
235,225,0.0,0.0025504488
235,226,0.0,0.0019774563
235,227,0.0,0.0035766
235,228,0.0,0.0031401957
235,229,0.0,0.0024528746
235,230,0.0,0.0026942957
235,231,0.0,0.0020716628
235,232,0.0,0.0023808111
235,233,0.0,0.00262383
235,234,0.0,0.0015029209
235,235,0.0,0.030703487
235,236,0.0,0.00199686
235,237,0.0,0.0014916579
235,238,0.0,0.0014887666
235,239,0.0,0.0021707737
235,240,0.0,0.0030802572
235,241,0.0,0.002397636
235,242,0.0,0.003518682
235,243,0.0,0.0028102226
235,244,0.0,0.0022410695
235,245,0.0,0.00229205
235,246,0.0,0.0022242963
235,247,0.0,0.003107619
235,248,0.0,0.0027060574
235,249,0.0,0.002500753
235,250,0.0,0.0023612212
235,251,0.0,0.0025404287
235,252,0.0,0.0023412164
235,253,0.0,0.0017789858
235,254,0.0,0.0016305074
235,255,0.0,0.0023375
235,256,0.0,0.0029819557
235,257,0.0,0.002411474
235,258,0.0,0.002845094
235,259,0.0,0.0036280318
235,260,0.0,0.0025836504
235,261,0.0,0.0034786337
235,262,0.139493112505625,0.0026886142
235,263,0.0,0.0023916783
235,264,0.0,0.003498136
235,265,0.0,0.0020129266
235,266,0.0,0.0015045847
235,267,0.0,0.0016788738
235,268,0.0,0.0016697897
236,1,0.0,0.0017390056
236,2,0.0,0.0026209136
236,3,0.0,0.0018235301
236,4,0.0,0.0016245423
236,5,0.0,0.0027550478
236,6,0.0,0.0020499215
236,7,0.0,0.0014962638
236,8,0.0,0.0020129583
236,9,0.0,0.0024777162
236,10,0.0,0.0025440282
236,11,0.0,0.0023626965
236,12,0.0,0.002367199
236,13,0.0,0.0023347707
236,14,0.0,0.0025836108
236,15,0.0,0.0019733114
236,16,0.0,0.0016378467
236,17,0.0,0.002320292
236,18,0.0,0.002747003
236,19,0.0,0.0025338517
236,20,-0.133585293005973,0.0029450292
236,21,0.0,0.003506165
236,22,0.0,0.0018817456
236,23,0.0,0.0027128342
236,24,0.0,0.0015600254
236,25,0.0,0.0014925324
236,26,0.0,0.0017556748
236,27,0.0,0.0024039238
236,28,0.0,0.0031350348
236,29,0.132893924238807,0.004035897
236,30,0.0,0.0017296011
236,31,0.0,0.0023337742
236,32,0.0,0.0026837438
236,33,0.0,0.0024398672
236,34,0.0,0.0025144862
236,35,0.0,0.0022903895
236,36,0.0,0.0014741928
236,37,0.0,0.0029301075
236,38,0.0,0.0034897798
236,39,0.0,0.0019967454
236,40,0.0,0.0035335897
236,41,0.0,0.0020507807
236,42,0.0,0.0026020124
236,43,0.0,0.003122765
236,44,0.0,0.0021570814
236,45,0.0,0.0021541985
236,46,0.0,0.0022561215
236,47,0.0,0.0022875722
236,48,0.0,0.002273935
236,49,0.0,0.0030355975
236,50,0.0,0.0016049664
236,51,0.0,0.0014880891
236,52,0.0,0.0016945638
236,53,0.0,0.0014788895
236,54,0.0,0.0019677244
236,55,0.0,0.0024534208
236,56,-0.137716529701328,0.0024010655
236,57,0.0,0.00354891
236,58,0.0,0.0018314286
236,59,0.1448326274636,0.0020742002
236,60,0.0,0.0016349205
236,61,0.0,0.0014931671
236,62,0.0,0.001914369
236,63,0.0,0.002032083
236,64,0.0,0.0025706603
236,65,0.172859493309732,0.0026381128
236,66,0.0,0.0020487108
236,67,0.0,0.001649736
236,68,0.0,0.0035185385
236,69,0.0,0.0014769551
236,70,0.0,0.002746448
236,71,0.0,0.0016632038
236,72,0.0,0.0024758517
236,73,0.0,0.0016804622
236,74,0.0,0.002535916
236,75,0.0,0.0014576865
236,76,0.0,0.0024533551
236,77,0.0,0.003236489
236,78,0.0,0.0016029906
236,79,0.0,0.0023119394
236,80,-0.128910119586396,0.0038878098
236,81,-0.14386679551353,0.0016501467
236,82,0.0,0.0024492769
236,83,0.0,0.0024094945
236,84,0.0,0.0025083036
236,85,0.0,0.0027946332
236,86,0.0,0.001573382
236,87,0.0,0.0014939043
236,88,0.0,0.003452924
236,89,0.0,0.0018731048
236,90,0.0,0.0031409855
236,91,0.0,0.0015653777
236,92,0.131104546273216,0.0024767527
236,93,0.0,0.0027083275
236,94,0.0,0.003170719
236,95,0.0,0.0034218235
236,96,0.0,0.002490567
236,97,0.0,0.0026915604
236,98,0.0,0.0028015245
236,99,0.0,0.0017953659
236,100,0.0,0.0014993381
236,101,0.0,0.001486226
236,102,0.0,0.00358572
236,103,0.0,0.001977726
236,104,0.0,0.0033792509
236,105,0.0,0.0014813012
236,106,0.0,0.002165529
236,107,-0.138665686917139,0.0019358625
236,108,0.0,0.0023252969
236,109,0.0,0.003052421
236,110,0.0,0.002744636
236,111,0.0,0.0030788598
236,112,0.0,0.0022400394
236,113,-0.149791301088846,0.0017230604
236,114,0.0,0.0021549026
236,115,0.0,0.0024770177
236,116,0.0,0.0034527616
236,117,0.0,0.0020302325
236,118,0.0,0.0027711182
236,119,0.0,0.0014906446
236,120,0.0,0.00234963
236,121,0.0,0.0015359363
236,122,0.0,0.0014887825
236,123,0.0,0.002056762
236,124,0.0,0.0019622166
236,125,0.0,0.0023745545
236,126,0.0,0.0016477136
236,127,0.0,0.007127516
236,128,0.0,0.0032927464
236,129,0.0,0.0029682308
236,130,0.0,0.002517813
236,131,0.0,0.0019971821
236,132,0.141582243371412,0.0015919353
236,133,0.0,0.0021922165
236,134,0.0,0.002962945
236,135,0.0,0.0030694748
236,136,0.0,0.0028529852
236,137,0.0,0.0020900602
236,138,0.0,0.0030294722
236,139,0.0,0.002558764
236,140,0.0,0.0016973997
236,141,0.0,0.0034478926
236,142,0.0,0.0025530374
236,143,0.0,0.0015828479
236,144,0.0,0.0026393142
236,145,0.0,0.003398058
236,146,0.0,0.0024302439
236,147,0.0,0.0024166666
236,148,0.0,0.0026317872
236,149,0.0,0.0018431987
236,150,0.0,0.0014878665
236,151,0.0,0.0024861195
236,152,0.0,0.002412438
236,153,0.0,0.0033376366
236,154,0.0,0.0014732024
236,155,0.0,0.0025487365
236,156,0.0,0.0018466944
236,157,0.0,0.0034361845
236,158,0.144519363892138,0.001900915
236,159,0.0,0.0019091051
236,160,0.0,0.0028781667
236,161,0.0,0.0015176083
236,162,0.0,0.0024030008
236,163,0.0,0.0028053815
236,164,0.0,0.0029934389
236,165,0.0,0.0014844509
236,166,0.0,0.0021247808
236,167,0.0,0.002079212
236,168,-0.134724738152123,0.0035026912
236,169,0.0,0.0022910205
236,170,0.0,0.0017386745
236,171,0.0,0.0028126487
236,172,0.0,0.0021563522
236,173,0.0,0.0023835325
236,174,0.0,0.0024364595
236,175,0.0,0.0028863903
236,176,0.0,0.0014591878
236,177,0.0,0.0064416714
236,178,0.0,0.0019659577
236,179,0.0,0.0023875153
236,180,0.141825226812647,0.0034941249
236,181,0.0,0.002366073
236,182,0.0,0.0027801325
236,183,0.0,0.0024305456
236,184,0.0,0.0033663833
236,185,0.0,0.0020388244
236,186,0.0,0.0018927208
236,187,0.0,0.0022895425
236,188,0.0,0.001861441
236,189,0.0,0.0018857783
236,190,-0.139703320284044,0.0023596259
236,191,0.0,0.002734329
236,192,0.0,0.0016187569
236,193,0.0,0.006981901
236,194,0.156337548569041,0.003011047
236,195,0.0,0.0019173967
236,196,0.0,0.0022637374
236,197,0.0,0.0018693618
236,198,0.0,0.0035060951
236,199,0.130722257198198,0.0014614193
236,200,0.0,0.0021939334
236,201,0.0,0.0024129725
236,202,0.0,0.0026140395
236,203,0.0,0.00165893
236,204,0.0,0.0020952271
236,205,0.0,0.0050581545
236,206,0.0,0.0014711274
236,207,0.0,0.0014610207
236,208,0.0,0.0022487189
236,209,0.0,0.002710157
236,210,0.0,0.0026130108
236,211,0.0,0.002503092
236,212,0.0,0.0014868476
236,213,0.0,0.0017535556
236,214,0.0,0.0042849835
236,215,0.0,0.0023517273
236,216,0.0,0.0014848844
236,217,0.0,0.0019450048
236,218,0.0,0.003510058
236,219,0.0,0.0014736373
236,220,0.0,0.001854403
236,221,0.130550020472605,0.0018798141
236,222,0.0,0.00356497
236,223,0.0,0.0023089559
236,224,0.0,0.0024837991
236,225,0.0,0.002163359
236,226,0.0,0.0016671158
236,227,0.0,0.0020222985
236,228,0.0,0.00227508
236,229,0.0,0.0018141936
236,230,0.0,0.0014740936
236,231,0.0,0.0027422146
236,232,0.0,0.0019607781
236,233,0.0,0.0024665464
236,234,0.0,0.0025195926
236,235,0.0,0.00199686
236,236,0.0,0.030703487
236,237,0.0,0.0017470256
236,238,0.0,0.002215947
236,239,0.0,0.0024224292
236,240,0.0,0.002499952
236,241,0.0,0.0020480752
236,242,0.0,0.00235683
236,243,0.0,0.003159129
236,244,0.0,0.001645376
236,245,0.0,0.0014894307
236,246,0.0,0.0014742082
236,247,0.0,0.001623475
236,248,0.0,0.0016186424
236,249,0.0,0.002187775
236,250,0.0,0.0027143774
236,251,0.0,0.0023514768
236,252,0.0,0.002049514
236,253,0.0,0.0024236306
236,254,0.0,0.0014928482
236,255,0.132135170655676,0.0022769715
236,256,-0.134850764769678,0.0017620316
236,257,0.123643699149154,0.0014926717
236,258,0.0,0.0016322373
236,259,0.140951239341282,0.0015695998
236,260,0.0,0.0023656138
236,261,0.0,0.0020723995
236,262,0.0,0.0016205641
236,263,0.0,0.0014935341
236,264,0.0,0.0026787585
236,265,0.0,0.0022011083
236,266,0.0,0.0027555595
236,267,0.0,0.0015146909
236,268,0.0,0.0025646002
237,1,-0.151117786582843,0.0020376667
237,2,0.0,0.0027137701
237,3,0.0,0.0034961086
237,4,0.0,0.0027641896
237,5,0.0,0.0029635667
237,6,0.0,0.0020933961
237,7,0.0,0.001719275
237,8,0.0,0.0033689872
237,9,0.0,0.0026572924
237,10,0.0,0.0015680599
237,11,0.0,0.0025112918
237,12,0.142850065851328,0.0022066762
237,13,0.0,0.0027717496
237,14,0.0,0.0014802953
237,15,-0.146236010972842,0.0016020802
237,16,0.0,0.002689144
237,17,0.0,0.0025362954
237,18,0.0,0.0020571807
237,19,0.0,0.002647121
237,20,0.0,0.0016159639
237,21,0.0,0.003377603
237,22,0.0,0.0014758464
237,23,0.0,0.0021079197
237,24,0.0,0.0016185488
237,25,0.0,0.0016108318
237,26,0.0,0.0023353095
237,27,0.0,0.0014570015
237,28,-0.150259977949167,0.0017178706
237,29,-0.140697112031768,0.0025579478
237,30,0.0,0.0021921284
237,31,0.0,0.0020499616
237,32,0.0,0.0017204811
237,33,0.0,0.0032104389
237,34,0.0,0.0026616398
237,35,0.0,0.002184994
237,36,0.0,0.0025992305
237,37,0.0,0.0031208792
237,38,0.0,0.0024644793
237,39,0.0,0.0015628082
237,40,0.0,0.0025027213
237,41,0.0,0.0023285467
237,42,0.0,0.0023674462
237,43,0.0,0.0025692927
237,44,0.0,0.0017410889
237,45,0.0,0.0026905215
237,46,0.143439353194963,0.002432644
237,47,0.137488486041358,0.0018430641
237,48,0.0,0.0025715064
237,49,0.0,0.002396821
237,50,0.0,0.0014962065
237,51,0.0,0.0014823941
237,52,0.0,0.0018285885
237,53,0.0,0.0020728991
237,54,0.14200814739325,0.0016346513
237,55,0.0,0.0018805526
237,56,0.0,0.0035467492
237,57,0.0,0.00148849
237,58,0.0,0.0014919066
237,59,0.0,0.001468394
237,60,0.0,0.0016949521
237,61,0.0,0.0014973814
237,62,0.0,0.0033046403
237,63,-0.149215243698518,0.0020526913
237,64,0.0,0.0027260105
237,65,0.0,0.002578481
237,66,0.0,0.0014920332
237,67,0.0,0.0014953688
237,68,0.0,0.0017299615
237,69,0.0,0.0016721608
237,70,0.0,0.0016890713
237,71,0.0,0.0035677813
237,72,0.0,0.0014871084
237,73,-0.157792725559931,0.0014926735
237,74,0.0,0.0014789188
237,75,0.0,0.0014601154
237,76,0.0,0.0021420089
237,77,0.0,0.0026623216
237,78,0.0,0.0024213614
237,79,0.0,0.0018274225
237,80,0.0,0.0035329806
237,81,0.0,0.0023366185
237,82,0.0,0.0018171645
237,83,0.0,0.0024059536
237,84,0.0,0.0014925608
237,85,0.0,0.0025035879
237,86,0.0,0.0030409708
237,87,0.0,0.002471297
237,88,0.0,0.0024104621
237,89,0.0,0.002421121
237,90,0.0,0.0023533003
237,91,0.0,0.0016483222
237,92,0.0,0.0015824083
237,93,0.0,0.0032237926
237,94,0.0,0.0016881838
237,95,0.0,0.0027066083
237,96,0.15410166902229,0.0028611058
237,97,0.0,0.0025497559
237,98,0.0,0.0020207623
237,99,0.0,0.0018086843
237,100,0.0,0.0017876616
237,101,0.0,0.0016713231
237,102,0.0,0.0022428776
237,103,0.0,0.0014824676
237,104,0.0,0.0016952124
237,105,0.0,0.0017148675
237,106,0.0,0.0016346229
237,107,0.0,0.004896298
237,108,0.0,0.0018345499
237,109,0.0,0.0015538936
237,110,0.0,0.0016895146
237,111,0.0,0.0024674553
237,112,-0.15927763666314,0.0015167473
237,113,0.0,0.0018243133
237,114,0.0,0.0032024821
237,115,0.0,0.0020169914
237,116,0.0,0.0014921692
237,117,0.0,0.0016935216
237,118,0.0,0.0026980853
237,119,0.0,0.0019986494
237,120,0.0,0.001757347
237,121,0.0,0.0027837525
237,122,0.0,0.0036028577
237,123,0.0,0.0024766196
237,124,0.0,0.0015282668
237,125,0.0,0.0020517763
237,126,0.0,0.0014934619
237,127,0.0,0.004366327
237,128,0.0,0.0031414968
237,129,0.0,0.002399574
237,130,0.0,0.0021824436
237,131,0.0,0.0024057091
237,132,0.0,0.0019828114
237,133,0.0,0.0016487688
237,134,0.0,0.0015795943
237,135,0.0,0.0024546734
237,136,0.0,0.0017443816
237,137,-0.148002635604611,0.0020252252
237,138,0.0,0.0032729018
237,139,0.0,0.002054873
237,140,0.0,0.0017391262
237,141,0.0,0.0014926093
237,142,0.153798731678864,0.0022674743
237,143,0.0,0.0023372415
237,144,0.0,0.0024226457
237,145,0.0,0.0014883922
237,146,0.0,0.0016803974
237,147,0.0,0.0024766512
237,148,0.0,0.0023590736
237,149,0.14860401331777,0.0022170292
237,150,0.0,0.0014866809
237,151,0.0,0.0024857405
237,152,0.0,0.0023020715
237,153,0.0,0.0021985658
237,154,-0.143441583192182,0.0014848285
237,155,0.0,0.0026810146
237,156,0.0,0.001692059
237,157,0.0,0.0026116641
237,158,0.0,0.0022037867
237,159,0.0,0.0018382114
237,160,0.0,0.0016114968
237,161,0.0,0.0022844402
237,162,0.0,0.0014709923
237,163,0.0,0.0027808035
237,164,0.0,0.001488056
237,165,0.0,0.0016451953
237,166,0.0,0.0014798027
237,167,0.142749025966313,0.0023743408
237,168,0.0,0.002412464
237,169,0.144761468910362,0.0043548606
237,170,0.0,0.0036021727
237,171,0.0,0.0019611847
237,172,0.0,0.0016850536
237,173,0.0,0.0017204448
237,174,0.0,0.002391261
237,175,0.16412025952813,0.002500948
237,176,0.0,0.0014692112
237,177,0.0,0.0015266393
237,178,0.0,0.0025378414
237,179,0.0,0.0021715984
237,180,0.0,0.0023791343
237,181,0.0,0.0027838866
237,182,0.0,0.0023378879
237,183,0.0,0.0016067615
237,184,0.0,0.0022508758
237,185,0.0,0.0014949245
237,186,0.0,0.0026869485
237,187,0.0,0.0025526905
237,188,0.0,0.0017402372
237,189,0.149331571190736,0.0016884906
237,190,0.0,0.002344064
237,191,0.0,0.0021494012
237,192,0.0,0.0033157049
237,193,0.160091034160089,0.002332475
237,194,0.0,0.0024775644
237,195,0.149811078670146,0.0023640376
237,196,0.0,0.0014938926
237,197,0.0,0.0026590745
237,198,0.0,0.0014757887
237,199,0.0,0.002458802
237,200,0.0,0.0016124239
237,201,0.0,0.002104653
237,202,0.0,0.0027820189
237,203,0.0,0.002244756
237,204,0.0,0.0015316037
237,205,0.0,0.002536822
237,206,0.0,0.0014772206
237,207,0.0,0.0025584744
237,208,0.0,0.0028938595
237,209,0.0,0.0023641759
237,210,0.0,0.0023637079
237,211,0.152635559139988,0.0020353263
237,212,0.0,0.0026217601
237,213,0.0,0.0015305723
237,214,0.0,0.0028886702
237,215,0.0,0.0016939663
237,216,0.0,0.0025669895
237,217,0.0,0.0024627433
237,218,0.0,0.006112911
237,219,0.154422462835537,0.003074509
237,220,-0.143308594912285,0.0015154923
237,221,0.0,0.0026251725
237,222,0.0,0.0014668717
237,223,0.0,0.0017977594
237,224,0.0,0.00294661
237,225,0.0,0.0015233364
237,226,0.0,0.0016109054
237,227,0.0,0.0015090769
237,228,0.0,0.0023511248
237,229,0.0,0.0015146984
237,230,0.0,0.0026525026
237,231,0.0,0.001740633
237,232,0.0,0.0025154045
237,233,0.0,0.0023597716
237,234,0.0,0.0019832915
237,235,0.0,0.0014916579
237,236,0.0,0.0017470256
237,237,0.0,0.030703487
237,238,0.0,0.0018955325
237,239,0.0,0.0031714868
237,240,0.0,0.0020855367
237,241,0.0,0.0017433222
237,242,0.0,0.0019728364
237,243,0.0,0.002761057
237,244,0.0,0.0027315463
237,245,0.0,0.001489005
237,246,0.147889643093591,0.002928208
237,247,0.0,0.0016850843
237,248,0.0,0.002524104
237,249,0.0,0.0015239585
237,250,0.0,0.002540898
237,251,0.0,0.0032411427
237,252,0.0,0.0015878901
237,253,0.0,0.002154463
237,254,0.0,0.0014611073
237,255,0.141034559440479,0.0025326447
237,256,0.0,0.0014896942
237,257,0.0,0.0030004224
237,258,0.0,0.0016611111
237,259,0.0,0.001786618
237,260,0.0,0.0035185884
237,261,0.0,0.0025195754
237,262,0.0,0.0022708909
237,263,0.0,0.0024105604
237,264,0.0,0.0017703199
237,265,0.0,0.0023993538
237,266,0.0,0.0020921272
237,267,0.0,0.0024999636
237,268,0.0,0.0026139505
238,1,0.0,0.002380238
238,2,0.0,0.003627494
238,3,0.0,0.0023181718
238,4,0.0,0.0035155523
238,5,0.0,0.0026508067
238,6,0.0,0.0035400488
238,7,-0.141878203831511,0.002043237
238,8,-0.138177948245608,0.002603373
238,9,0.0,0.002143547
238,10,0.141851077006706,0.0026997034
238,11,0.0,0.0034039058
238,12,0.0,0.0033304696
238,13,0.0,0.0023572738
238,14,0.0,0.0036307378
238,15,0.0,0.002386563
238,16,0.0,0.0015525846
238,17,0.0,0.00256073
238,18,0.0,0.0030172453
238,19,0.0,0.0023913365
238,20,0.0,0.0025425083
238,21,0.0,0.0014824118
238,22,0.0,0.002466178
238,23,0.0,0.0024747509
238,24,0.0,0.0023976108
238,25,0.0,0.0024091993
238,26,0.0,0.0024259938
238,27,0.0,0.0015786528
238,28,0.0,0.0024209856
238,29,0.0,0.002294939
238,30,0.0,0.0026132828
238,31,0.0,0.0024231183
238,32,0.0,0.0017367145
238,33,0.0,0.00237815
238,34,0.0,0.0017391639
238,35,0.0,0.0026991297
238,36,0.153542447152594,0.0027798563
238,37,-0.134856087232462,0.0015928047
238,38,0.138748387022989,0.002769975
238,39,0.0,0.0026934077
238,40,0.0,0.0018419134
238,41,0.0,0.0014923741
238,42,0.0,0.0031457022
238,43,-0.142665279395647,0.0023344276
238,44,0.0,0.0022570696
238,45,0.0,0.002570489
238,46,0.0,0.0017203456
238,47,0.0,0.0027461238
238,48,0.0,0.0026210542
238,49,0.0,0.0026238728
238,50,0.0,0.0020157052
238,51,0.0,0.0021540117
238,52,0.0,0.00219417
238,53,0.0,0.0027338369
238,54,0.0,0.0027614795
238,55,0.0,0.0026602228
238,56,0.0,0.003399827
238,57,0.143924321453193,0.0024507255
238,58,0.0,0.002332074
238,59,0.0,0.002475081
238,60,0.0,0.0026469114
238,61,0.0,0.0014942796
238,62,0.0,0.0032711634
238,63,0.0,0.002016469
238,64,0.0,0.0018437244
238,65,0.0,0.002340104
238,66,0.0,0.0016877046
238,67,0.0,0.0014722669
238,68,0.0,0.002710143
238,69,0.0,0.0014838483
238,70,-0.145240696695696,0.0019018985
238,71,0.0,0.0017303592
238,72,0.0,0.0014861943
238,73,0.0,0.002423319
238,74,0.0,0.0024945955
238,75,0.0,0.0027912245
238,76,0.0,0.0018751081
238,77,0.0,0.0025508697
238,78,0.133359482120402,0.0023523234
238,79,0.0,0.002533156
238,80,0.0,0.0026195743
238,81,0.0,0.0024148487
238,82,0.0,0.0023463243
238,83,0.0,0.0025187214
238,84,0.0,0.0027473387
238,85,0.0,0.0027880147
238,86,0.0,0.0020662053
238,87,0.0,0.0025112913
238,88,0.0,0.0030428842
238,89,0.0,0.0021844585
238,90,0.0,0.0015498362
238,91,0.0,0.0021176087
238,92,0.0,0.0023424802
238,93,0.0,0.0015413794
238,94,0.0,0.002114485
238,95,0.0,0.0020697126
238,96,0.0,0.0036124815
238,97,0.0,0.0016620518
238,98,0.0,0.0028095269
238,99,0.0,0.0023107934
238,100,0.0,0.0019822167
238,101,0.0,0.0034466954
238,102,0.0,0.0018698312
238,103,0.0,0.0015530353
238,104,0.0,0.0027889437
238,105,0.0,0.002473806
238,106,0.149947413134747,0.0035567186
238,107,-0.140035871655565,0.0015604934
238,108,0.0,0.0023130593
238,109,0.0,0.002324693
238,110,0.0,0.0017398112
238,111,0.153526952912759,0.0023680325
238,112,0.0,0.0016904352
238,113,0.0,0.0025669127
238,114,0.137127163533979,0.0024556108
238,115,0.0,0.001972483
238,116,0.0,0.0030478765
238,117,0.0,0.0023450297
238,118,0.0,0.0027620369
238,119,0.0,0.0027809697
238,120,0.0,0.0019025072
238,121,0.0,0.0014886269
238,122,0.0,0.0026151477
238,123,0.0,0.0015813797
238,124,0.0,0.0014971714
238,125,0.0,0.0027684262
238,126,0.0,0.0024982095
238,127,0.0,0.00288426
238,128,0.0,0.0024652458
238,129,0.0,0.0035632737
238,130,0.0,0.0024084942
238,131,0.0,0.0014820704
238,132,0.0,0.0017310856
238,133,0.0,0.0019014888
238,134,0.0,0.0014937073
238,135,0.0,0.0026809452
238,136,0.0,0.002773459
238,137,0.0,0.0016880422
238,138,0.0,0.0026059477
238,139,0.0,0.0035800142
238,140,0.0,0.0014743218
238,141,0.0,0.0032139844
238,142,0.0,0.001724646
238,143,0.0,0.0026359865
238,144,0.0,0.0023069358
238,145,0.0,0.0024092821
238,146,0.0,0.002560181
238,147,0.0,0.002261269
238,148,0.0,0.0019763787
238,149,0.0,0.00216371
238,150,0.0,0.0014830944
238,151,0.148543170284897,0.0022524418
238,152,0.0,0.0034351898
238,153,0.0,0.0016244361
238,154,0.0,0.0019929507
238,155,0.0,0.002216559
238,156,0.0,0.002050369
238,157,-0.148755852467619,0.0035879472
238,158,0.0,0.0023573348
238,159,0.0,0.0017360961
238,160,0.0,0.0026055863
238,161,0.0,0.0021580453
238,162,0.0,0.0014907545
238,163,0.0,0.0018528998
238,164,0.0,0.0024434486
238,165,0.0,0.0016988739
238,166,0.0,0.0020212648
238,167,0.0,0.0024390193
238,168,0.0,0.0023709168
238,169,0.0,0.002611598
238,170,0.0,0.0025430694
238,171,0.0,0.0016397112
238,172,0.0,0.002541875
238,173,0.0,0.0025754194
238,174,0.0,0.0032413462
238,175,0.0,0.0031099971
238,176,0.0,0.002687294
238,177,0.0,0.0025499896
238,178,0.0,0.0025701239
238,179,0.0,0.0027688271
238,180,0.143226631627514,0.0026065442
238,181,0.144057224604607,0.002376875
238,182,0.0,0.0027641063
238,183,0.0,0.0035829372
238,184,0.0,0.0015335698
238,185,0.0,0.0023391508
238,186,0.0,0.0025566453
238,187,0.0,0.0027614762
238,188,0.0,0.0030112402
238,189,0.0,0.0023205974
238,190,0.0,0.0017340374
238,191,0.0,0.0014678854
238,192,0.0,0.002692963
238,193,0.0,0.002560963
238,194,0.0,0.002721211
238,195,0.0,0.002426419
238,196,0.0,0.001485934
238,197,-0.135068590971216,0.0020495327
238,198,0.0,0.0020445902
238,199,0.0,0.002648353
238,200,0.0,0.0020084297
238,201,0.0,0.0035576536
238,202,0.0,0.0024224562
238,203,0.0,0.002451465
238,204,0.0,0.0019389214
238,205,0.0,0.0027431073
238,206,0.0,0.0024140417
238,207,0.0,0.0017387099
238,208,0.0,0.0026112502
238,209,0.0,0.0014806171
238,210,0.0,0.0019845227
238,211,0.0,0.0024661105
238,212,0.0,0.0023612631
238,213,0.0,0.0031392314
238,214,0.0,0.0017823623
238,215,0.0,0.003119181
238,216,0.0,0.0023427568
238,217,0.0,0.0034372527
238,218,0.0,0.0015287646
238,219,0.0,0.0032359706
238,220,0.0,0.0017717872
238,221,0.0,0.0023245346
238,222,0.0,0.0014830125
238,223,0.0,0.0026777657
238,224,0.0,0.0022457116
238,225,0.0,0.0017857174
238,226,0.0,0.0026088865
238,227,0.0,0.0021701427
238,228,0.0,0.001709729
238,229,0.143045417311331,0.0028004935
238,230,0.0,0.0024927775
238,231,0.0,0.0024110712
238,232,0.0,0.0025771516
238,233,0.0,0.002603718
238,234,0.0,0.0018214029
238,235,-0.145645438932842,0.0014887666
238,236,0.0,0.002215947
238,237,0.0,0.0018955325
238,238,0.930203093448654,0.030703487
238,239,0.0,0.0023847208
238,240,0.0,0.0031258715
238,241,0.0,0.0014909236
238,242,0.151879518870798,0.0031621759
238,243,0.0,0.0034609442
238,244,0.0,0.0019564787
238,245,0.0,0.0027976325
238,246,0.0,0.0025121728
238,247,-0.145521685565743,0.0016426998
238,248,0.0,0.001796734
238,249,0.0,0.0014631422
238,250,0.145657356716984,0.0016354956
238,251,0.0,0.0021613874
238,252,0.0,0.0023111505
238,253,0.0,0.0026608282
238,254,0.0,0.001490152
238,255,0.140143708076447,0.0023495439
238,256,0.0,0.0021109344
238,257,0.0,0.002345841
238,258,0.0,0.0020396695
238,259,0.0,0.003418421
238,260,0.0,0.002251442
238,261,0.0,0.0036278279
238,262,0.0,0.0018089749
238,263,0.0,0.0016963156
238,264,0.0,0.0031912597
238,265,0.0,0.002521148
238,266,-0.158166858458566,0.001960191
238,267,0.0,0.0024414603
238,268,0.0,0.0022427621
239,1,0.0,0.003193906
239,2,0.0,0.0027786656
239,3,0.0,0.0034052832
239,4,0.0,0.0034854286
239,5,0.0,0.0025225868
239,6,0.0,0.0027577854
239,7,0.0,0.0025308775
239,8,0.0,0.001781303
239,9,0.0,0.0029135016
239,10,0.0,0.0021148548
239,11,0.0,0.00278203
239,12,0.0,0.0034180647
239,13,0.0,0.0016267626
239,14,0.0,0.0026020203
239,15,0.0,0.0018461184
239,16,0.0,0.0014955532
239,17,0.0,0.0014830139
239,18,0.0,0.0028929873
239,19,0.0,0.0027338057
239,20,0.0,0.0025452008
239,21,0.0,0.002607413
239,22,0.0,0.0034632343
239,23,0.0,0.002576652
239,24,0.0,0.0023839255
239,25,0.0,0.0016720565
239,26,0.0,0.0015185131
239,27,0.0,0.003505853
239,28,0.0,0.0015045651
239,29,0.135813611721656,0.0018887464
239,30,0.0,0.0027584494
239,31,0.0,0.002703323
239,32,0.139591286122241,0.002678224
239,33,0.0,0.0024683652
239,34,0.0,0.0015361323
239,35,0.0,0.001565807
239,36,0.0,0.0027172873
239,37,0.0,0.0020073946
239,38,-0.140409283819051,0.0023418227
239,39,0.0,0.002538973
239,40,0.144162306117879,0.0023539378
239,41,0.0,0.0015596617
239,42,0.0,0.0025504478
239,43,0.144373063612397,0.0035730605
239,44,0.0,0.002305591
239,45,0.0,0.003153596
239,46,0.0,0.0034229257
239,47,0.0,0.0030752304
239,48,0.0,0.0026139515
239,49,0.0,0.0035067843
239,50,0.0,0.0023494265
239,51,0.0,0.0028250935
239,52,0.0,0.0023759548
239,53,0.0,0.0027430994
239,54,-0.137079141944461,0.0015993915
239,55,0.0,0.0030212584
239,56,0.0,0.0019964594
239,57,0.0,0.0026599993
239,58,0.0,0.0028441027
239,59,0.0,0.0020318064
239,60,0.0,0.0033226889
239,61,0.0,0.0022124634
239,62,0.0,0.002477244
239,63,0.0,0.0026407056
239,64,-0.152377411234069,0.003591475
239,65,0.0,0.0024328222
239,66,0.0,0.002498575
239,67,0.0,0.0025524609
239,68,0.0,0.0025511738
239,69,0.0,0.0024674986
239,70,0.0,0.0025518336
239,71,0.0,0.0022993945
239,72,0.0,0.0025532544
239,73,0.0,0.0035977345
239,74,0.0,0.0014912952
239,75,0.0,0.003222405
239,76,0.0,0.0024360316
239,77,0.0,0.002593751
239,78,0.0,0.0023334897
239,79,0.0,0.002113821
239,80,0.0,0.0034911279
239,81,-0.147027557636135,0.0029768762
239,82,0.0,0.0027147862
239,83,0.0,0.0021896097
239,84,0.0,0.0023262869
239,85,0.0,0.002386605
239,86,0.0,0.0035053375
239,87,0.0,0.0024414775
239,88,0.0,0.001697184
239,89,0.0,0.0023777895
239,90,0.0,0.0034185424
239,91,0.0,0.002461771
239,92,0.0,0.002256147
239,93,0.0,0.0033796267
239,94,0.0,0.0014786674
239,95,0.0,0.0028307033
239,96,0.0,0.0023719007
239,97,0.0,0.0017251661
239,98,0.0,0.001918368
239,99,0.0,0.0015045293
239,100,0.141124418771857,0.0022675353
239,101,0.0,0.00235502
239,102,0.0,0.0020075664
239,103,-0.156636004059461,0.0032079308
239,104,0.0,0.0023902222
239,105,0.0,0.0033368948
239,106,0.0,0.0017255805
239,107,0.0,0.0025504055
239,108,0.0,0.0024270355
239,109,0.0,0.0017456338
239,110,0.0,0.001512506
239,111,0.0,0.002830889
239,112,0.0,0.0027112477
239,113,0.0,0.00266052
239,114,0.0,0.0034290263
239,115,0.0,0.0030264636
239,116,0.0,0.0025363918
239,117,0.0,0.0025717732
239,118,0.0,0.0025183493
239,119,0.0,0.0016269144
239,120,0.0,0.0016529439
239,121,0.0,0.0014841659
239,122,0.0,0.0032352596
239,123,0.141925170300738,0.002274551
239,124,0.0,0.0021659373
239,125,0.0,0.0024982998
239,126,0.0,0.0027433215
239,127,0.0,0.0026138858
239,128,0.135032771751474,0.0033058873
239,129,-0.143557612712417,0.0019300967
239,130,0.0,0.0026424956
239,131,0.139049310013793,0.0018655276
239,132,0.0,0.0025034454
239,133,0.0,0.0029187026
239,134,0.0,0.0027708826
239,135,0.0,0.0024318458
239,136,0.0,0.0018148306
239,137,0.0,0.00233499
239,138,0.0,0.0021775179
239,139,0.0,0.002379031
239,140,0.0,0.0014861599
239,141,0.0,0.0020779949
239,142,0.0,0.0020064125
239,143,0.0,0.0014857096
239,144,0.0,0.0034415512
239,145,0.0,0.0024706018
239,146,0.141123246702881,0.00180696
239,147,0.0,0.0022904738
239,148,0.0,0.0034860014
239,149,0.0,0.0035762223
239,150,0.0,0.002839819
239,151,0.0,0.003561927
239,152,0.0,0.0025363588
239,153,-0.152949860441815,0.0022429689
239,154,0.0,0.0021620914
239,155,0.0,0.0026964569
239,156,0.0,0.002769006
239,157,0.0,0.0036252802
239,158,0.0,0.0017808708
239,159,0.0,0.0022076229
239,160,0.0,0.002576841
239,161,0.0,0.0019915337
239,162,0.0,0.0018271008
239,163,0.0,0.0024246848
239,164,0.0,0.0020010704
239,165,0.0,0.0018223524
239,166,0.152163070720834,0.0023703729
239,167,0.0,0.0030448097
239,168,0.0,0.0022979304
239,169,0.0,0.0020332988
239,170,0.0,0.0032785367
239,171,0.0,0.0034112143
239,172,0.0,0.0026998026
239,173,0.0,0.0018991274
239,174,0.0,0.002474201
239,175,0.0,0.0026980839
239,176,0.0,0.0023421524
239,177,0.0,0.0017330716
239,178,0.0,0.0024480573
239,179,0.0,0.0023426772
239,180,0.0,0.0023991573
239,181,-0.145781671194071,0.0032984777
239,182,0.0,0.0035399552
239,183,0.0,0.0018143868
239,184,0.0,0.0019326233
239,185,0.0,0.0025168695
239,186,0.0,0.002815417
239,187,-0.143519253829346,0.0022307863
239,188,0.0,0.0017636097
239,189,0.144148374722177,0.0017547794
239,190,0.0,0.0026140767
239,191,0.0,0.0023098728
239,192,0.0,0.0016911258
239,193,0.0,0.0020083375
239,194,0.0,0.0017058682
239,195,0.0,0.0018298915
239,196,0.0,0.0034812656
239,197,0.0,0.003477546
239,198,0.0,0.00228752
239,199,0.0,0.002442881
239,200,0.0,0.002728988
239,201,0.0,0.0022139018
239,202,0.0,0.0025550416
239,203,0.0,0.0035160277
239,204,0.0,0.00240081
239,205,0.0,0.0018740827
239,206,0.0,0.003624428
239,207,0.0,0.0032320647
239,208,0.0,0.0021600607
239,209,0.0,0.0027786614
239,210,0.0,0.0026102443
239,211,0.0,0.0024240157
239,212,0.0,0.0016973075
239,213,0.0,0.0024624858
239,214,0.0,0.0022235094
239,215,0.0,0.0030732434
239,216,0.0,0.0019275141
239,217,0.0,0.002042498
239,218,0.0,0.002603962
239,219,-0.149062565007817,0.0017203446
239,220,0.0,0.0017160112
239,221,0.133418212249187,0.0024444768
239,222,0.0,0.0024810545
239,223,0.0,0.0023362204
239,224,0.0,0.0024166312
239,225,0.0,0.0027827183
239,226,0.0,0.002718125
239,227,0.0,0.0022095381
239,228,0.0,0.0027822922
239,229,0.0,0.0019237422
239,230,0.0,0.0035571284
239,231,0.0,0.0029611913
239,232,0.0,0.002322534
239,233,0.0,0.0031944579
239,234,0.0,0.0025715414
239,235,0.0,0.0021707737
239,236,0.0,0.0024224292
239,237,0.0,0.0031714868
239,238,0.0,0.0023847208
239,239,0.0,0.030703487
239,240,0.0,0.0014870921
239,241,0.0,0.0035914285
239,242,0.0,0.0026527098
239,243,0.0,0.0023409235
239,244,0.0,0.0027534282
239,245,0.0,0.001639694
239,246,0.0,0.0034821006
239,247,0.0,0.002503315
239,248,0.0,0.001717702
239,249,0.159526241005583,0.0034480635
239,250,0.0,0.0014862828
239,251,0.0,0.0035276287
239,252,0.0,0.0026371246
239,253,0.0,0.0025018025
239,254,0.0,0.0023935619
239,255,0.0,0.0014887587
239,256,0.0,0.0025892663
239,257,0.0,0.0015829494
239,258,0.0,0.0023972401
239,259,0.0,0.0024921433
239,260,0.0,0.0025858274
239,261,0.0,0.001797148
239,262,0.0,0.0023325305
239,263,0.0,0.0019361167
239,264,0.0,0.002788093
239,265,0.0,0.0023757322
239,266,0.0,0.0015556188
239,267,0.0,0.0021642228
239,268,0.0,0.0019561606
240,1,0.0,0.0019512014
240,2,0.0,0.0025921124
240,3,0.0,0.0024241796
240,4,0.0,0.002359021
240,5,0.0,0.002780436
240,6,0.0,0.0027113697
240,7,0.0,0.0021734475
240,8,0.0,0.0025279159
240,9,0.0,0.00306476
240,10,0.0,0.0015432145
240,11,0.0,0.0024158
240,12,0.0,0.0026544542
240,13,0.0,0.002416641
240,14,0.0,0.001601466
240,15,0.0,0.0024451572
240,16,0.0,0.0024881014
240,17,0.0,0.0022518858
240,18,0.0,0.002896328
240,19,0.0,0.0019379742
240,20,0.0,0.0023129303
240,21,0.0,0.0019789096
240,22,0.0,0.0015830034
240,23,0.0,0.0036105542
240,24,0.0,0.002591291
240,25,0.0,0.0033825957
240,26,0.0,0.0023625768
240,27,-0.13514289733152,0.0015924899
240,28,0.0,0.002358316
240,29,0.0,0.0023143897
240,30,0.0,0.0035322676
240,31,0.0,0.0026536467
240,32,0.0,0.0026633805
240,33,0.0,0.0018186821
240,34,0.0,0.0026622415
240,35,0.13558835458369,0.0017372859
240,36,0.0,0.0027668234
240,37,0.0,0.0027737296
240,38,0.0,0.0021323161
240,39,0.0,0.0027049761
240,40,0.0,0.0026385952
240,41,0.0,0.002426228
240,42,0.0,0.0026161866
240,43,0.0,0.0021407823
240,44,0.0,0.0016650935
240,45,0.0,0.0024193954
240,46,-0.13147772448883,0.0026902761
240,47,0.0,0.0022658315
240,48,0.0,0.0016524605
240,49,0.0,0.0025277673
240,50,0.0,0.0023940704
240,51,0.0,0.0023456188
240,52,0.0,0.0023592426
240,53,0.0,0.003194096
240,54,0.0,0.0024405709
240,55,0.0,0.0019518468
240,56,0.0,0.0022709183
240,57,0.0,0.002113956
240,58,0.0,0.0023648697
240,59,0.0,0.002440238
240,60,0.0,0.0033880752
240,61,0.0,0.0025534392
240,62,0.0,0.0034955647
240,63,0.0,0.0024186876
240,64,0.0,0.0029792828
240,65,0.0,0.0019324324
240,66,0.0,0.0031091715
240,67,0.0,0.0014827428
240,68,0.0,0.0027179136
240,69,0.0,0.0017004996
240,70,0.139566744992628,0.0027862806
240,71,0.154509898316882,0.0021508932
240,72,0.0,0.0021334896
240,73,0.0,0.0023511397
240,74,0.0,0.0028427197
240,75,0.0,0.0015035858
240,76,0.0,0.0025482145
240,77,0.0,0.0024100076
240,78,0.0,0.002355163
240,79,0.0,0.0034807255
240,80,0.0,0.0017917682
240,81,-0.139612559258986,0.0020830762
240,82,0.0,0.002500135
240,83,0.0,0.0026296144
240,84,0.0,0.0017442806
240,85,0.140819411884846,0.0024104537
240,86,0.0,0.0022671884
240,87,0.0,0.0024755606
240,88,0.0,0.0031918064
240,89,0.0,0.0017220434
240,90,0.0,0.001967715
240,91,0.0,0.0026134253
240,92,0.0,0.0017436082
240,93,0.0,0.0026158113
240,94,0.0,0.002563946
240,95,0.0,0.0027139704
240,96,0.0,0.002307883
240,97,0.0,0.0023621046
240,98,0.0,0.0030115214
240,99,0.0,0.0023097359
240,100,0.0,0.003126416
240,101,0.131687974338418,0.0022049048
240,102,0.0,0.0018784041
240,103,0.0,0.0027719564
240,104,0.0,0.0027691936
240,105,0.0,0.0017017219
240,106,0.0,0.0027354993
240,107,0.0,0.0019230274
240,108,0.0,0.002614146
240,109,0.0,0.00266332
240,110,0.0,0.0024087173
240,111,0.0,0.002346743
240,112,0.0,0.002651597
240,113,0.0,0.0016238214
240,114,0.0,0.0032814764
240,115,0.0,0.0024340497
240,116,0.0,0.0027684611
240,117,0.0,0.0015595877
240,118,0.0,0.0025650654
240,119,0.0,0.0031982227
240,120,0.0,0.003235103
240,121,0.0,0.0033997605
240,122,0.134659123832065,0.0020985296
240,123,0.0,0.0026393584
240,124,0.0,0.002393765
240,125,0.0,0.0019631619
240,126,0.0,0.003562089
240,127,0.0,0.0020851986
240,128,0.0,0.0023190887
240,129,0.0,0.0020261095
240,130,0.0,0.0033862004
240,131,0.0,0.0014921506
240,132,0.0,0.002076516
240,133,0.0,0.0023607463
240,134,0.0,0.00207928
240,135,0.0,0.0021173283
240,136,0.0,0.002774164
240,137,-0.135660467746219,0.0023563104
240,138,0.0,0.001739304
240,139,0.0,0.0031504845
240,140,0.0,0.0026463084
240,141,0.0,0.0029294952
240,142,0.0,0.0027022287
240,143,0.0,0.0023453413
240,144,0.0,0.0023886422
240,145,0.0,0.0035480252
240,146,0.0,0.002392355
240,147,0.0,0.0017682714
240,148,0.0,0.0025418997
240,149,0.0,0.0029413854
240,150,0.0,0.0027986476
240,151,0.0,0.0025503016
240,152,0.0,0.0025846967
240,153,0.0,0.0025503486
240,154,0.0,0.0015117247
240,155,-0.152697319926899,0.0014770217
240,156,0.0,0.0025952538
240,157,0.0,0.0024239705
240,158,0.0,0.0031345347
240,159,0.0,0.0026014284
240,160,0.0,0.002400015
240,161,0.0,0.0028820345
240,162,0.0,0.0016057906
240,163,0.0,0.0034233104
240,164,0.0,0.002552682
240,165,0.0,0.0015581469
240,166,0.0,0.0022892277
240,167,0.0,0.0035969839
240,168,0.0,0.0024209968
240,169,0.0,0.0022936733
240,170,0.0,0.0025040489
240,171,0.0,0.0025902577
240,172,0.0,0.0025323825
240,173,0.0,0.0021395232
240,174,0.0,0.0023872615
240,175,0.0,0.0026141834
240,176,0.0,0.0035773525
240,177,0.0,0.0024350835
240,178,0.0,0.0014819726
240,179,0.0,0.0023972858
240,180,0.0,0.002176209
240,181,0.0,0.0023247334
240,182,0.0,0.002726789
240,183,0.0,0.002785129
240,184,0.0,0.00195002
240,185,0.0,0.0028741886
240,186,0.0,0.0024062828
240,187,0.0,0.0034140185
240,188,0.0,0.0025190078
240,189,0.0,0.0032400922
240,190,0.0,0.0022925483
240,191,0.0,0.0024235328
240,192,0.0,0.0017659916
240,193,0.0,0.0021059406
240,194,0.0,0.0014791838
240,195,0.137318101957668,0.0026133088
240,196,0.0,0.0014906283
240,197,0.0,0.0025377572
240,198,0.0,0.0023680232
240,199,0.0,0.0021866723
240,200,0.0,0.0017501898
240,201,0.0,0.0023570592
240,202,0.0,0.0025681606
240,203,0.0,0.0022360957
240,204,-0.134135614488731,0.0023616361
240,205,0.0,0.0019894936
240,206,0.0,0.0018559946
240,207,0.0,0.0025212062
240,208,0.0,0.0025291312
240,209,0.0,0.0027827774
240,210,0.0,0.0017049359
240,211,0.0,0.002398518
240,212,0.0,0.0027393182
240,213,0.0,0.0023519509
240,214,0.0,0.0026738713
240,215,0.0,0.0026454674
240,216,0.0,0.0033625532
240,217,0.0,0.0026808726
240,218,-0.129464981519399,0.0015314152
240,219,0.0,0.0020630006
240,220,0.0,0.00216649
240,221,0.0,0.002186846
240,222,0.0,0.0031536305
240,223,0.0,0.0023881788
240,224,0.0,0.0024699857
240,225,0.0,0.001824751
240,226,0.0,0.0020899307
240,227,0.0,0.002488907
240,228,0.0,0.0018630782
240,229,0.0,0.0024266788
240,230,0.144460944587527,0.0025243568
240,231,0.0,0.0024121804
240,232,0.0,0.002238416
240,233,0.0,0.0028245277
240,234,0.0,0.002157046
240,235,0.0,0.0030802572
240,236,0.0,0.002499952
240,237,0.0,0.0020855367
240,238,0.0,0.0031258715
240,239,0.0,0.0014870921
240,240,0.0,0.030703487
240,241,0.0,0.0021487074
240,242,0.0,0.0025233976
240,243,0.0,0.0034749312
240,244,0.0,0.0026989318
240,245,-0.146845620325812,0.0025038458
240,246,0.0,0.0024751849
240,247,0.0,0.0026957951
240,248,0.0,0.0016572629
240,249,0.0,0.0021129865
240,250,0.0,0.0014948826
240,251,0.0,0.0035681296
240,252,-0.152529107507035,0.0020359224
240,253,0.0,0.0024708202
240,254,0.0,0.0014959164
240,255,0.0,0.0024617137
240,256,0.0,0.0017814073
240,257,0.134730540601924,0.0025069318
240,258,0.145706019537418,0.0018539671
240,259,0.0,0.0023378027
240,260,0.0,0.0023639742
240,261,0.0,0.0036057709
240,262,0.0,0.0024862355
240,263,0.0,0.0025903485
240,264,0.0,0.0024763145
240,265,0.0,0.0022776267
240,266,-0.162500378509183,0.0023780316
240,267,0.151938967126407,0.0027710665
240,268,0.0,0.00357468
241,1,0.145806589837066,0.0027992963
241,2,0.0,0.0027174633
241,3,0.0,0.0034860815
241,4,0.0,0.0025355294
241,5,0.0,0.002465262
241,6,0.0,0.0023315726
241,7,0.0,0.0020951815
241,8,-0.139768747738334,0.0024172477
241,9,0.0,0.0025070002
241,10,0.0,0.0032481146
241,11,0.0,0.0024519027
241,12,0.0,0.0024992852
241,13,0.0,0.0023181816
241,14,0.0,0.0014924314
241,15,0.0,0.0024285275
241,16,0.0,0.0018571625
241,17,-0.149951329527821,0.0023429575
241,18,0.0,0.0024528014
241,19,0.0,0.0018942067
241,20,0.0,0.0020400332
241,21,0.0,0.003553275
241,22,0.0,0.0015727212
241,23,0.0,0.0025561894
241,24,0.0,0.003366597
241,25,0.0,0.0026137615
241,26,0.0,0.0027547176
241,27,0.0,0.0014981409
241,28,0.0,0.0023533744
241,29,0.0,0.002323687
241,30,0.0,0.0025006086
241,31,0.0,0.0035694754
241,32,0.0,0.0016458137
241,33,-0.133406498608769,0.0017133178
241,34,0.0,0.0015587821
241,35,0.0,0.0018565119
241,36,-0.155310133314847,0.0025863615
241,37,0.0,0.0023798165
241,38,0.0,0.0025693104
241,39,0.0,0.0015429133
241,40,0.0,0.0025796825
241,41,0.0,0.001484096
241,42,0.0,0.0015572868
241,43,0.0,0.0017950931
241,44,0.0,0.002453099
241,45,0.0,0.0031043463
241,46,0.0,0.002453432
241,47,0.0,0.0020274427
241,48,0.0,0.0025605918
241,49,0.0,0.0017845449
241,50,0.0,0.0014921837
241,51,0.0,0.0014799312
241,52,0.0,0.0023160134
241,53,0.0,0.0021232776
241,54,0.0,0.0018310696
241,55,0.0,0.0017169318
241,56,0.0,0.0019410104
241,57,0.0,0.0019116108
241,58,0.0,0.0014780439
241,59,0.0,0.0022700103
241,60,0.0,0.0035856701
241,61,0.0,0.002358778
241,62,0.0,0.0034871069
241,63,0.0,0.0023648166
241,64,0.0,0.002007098
241,65,0.0,0.0024915454
241,66,0.0,0.0014873096
241,67,0.0,0.0014958242
241,68,0.0,0.002780004
241,69,0.0,0.0028403574
241,70,0.0,0.0021856697
241,71,0.0,0.0026804758
241,72,0.0,0.0014943886
241,73,0.0,0.0035656304
241,74,0.0,0.0022104317
241,75,0.0,0.0031239963
241,76,0.0,0.0021902071
241,77,0.0,0.0024053012
241,78,-0.134894808119962,0.0018896447
241,79,-0.160729456390763,0.002346762
241,80,0.0,0.0034095212
241,81,0.0,0.003495126
241,82,0.0,0.0031023952
241,83,0.158731885458109,0.0021846988
241,84,0.0,0.002533291
241,85,0.0,0.0027894652
241,86,0.0,0.0017457791
241,87,0.0,0.0024342132
241,88,0.0,0.0032835659
241,89,0.0,0.0027701603
241,90,0.0,0.0039929454
241,91,0.0,0.002404729
241,92,0.0,0.0030407668
241,93,0.0,0.0023262217
241,94,0.0,0.0016404847
241,95,0.0,0.0023888508
241,96,0.0,0.0014929902
241,97,0.0,0.0034076883
241,98,0.0,0.0027374225
241,99,0.0,0.0031560436
241,100,0.0,0.0022915537
241,101,0.0,0.0033833897
241,102,0.0,0.0017172326
241,103,0.0,0.00249023
241,104,0.0,0.0018593264
241,105,0.0,0.0031199595
241,106,0.0,0.0017856192
241,107,0.0,0.0032732487
241,108,0.0,0.0026323725
241,109,0.0,0.0023424882
241,110,0.0,0.0019484451
241,111,0.0,0.0016540927
241,112,0.0,0.0015181969
241,113,-0.15301296089573,0.00205448
241,114,0.0,0.0016392046
241,115,0.0,0.002261682
241,116,0.0,0.0019158414
241,117,0.0,0.0023835879
241,118,0.0,0.002789671
241,119,0.0,0.0025779442
241,120,0.0,0.0036276286
241,121,0.138533682656241,0.0015953076
241,122,0.0,0.0025519445
241,123,0.141860954397899,0.0027639577
241,124,0.0,0.0014839275
241,125,0.0,0.0031262427
241,126,0.0,0.0026966878
241,127,0.144490184516565,0.0019981423
241,128,0.0,0.0026277797
241,129,0.0,0.0018741628
241,130,0.0,0.0035167895
241,131,0.0,0.0014639376
241,132,0.0,0.0021377113
241,133,0.0,0.001687258
241,134,0.0,0.0021791956
241,135,0.0,0.0035584099
241,136,0.0,0.0027396474
241,137,-0.142800924182251,0.0027528666
241,138,0.0,0.003326964
241,139,0.0,0.0014797598
241,140,0.0,0.0035772608
241,141,0.0,0.0014906339
241,142,0.0,0.0020180992
241,143,0.0,0.0026112609
241,144,0.0,0.0027990951
241,145,0.0,0.0016875169
241,146,0.0,0.0020956434
241,147,0.0,0.0023630997
241,148,0.0,0.0017239936
241,149,0.0,0.0022396697
241,150,0.0,0.0014885813
241,151,0.0,0.0035282765
241,152,0.0,0.0023120907
241,153,0.0,0.0024049003
241,154,0.0,0.0017305263
241,155,0.160734507023117,0.0027697715
241,156,0.0,0.0034845853
241,157,0.0,0.0035471749
241,158,0.0,0.0036087818
241,159,0.0,0.0017880243
241,160,0.0,0.0027918
241,161,0.0,0.002666899
241,162,0.0,0.0014617429
241,163,0.0,0.0028042733
241,164,-0.151447622904753,0.0014930367
241,165,0.0,0.0024240757
241,166,0.0,0.0014705444
241,167,0.0,0.0026830048
241,168,0.0,0.0026622582
241,169,0.0,0.0016716453
241,170,0.13870715626562,0.0016766097
241,171,0.0,0.0023840033
241,172,0.0,0.0032372181
241,173,0.136988866148424,0.0017407229
241,174,0.0,0.0025695697
241,175,0.0,0.002303171
241,176,0.0,0.0015924354
241,177,0.0,0.0033551883
241,178,0.0,0.0022748546
241,179,0.0,0.0034343712
241,180,0.0,0.0026621856
241,181,0.0,0.0026400648
241,182,0.0,0.002957794
241,183,0.0,0.0014723479
241,184,0.0,0.0029307986
241,185,-0.149910473546517,0.0014741058
241,186,0.0,0.0027884338
241,187,0.0,0.0031636152
241,188,0.0,0.0031220117
241,189,0.0,0.0024981531
241,190,0.0,0.001814039
241,191,0.0,0.0025022207
241,192,-0.139514330278443,0.001533255
241,193,0.0,0.002308223
241,194,0.0,0.0024803495
241,195,0.0,0.0023481892
241,196,0.0,0.0014954936
241,197,0.0,0.0019241516
241,198,0.0,0.0014934517
241,199,0.0,0.0017111981
241,200,0.141285763490256,0.0014606155
241,201,0.0,0.002513717
241,202,0.0,0.0026461491
241,203,0.0,0.0027971817
241,204,0.0,0.0020515257
241,205,0.0,0.0031062826
241,206,0.0,0.0035151346
241,207,0.0,0.0015448234
241,208,0.0,0.0025496949
241,209,0.0,0.0026698788
241,210,0.0,0.0035584276
241,211,0.0,0.003183023
241,212,0.0,0.0021036803
241,213,0.0,0.0033671246
241,214,0.0,0.0025640833
241,215,0.0,0.002422059
241,216,0.0,0.0024232683
241,217,0.0,0.0034728432
241,218,0.0,0.00426899
241,219,0.0,0.0016791518
241,220,0.0,0.0027552838
241,221,-0.133357845430978,0.0015346725
241,222,0.0,0.0014639329
241,223,0.0,0.0017145504
241,224,0.0,0.0018413803
241,225,0.0,0.0045821974
241,226,0.0,0.0020357063
241,227,0.0,0.0023055822
241,228,0.0,0.0035139555
241,229,0.0,0.0027576638
241,230,0.0,0.0024198107
241,231,0.137880930829743,0.0016929493
241,232,0.0,0.0025823042
241,233,0.0,0.0026803901
241,234,0.0,0.0025921362
241,235,0.0,0.002397636
241,236,0.0,0.0020480752
241,237,0.0,0.0017433222
241,238,0.0,0.0014909236
241,239,0.0,0.0035914285
241,240,0.0,0.0021487074
241,241,0.789760142797604,0.030703487
241,242,0.0,0.003506193
241,243,0.0,0.0014973301
241,244,0.0,0.0027196412
241,245,0.0,0.0026889998
241,246,0.0,0.002012142
241,247,0.0,0.0027698488
241,248,0.0,0.0020695766
241,249,0.0,0.0017838334
241,250,-0.149238177106488,0.0015983833
241,251,0.0,0.0014943318
241,252,0.0,0.0031779925
241,253,0.0,0.0025109393
241,254,0.0,0.0017571184
241,255,0.0,0.0027605356
241,256,0.0,0.0015948657
241,257,0.0,0.0021616113
241,258,0.0,0.0034192973
241,259,0.0,0.0034128367
241,260,0.0,0.0019236882
241,261,0.0,0.0028966647
241,262,0.0,0.0020586452
241,263,0.0,0.0023935512
241,264,0.0,0.0035506487
241,265,0.0,0.0015213266
241,266,0.0,0.0024139388
241,267,0.0,0.0014774278
241,268,0.0,0.002351801
242,1,0.0,0.0014791442
242,2,0.0,0.0034528915
242,3,0.0,0.0020100926
242,4,0.0,0.0024852385
242,5,0.0,0.002287948
242,6,0.145115258852254,0.0024586897
242,7,0.0,0.0018642535
242,8,0.0,0.003502977
242,9,0.0,0.0024139867
242,10,0.0,0.002772295
242,11,0.153274256674129,0.002439253
242,12,-0.141021066169479,0.0017401841
242,13,0.0,0.0029870458
242,14,0.0,0.0024104887
242,15,0.0,0.00191704
242,16,0.0,0.0017784401
242,17,0.0,0.002384873
242,18,0.0,0.0021245345
242,19,-0.150594542527625,0.0025522835
242,20,0.0,0.0023804922
242,21,0.0,0.0026359432
242,22,0.0,0.0036112694
242,23,-0.147068430145382,0.0027299048
242,24,0.0,0.0019212291
242,25,0.0,0.0027653696
242,26,0.0,0.001621665
242,27,0.0,0.0020064889
242,28,0.0,0.0014608251
242,29,0.0,0.0017670109
242,30,0.0,0.0025905399
242,31,0.0,0.0014865948
242,32,0.0,0.0020153923
242,33,0.0,0.002016968
242,34,0.0,0.002388088
242,35,0.0,0.002717968
242,36,0.0,0.0017994321
242,37,0.0,0.0026203897
242,38,0.0,0.0035260725
242,39,0.0,0.0020789085
242,40,0.0,0.001627245
242,41,0.0,0.0014937813
242,42,0.0,0.002013573
242,43,0.0,0.0026127738
242,44,0.0,0.0027060085
242,45,0.0,0.002190134
242,46,0.0,0.0034838547
242,47,0.0,0.001926152
242,48,0.0,0.0024103406
242,49,0.0,0.00198452
242,50,0.0,0.0023074402
242,51,0.0,0.0031330474
242,52,0.0,0.0024000388
242,53,0.0,0.0018454241
242,54,0.0,0.0024110642
242,55,0.0,0.0027844324
242,56,0.0,0.002039161
242,57,0.0,0.0015524114
242,58,0.0,0.002474524
242,59,0.0,0.0025288346
242,60,0.0,0.0025442014
242,61,0.135696066609932,0.002692042
242,62,0.0,0.0014918041
242,63,0.0,0.0030166265
242,64,0.0,0.0017490261
242,65,0.0,0.0032557878
242,66,0.0,0.0027295668
242,67,0.0,0.002876609
242,68,0.0,0.0014659963
242,69,0.0,0.0025132676
242,70,0.0,0.002259342
242,71,0.0,0.0018843776
242,72,0.0,0.0027590306
242,73,0.0,0.0020426954
242,74,-0.145427648481343,0.0026311316
242,75,0.0,0.0024336786
242,76,0.0,0.0018605143
242,77,0.0,0.002705207
242,78,0.0,0.0014935858
242,79,0.0,0.0028658197
242,80,0.0,0.0026596794
242,81,0.0,0.0025943788
242,82,0.0,0.0025963993
242,83,0.0,0.002785902
242,84,0.0,0.0016354066
242,85,0.0,0.003777341
242,86,0.0,0.0025721649
242,87,0.0,0.003511258
242,88,0.0,0.0014855089
242,89,0.144062884081203,0.002114443
242,90,0.0,0.0026119365
242,91,0.0,0.0035190322
242,92,0.137025488147622,0.0030877888
242,93,0.0,0.0035330579
242,94,0.146884558206771,0.0015953844
242,95,0.0,0.003498239
242,96,0.0,0.0025384226
242,97,0.0,0.002297462
242,98,0.0,0.0027507497
242,99,0.0,0.0033349283
242,100,0.0,0.0025328738
242,101,0.0,0.0025886996
242,102,0.0,0.0025493568
242,103,-0.16019060021953,0.0020511374
242,104,0.0,0.0026443782
242,105,0.0,0.002784552
242,106,0.0,0.0016437932
242,107,0.0,0.0022404948
242,108,0.0,0.0025005
242,109,0.0,0.0036321199
242,110,0.0,0.003349788
242,111,0.0,0.0029269862
242,112,0.0,0.0016570925
242,113,0.0,0.002656919
242,114,0.0,0.0015840405
242,115,0.0,0.0017776061
242,116,0.0,0.0021144478
242,117,0.0,0.0032710312
242,118,0.0,0.0017341948
242,119,0.0,0.0028182007
242,120,0.0,0.0032975515
242,121,0.0,0.001483873
242,122,0.0,0.0024060113
242,123,0.0,0.0018881904
242,124,0.0,0.0019920869
242,125,-0.139873347482772,0.002364419
242,126,0.0,0.002209554
242,127,0.147836041658176,0.0027635167
242,128,0.0,0.002378196
242,129,0.0,0.001488477
242,130,0.0,0.0016672881
242,131,0.0,0.0015461282
242,132,0.0,0.0027869004
242,133,0.0,0.0023623337
242,134,0.0,0.0018134471
242,135,0.0,0.0032525822
242,136,0.0,0.003632702
242,137,0.0,0.0022016154
242,138,0.135637112583163,0.002451093
242,139,0.0,0.0031282115
242,140,0.0,0.0015795557
242,141,0.0,0.0014700294
242,142,0.0,0.0026964834
242,143,0.0,0.0015764041
242,144,0.0,0.001988322
242,145,0.0,0.0023644133
242,146,0.0,0.0016718083
242,147,0.0,0.0032286467
242,148,0.0,0.0026454953
242,149,0.0,0.0025528339
242,150,0.0,0.0014960915
242,151,0.0,0.003631799
242,152,0.0,0.0017410638
242,153,0.156420805642915,0.0018921988
242,154,0.0,0.0016039745
242,155,0.0,0.0016612839
242,156,0.0,0.0022811424
242,157,0.0,0.0024143523
242,158,0.0,0.0035273596
242,159,0.0,0.0024269032
242,160,0.0,0.0028134757
242,161,0.0,0.002777318
242,162,0.0,0.0031841388
242,163,0.0,0.0024684248
242,164,0.0,0.0030802004
242,165,0.0,0.0023191948
242,166,-0.15561616102492,0.0017587524
242,167,0.0,0.002610194
242,168,0.0,0.0014794357
242,169,0.0,0.00260163
242,170,0.141919099906889,0.0015255297
242,171,0.0,0.0030476553
242,172,0.0,0.0026280815
242,173,0.0,0.0030167107
242,174,0.0,0.0026801499
242,175,0.0,0.0020988127
242,176,0.0,0.0015706406
242,177,0.0,0.0021443442
242,178,0.0,0.0026418632
242,179,0.0,0.002877823
242,180,0.0,0.0022663889
242,181,0.0,0.0024062223
242,182,0.151709701307555,0.0019573672
242,183,0.0,0.0014586626
242,184,0.0,0.00452039
242,185,0.0,0.0034126136
242,186,0.0,0.0023665726
242,187,0.0,0.0017855414
242,188,0.0,0.001834502
242,189,0.0,0.0017724414
242,190,0.0,0.0024160044
242,191,0.0,0.002983517
242,192,0.0,0.003374517
242,193,0.0,0.0024914555
242,194,0.0,0.0027124444
242,195,0.0,0.003550503
242,196,0.0,0.002664995
242,197,0.0,0.002767487
242,198,0.0,0.0014947462
242,199,0.0,0.0016447254
242,200,-0.144557418117616,0.0033946745
242,201,0.0,0.0016143923
242,202,0.0,0.0014883718
242,203,0.0,0.0035340297
242,204,0.144465382289095,0.0017830767
242,205,0.0,0.0035849423
242,206,0.0,0.0023765513
242,207,0.0,0.0021824893
242,208,0.0,0.0027600573
242,209,0.0,0.0018564123
242,210,0.0,0.0024446924
242,211,0.0,0.0028121602
242,212,0.0,0.0020656283
242,213,0.146815723786407,0.0014931001
242,214,0.149032523969091,0.002874277
242,215,0.0,0.0023922985
242,216,0.0,0.0025868025
242,217,0.0,0.0033784802
242,218,0.0,0.002163764
242,219,0.0,0.0024108915
242,220,0.0,0.003616036
242,221,0.0,0.0018170504
242,222,0.0,0.0024077585
242,223,0.0,0.0035443492
242,224,0.0,0.002865632
242,225,0.0,0.0021688677
242,226,0.0,0.0025535799
242,227,0.0,0.0023129364
242,228,0.0,0.0031112586
242,229,0.0,0.0027218466
242,230,-0.155585864837068,0.001460298
242,231,-0.141073742152201,0.0019550906
242,232,0.0,0.0019068578
242,233,0.0,0.0027089529
242,234,0.0,0.0027892077
242,235,0.0,0.003518682
242,236,0.0,0.00235683
242,237,0.0,0.0019728364
242,238,0.0,0.0031621759
242,239,0.0,0.0026527098
242,240,0.0,0.0025233976
242,241,0.0,0.003506193
242,242,0.0,0.030703487
242,243,0.154676774547567,0.002189843
242,244,0.0,0.0023707408
242,245,0.0,0.0016622697
242,246,0.0,0.0019111503
242,247,0.0,0.0023480193
242,248,0.0,0.0029426636
242,249,0.165526381147038,0.0017654239
242,250,0.0,0.002720418
242,251,-0.160048317787183,0.001493433
242,252,0.0,0.0021457751
242,253,0.0,0.0026184344
242,254,0.0,0.0025310162
242,255,0.0,0.0021721637
242,256,0.0,0.001471817
242,257,0.0,0.0036041704
242,258,0.0,0.0026422031
242,259,0.0,0.002326611
242,260,0.0,0.002767127
242,261,0.0,0.0021362137
242,262,0.0,0.0027005342
242,263,0.0,0.0017600167
242,264,0.0,0.0032841288
242,265,0.0,0.0019041072
242,266,0.0,0.0021068905
242,267,0.0,0.0016010893
242,268,0.164050253115928,0.0027670912
243,1,0.145437294045723,0.0023605684
243,2,0.0,0.0035095704
243,3,0.0,0.0016821311
243,4,0.0,0.003575198
243,5,0.0,0.0034699268
243,6,0.0,0.0023106136
243,7,0.0,0.0018258886
243,8,0.0,0.0019808193
243,9,0.0,0.0024140738
243,10,0.0,0.003116222
243,11,0.0,0.0027417582
243,12,0.0,0.0033846726
243,13,0.135442412904202,0.0027754945
243,14,0.0,0.0025501363
243,15,0.0,0.002112188
243,16,0.0,0.003021353
243,17,0.0,0.0023520114
243,18,0.0,0.0036106058
243,19,0.0,0.0027683978
243,20,0.136112780666201,0.0034915432
243,21,0.0,0.0016098646
243,22,0.0,0.0031153066
243,23,0.0,0.0017275666
243,24,0.0,0.0024112798
243,25,0.0,0.0017415378
243,26,0.0,0.0023905933
243,27,0.0,0.0022350615
243,28,0.0,0.0015542009
243,29,0.0,0.0014664424
243,30,0.0,0.002852602
243,31,0.0,0.001608172
243,32,0.0,0.0025923639
243,33,0.0,0.0017224429
243,34,0.0,0.0029879082
243,35,0.0,0.002552596
243,36,0.0,0.0024053147
243,37,0.0,0.0035669869
243,38,-0.139990289095508,0.0026142495
243,39,0.0,0.0022468246
243,40,0.0,0.0029905844
243,41,0.0,0.0021838318
243,42,0.0,0.0025353204
243,43,0.0,0.002728044
243,44,0.0,0.0027158782
243,45,0.0,0.0023496887
243,46,0.0,0.002342254
243,47,0.0,0.0016872156
243,48,0.0,0.0028797816
243,49,0.0,0.0017134785
243,50,0.0,0.0023143454
243,51,0.0,0.0021575172
243,52,0.0,0.003350126
243,53,0.0,0.0021060407
243,54,0.0,0.0024432503
243,55,0.0,0.002360701
243,56,0.0,0.001881524
243,57,0.0,0.0024745236
243,58,0.0,0.002474585
243,59,0.0,0.0024228147
243,60,0.0,0.0022000428
243,61,0.0,0.002514406
243,62,0.0,0.0020733052
243,63,0.0,0.0015860721
243,64,0.15192270247438,0.0025878465
243,65,0.0,0.0029481747
243,66,0.0,0.0024397746
243,67,0.0,0.0016828151
243,68,0.0,0.003623366
243,69,0.0,0.0023218426
243,70,0.0,0.0023303116
243,71,0.0,0.0017744163
243,72,0.0,0.0033925138
243,73,0.0,0.0024710484
243,74,0.0,0.0027157422
243,75,-0.134382047758742,0.0029670969
243,76,0.0,0.0026550465
243,77,0.0,0.0023501683
243,78,0.0,0.0023219497
243,79,0.160322364284321,0.0027720402
243,80,0.0,0.0021594441
243,81,0.0,0.0035741632
243,82,0.0,0.0024824222
243,83,0.158329852756315,0.002794242
243,84,0.0,0.0027406137
243,85,0.0,0.0031968872
243,86,0.0,0.0021765172
243,87,0.0,0.0025366936
243,88,0.0,0.0019047209
243,89,0.0,0.0015217578
243,90,0.0,0.0017872546
243,91,0.0,0.0027054232
243,92,0.0,0.002493877
243,93,0.0,0.0025428631
243,94,0.0,0.0023784228
243,95,0.0,0.0019707289
243,96,0.0,0.002421189
243,97,0.0,0.0031947237
243,98,0.0,0.0024007945
243,99,0.0,0.0025648028
243,100,0.0,0.0024894224
243,101,0.0,0.0023233965
243,102,0.0,0.0025814394
243,103,0.0,0.0032015974
243,104,0.0,0.0016514352
243,105,0.136377624779748,0.0025039753
243,106,0.0,0.0024712966
243,107,0.0,0.0028177612
243,108,0.0,0.0016294708
243,109,0.0,0.0019904594
243,110,0.0,0.0016063796
243,111,0.0,0.0015265616
243,112,0.0,0.0016972292
243,113,0.0,0.0024181996
243,114,0.0,0.0016646357
243,115,0.0,0.002383205
243,116,0.0,0.0025527296
243,117,0.0,0.0032933247
243,118,0.0,0.0023903628
243,119,0.0,0.0024864194
243,120,0.0,0.0022325749
243,121,0.0,0.0026611271
243,122,0.0,0.0022851112
243,123,0.0,0.0027639545
243,124,0.0,0.0024026036
243,125,0.0,0.0025414685
243,126,0.0,0.0022213962
243,127,0.0,0.002146956
243,128,0.0,0.0020210035
243,129,0.0,0.0014807484
243,130,0.0,0.002082964
243,131,0.0,0.0021972898
243,132,0.0,0.0025980347
243,133,0.144826669718346,0.0024582595
243,134,0.0,0.002425822
243,135,0.147896268552162,0.0015028431
243,136,0.0,0.0024565966
243,137,0.0,0.0019662208
243,138,0.0,0.0024383496
243,139,0.0,0.0023199571
243,140,0.0,0.0025017979
243,141,0.159714103032275,0.0024406458
243,142,0.0,0.0025653732
243,143,0.0,0.0024464969
243,144,0.0,0.0024815337
243,145,0.0,0.002312859
243,146,0.0,0.0023076371
243,147,0.0,0.0025144941
243,148,0.0,0.0025881873
243,149,0.0,0.0030313833
243,150,0.0,0.0014660419
243,151,0.0,0.002186737
243,152,0.0,0.0026693498
243,153,0.0,0.002587628
243,154,-0.138049637867538,0.0018142681
243,155,0.0,0.0028499383
243,156,0.0,0.0024625598
243,157,0.0,0.0024522906
243,158,0.0,0.0026753857
243,159,0.0,0.0017408789
243,160,0.0,0.0018075136
243,161,0.0,0.0016889772
243,162,0.0,0.0023515131
243,163,0.0,0.0035164235
243,164,0.0,0.002581798
243,165,0.0,0.0023832591
243,166,0.0,0.0014626449
243,167,0.137383113752939,0.003017114
243,168,0.0,0.0021039164
243,169,0.0,0.0019514421
243,170,0.0,0.0023359926
243,171,0.0,0.0016536028
243,172,0.0,0.0025922544
243,173,0.0,0.0024872571
243,174,0.0,0.001536435
243,175,0.0,0.00245055
243,176,0.0,0.001691489
243,177,0.0,0.0014965874
243,178,0.0,0.0025039786
243,179,0.0,0.0022073416
243,180,0.0,0.0017614136
243,181,0.0,0.003618908
243,182,0.0,0.0025517927
243,183,0.0,0.0018360671
243,184,0.0,0.0016208766
243,185,0.0,0.0023322613
243,186,0.0,0.0024681194
243,187,0.0,0.0023791906
243,188,0.0,0.0033540037
243,189,0.0,0.003435275
243,190,0.0,0.002553224
243,191,0.0,0.0028816024
243,192,0.13916097138663,0.003311898
243,193,0.0,0.0014667842
243,194,0.0,0.0027509425
243,195,0.0,0.0026066778
243,196,0.0,0.0024585295
243,197,0.0,0.0015114886
243,198,0.0,0.0025079255
243,199,0.0,0.0019579227
243,200,0.0,0.0022155032
243,201,0.0,0.0015573646
243,202,0.0,0.0016031465
243,203,0.0,0.0019224556
243,204,0.0,0.0016397
243,205,0.0,0.002280402
243,206,0.0,0.002322339
243,207,0.0,0.0017247573
243,208,0.0,0.0024537537
243,209,0.0,0.0015286775
243,210,0.0,0.0027545025
243,211,0.0,0.0018185358
243,212,0.0,0.0034181438
243,213,0.0,0.0028260509
243,214,0.0,0.0014838576
243,215,0.0,0.0024929908
243,216,0.0,0.0027622161
243,217,0.0,0.002304247
243,218,0.0,0.0023789392
243,219,0.0,0.0017641578
243,220,0.0,0.0024676262
243,221,0.0,0.0035665133
243,222,0.152410375310383,0.003327523
243,223,0.0,0.003145575
243,224,0.0,0.0023216158
243,225,0.0,0.0027011354
243,226,0.0,0.0023832936
243,227,0.0,0.0021258695
243,228,0.0,0.003045572
243,229,0.0,0.002134177
243,230,0.0,0.00263775
243,231,0.0,0.0020838124
243,232,0.0,0.0018801121
243,233,0.0,0.002633294
243,234,0.0,0.0026727617
243,235,0.0,0.0028102226
243,236,0.0,0.003159129
243,237,0.0,0.002761057
243,238,0.0,0.0034609442
243,239,0.137605970361506,0.0023409235
243,240,0.0,0.0034749312
243,241,0.0,0.0014973301
243,242,0.0,0.002189843
243,243,0.0,0.030703487
243,244,0.0,0.0029249392
243,245,0.0,0.0016154693
243,246,0.0,0.002385335
243,247,0.0,0.0016093617
243,248,-0.151144657189616,0.0026619602
243,249,0.0,0.0022226581
243,250,0.0,0.0023396285
243,251,0.0,0.001957477
243,252,0.0,0.003193153
243,253,0.0,0.0026139896
243,254,0.0,0.0018531969
243,255,0.0,0.0025007338
243,256,0.0,0.002111304
243,257,0.133552818759401,0.0023759953
243,258,0.0,0.0032315785
243,259,0.0,0.0023037903
243,260,0.0,0.0032137572
243,261,0.0,0.0027909912
243,262,0.0,0.0027495841
243,263,0.0,0.0017403979
243,264,0.0,0.0020403657
243,265,0.0,0.003470759
243,266,0.16107991181816,0.0016008667
243,267,0.0,0.0025167437
243,268,0.0,0.0025217272
244,1,0.0,0.0035440666
244,2,0.0,0.002355393
244,3,0.0,0.0025585028
244,4,0.0,0.0031950446
244,5,0.0,0.0025229594
244,6,0.0,0.002595184
244,7,0.0,0.0025506644
244,8,0.0,0.0029978706
244,9,0.0,0.0024523805
244,10,0.0,0.0023867507
244,11,0.0,0.0025859955
244,12,0.0,0.002760895
244,13,0.0,0.002281718
244,14,0.0,0.0024970043
244,15,0.150377793967971,0.002564868
244,16,-0.142065361795507,0.0027384
244,17,0.0,0.0026880759
244,18,0.0,0.0032941476
244,19,0.0,0.0023687892
244,20,0.0,0.00359387
244,21,0.0,0.0032114023
244,22,0.0,0.0026689037
244,23,0.0,0.0027798386
244,24,0.0,0.0026117275
244,25,0.0,0.0027287188
244,26,0.0,0.003629114
244,27,0.0,0.0022304337
244,28,0.0,0.003518566
244,29,0.0,0.0020977757
244,30,0.0,0.0023880312
244,31,0.0,0.0016057864
244,32,0.0,0.0035518296
244,33,0.0,0.0025407998
244,34,0.0,0.00353168
244,35,0.0,0.003169017
244,36,0.0,0.0030973493
244,37,0.0,0.0035174247
244,38,0.0,0.0025781346
244,39,0.0,0.0035817893
244,40,0.0,0.0020412593
244,41,0.0,0.0019356464
244,42,0.0,0.002794596
244,43,0.0,0.002021934
244,44,0.0,0.0017803288
244,45,0.0,0.0022593518
244,46,0.0,0.0014981432
244,47,0.0,0.0024859812
244,48,0.144009068967046,0.002553972
244,49,0.0,0.0024691913
244,50,0.0,0.0025286782
244,51,0.0,0.003213441
244,52,0.157744051489138,0.0018137037
244,53,0.0,0.0024223565
244,54,0.0,0.0027973633
244,55,0.0,0.0015552696
244,56,0.0,0.0023327554
244,57,0.0,0.002515072
244,58,0.0,0.0034987265
244,59,0.0,0.0036074668
244,60,0.0,0.0021006833
244,61,0.0,0.0023650136
244,62,0.0,0.0015744315
244,63,0.0,0.0035958067
244,64,0.0,0.0026272628
244,65,0.0,0.0019343467
244,66,0.0,0.0035805902
244,67,0.0,0.0026005083
244,68,0.0,0.0033179638
244,69,0.0,0.0022479538
244,70,0.0,0.0016803322
244,71,0.0,0.0017526965
244,72,0.0,0.0027640513
244,73,0.0,0.0034397682
244,74,0.151486108954908,0.0019298741
244,75,0.0,0.0027835583
244,76,0.0,0.0020219306
244,77,0.0,0.0027138148
244,78,0.0,0.0019932017
244,79,0.0,0.00268792
244,80,0.0,0.0025473447
244,81,0.0,0.0018805647
244,82,0.0,0.0024562841
244,83,0.0,0.0027222
244,84,0.155987403141442,0.0033443444
244,85,0.0,0.0020884047
244,86,0.0,0.0027614124
244,87,0.163760149830338,0.0027736844
244,88,0.0,0.0031041699
244,89,0.0,0.0024843346
244,90,0.0,0.002633614
244,91,0.0,0.0027814591
244,92,0.0,0.0027533611
244,93,0.0,0.0017400961
244,94,0.0,0.003594859
244,95,0.0,0.0016309158
244,96,0.0,0.0023102849
244,97,0.0,0.0027921335
244,98,0.0,0.0025891075
244,99,0.0,0.0024535232
244,100,0.0,0.0026802854
244,101,0.0,0.003460025
244,102,0.0,0.002575045
244,103,-0.166864079642469,0.0035479474
244,104,0.0,0.002542369
244,105,0.0,0.0027886555
244,106,0.0,0.0015981789
244,107,0.0,0.0024749814
244,108,0.0,0.0023716553
244,109,0.0,0.0019233557
244,110,0.0,0.0035255826
244,111,0.0,0.0025279853
244,112,0.163788792312471,0.0025343574
244,113,0.0,0.0035683885
244,114,0.0,0.0027674297
244,115,0.0,0.0023452537
244,116,-0.139247747028697,0.0023110379
244,117,0.0,0.0021870318
244,118,0.0,0.0025976105
244,119,0.0,0.002452162
244,120,0.166815022093241,0.0026035984
244,121,0.0,0.0029483358
244,122,0.0,0.0026771137
244,123,0.0,0.0027813828
244,124,0.0,0.0027056672
244,125,0.0,0.0027745222
244,126,0.0,0.0023149606
244,127,0.0,0.002663373
244,128,0.143850191500849,0.0020331591
244,129,0.0,0.0015657945
244,130,0.0,0.0031201867
244,131,0.0,0.0026393249
244,132,0.0,0.0030549285
244,133,0.0,0.0025929883
244,134,-0.147974856901097,0.0031852443
244,135,0.0,0.0021098978
244,136,0.0,0.0023836065
244,137,0.0,0.0022802302
244,138,0.0,0.0034675952
244,139,0.0,0.0024702349
244,140,-0.15399455308453,0.0015839483
244,141,0.0,0.0028297636
244,142,0.0,0.0024679345
244,143,0.0,0.0024186624
244,144,-0.16810256105023,0.003604163
244,145,0.0,0.0027759657
244,146,0.0,0.0025253776
244,147,0.0,0.0019773194
244,148,0.0,0.0025884612
244,149,0.0,0.0025437293
244,150,0.0,0.0036062007
244,151,0.0,0.0021048011
244,152,0.0,0.0023283996
244,153,0.0,0.0021089492
244,154,0.0,0.0027582385
244,155,0.0,0.0019880375
244,156,0.0,0.002622732
244,157,0.0,0.0024314295
244,158,0.0,0.0017335042
244,159,0.0,0.0019323104
244,160,0.0,0.002068515
244,161,0.0,0.002435302
244,162,-0.152487442235584,0.002648159
244,163,0.0,0.0020744274
244,164,0.0,0.0025807992
244,165,0.0,0.0027626837
244,166,0.0,0.0026711607
244,167,0.0,0.003009627
244,168,0.0,0.0023115124
244,169,0.0,0.0025520464
244,170,0.0,0.0031181644
244,171,0.155128555997417,0.003391936
244,172,0.0,0.0025887075
244,173,0.0,0.0024161092
244,174,0.0,0.0026223972
244,175,0.0,0.0035113837
244,176,0.0,0.0026910068
244,177,0.0,0.003108068
244,178,0.0,0.0023132628
244,179,-0.156776109648135,0.0025157826
244,180,0.0,0.0030394718
244,181,0.0,0.0027647559
244,182,0.0,0.0024741353
244,183,0.0,0.0014819559
244,184,0.0,0.0020862631
244,185,0.0,0.0023578745
244,186,0.0,0.0024059773
244,187,0.0,0.0036073816
244,188,0.0,0.002995649
244,189,0.0,0.0027835844
244,190,0.0,0.0035884283
244,191,0.0,0.0023176717
244,192,0.0,0.0025781463
244,193,0.0,0.0026247404
244,194,0.0,0.002610338
244,195,0.0,0.0027550068
244,196,0.0,0.0033057854
244,197,0.0,0.0034793047
244,198,0.0,0.0026631183
244,199,0.0,0.0015338603
244,200,0.0,0.0036015362
244,201,0.147700202526297,0.0023787525
244,202,0.0,0.0024460102
244,203,0.0,0.0020980905
244,204,0.0,0.002345703
244,205,0.0,0.002654599
244,206,-0.165503331562386,0.0026032212
244,207,0.0,0.0023825206
244,208,-0.148151324182079,0.0022761617
244,209,0.147229460423947,0.0032695965
244,210,0.0,0.0025491007
244,211,0.0,0.002688081
244,212,0.0,0.0025901152
244,213,0.0,0.0017800014
244,214,0.0,0.0034408052
244,215,0.151177919857064,0.0027285302
244,216,0.0,0.0018248055
244,217,0.143133803294162,0.0028025587
244,218,0.0,0.00278898
244,219,0.0,0.0035063685
244,220,0.0,0.0014861254
244,221,0.0,0.002637111
244,222,0.0,0.0027810214
244,223,0.0,0.0035088593
244,224,0.0,0.0032010418
244,225,0.0,0.0026465068
244,226,0.0,0.0025647148
244,227,0.0,0.002771655
244,228,0.0,0.0026144786
244,229,0.0,0.0034353063
244,230,0.0,0.0033669444
244,231,0.0,0.003050278
244,232,0.1479526076846,0.003421845
244,233,0.0,0.0027612285
244,234,0.0,0.002765743
244,235,0.0,0.0022410695
244,236,0.0,0.001645376
244,237,0.0,0.0027315463
244,238,0.0,0.0019564787
244,239,0.0,0.0027534282
244,240,0.0,0.0026989318
244,241,0.0,0.0027196412
244,242,0.0,0.0023707408
244,243,-0.146591415783086,0.0029249392
244,244,0.0,0.030703487
244,245,0.0,0.0023189872
244,246,0.0,0.0029314524
244,247,0.0,0.0033759628
244,248,-0.153717261272143,0.0035519046
244,249,0.0,0.0022199014
244,250,0.0,0.0036281608
244,251,0.0,0.0025633634
244,252,0.0,0.0034459876
244,253,0.0,0.0023889565
244,254,0.0,0.003196645
244,255,0.0,0.0019785883
244,256,-0.148137264588382,0.003493207
244,257,0.0,0.0034657489
244,258,0.0,0.0024010455
244,259,0.0,0.0015305448
244,260,0.0,0.0025497125
244,261,0.0,0.0025733276
244,262,0.0,0.0030554328
244,263,0.0,0.0025307252
244,264,0.0,0.002334149
244,265,0.0,0.002772586
244,266,0.0,0.0025957576
244,267,0.0,0.0024861163
244,268,0.0,0.001715133
245,1,0.0,0.0015413337
245,2,0.0,0.0024837726
245,3,0.0,0.0016399366
245,4,0.0,0.0026145582
245,5,0.0,0.0026327688
245,6,0.0,0.002311118
245,7,0.0,0.0018943888
245,8,0.0,0.0019028839
245,9,0.0,0.0024537495
245,10,0.0,0.0017390875
245,11,0.0,0.0022869408
245,12,0.0,0.0023697936
245,13,0.0,0.0021020179
245,14,0.0,0.0016421322
245,15,0.0,0.002331308
245,16,0.0,0.0024301815
245,17,0.0,0.0015787808
245,18,0.0,0.0020178761
245,19,0.0,0.0014933925
245,20,0.0,0.002387179
245,21,0.0,0.0032472014
245,22,0.0,0.0023166258
245,23,0.0,0.0021026218
245,24,0.0,0.0025264388
245,25,0.161860118247996,0.0034530954
245,26,0.0,0.0024348465
245,27,0.0,0.00303559
245,28,0.0,0.0015336755
245,29,0.0,0.002550013
245,30,0.0,0.0034735417
245,31,0.0,0.0031331824
245,32,0.0,0.0022852533
245,33,0.0,0.002471453
245,34,0.0,0.0014868453
245,35,0.0,0.0026110238
245,36,0.0,0.0014901729
245,37,0.145309587963372,0.002611022
245,38,0.0,0.0023368043
245,39,0.0,0.0027755718
245,40,0.0,0.0020474028
245,41,0.0,0.0015629851
245,42,0.0,0.0018233587
245,43,0.0,0.002729903
245,44,0.0,0.0026212335
245,45,0.0,0.0026272344
245,46,0.0,0.0024179881
245,47,0.0,0.001519091
245,48,0.0,0.0017645289
245,49,0.0,0.0015683924
245,50,0.0,0.0026424942
245,51,0.156783649107909,0.001995835
245,52,0.157665823832158,0.0036302824
245,53,0.0,0.0014667055
245,54,0.145957767755319,0.0015063696
245,55,0.0,0.003453522
245,56,0.0,0.0018490953
245,57,0.0,0.0014861524
245,58,0.0,0.0021598223
245,59,0.0,0.0022489876
245,60,0.0,0.002410479
245,61,0.0,0.0023074448
245,62,0.0,0.0017407029
245,63,0.0,0.003203706
245,64,0.0,0.0014856337
245,65,0.0,0.0023440477
245,66,0.0,0.0025550807
245,67,0.14889824716254,0.0019102055
245,68,0.0,0.0021571405
245,69,0.0,0.0024960241
245,70,0.0,0.0029854388
245,71,0.0,0.0014935127
245,72,0.144896740201476,0.0024691317
245,73,-0.162181356587785,0.0026546926
245,74,0.0,0.0030898452
245,75,0.0,0.0018377369
245,76,0.0,0.002132624
245,77,0.0,0.0016099652
245,78,0.0,0.0017584143
245,79,0.0,0.0017431634
245,80,0.0,0.0021768021
245,81,0.0,0.0026540202
245,82,0.0,0.0021258127
245,83,0.169089467757436,0.0017924681
245,84,0.0,0.0027616802
245,85,0.0,0.0024717594
245,86,-0.148789938782034,0.0023270566
245,87,0.0,0.0015120688
245,88,0.0,0.0017407895
245,89,0.0,0.0025956007
245,90,-0.158947727403999,0.0020110528
245,91,0.0,0.0016924767
245,92,0.0,0.0027798414
245,93,0.0,0.0019492484
245,94,0.0,0.0020565684
245,95,0.0,0.0016116085
245,96,0.0,0.0019189073
245,97,0.0,0.0016612522
245,98,0.0,0.001737617
245,99,0.0,0.0029348424
245,100,0.0,0.002750245
245,101,0.0,0.0029095998
245,102,0.0,0.0035781162
245,103,0.0,0.0021752357
245,104,0.0,0.0016402109
245,105,0.0,0.0025532441
245,106,0.0,0.0023835436
245,107,0.0,0.0016436791
245,108,0.0,0.0017146738
245,109,0.0,0.0035454351
245,110,0.0,0.0025536371
245,111,0.0,0.0014902544
245,112,0.0,0.00274217
245,113,0.0,0.00244438
245,114,0.0,0.0020454638
245,115,0.0,0.0016543283
245,116,0.0,0.0025403108
245,117,0.137258657314178,0.0029316335
245,118,0.0,0.0024474896
245,119,0.0,0.0014737602
245,120,0.0,0.0024099434
245,121,0.147573290641743,0.002650268
245,122,0.0,0.0020743748
245,123,0.0,0.0017931536
245,124,0.0,0.0025345031
245,125,0.0,0.0026409486
245,126,0.0,0.0014860281
245,127,0.153918466510797,0.0017415239
245,128,0.0,0.0019854768
245,129,-0.152855849537463,0.00533507
245,130,0.153578655361401,0.0017874665
245,131,0.0,0.0024806685
245,132,0.0,0.0014581936
245,133,0.0,0.0025239126
245,134,0.0,0.0035911123
245,135,0.0,0.0024531675
245,136,0.0,0.0016831593
245,137,0.0,0.0019419063
245,138,0.0,0.00208651
245,139,0.0,0.0027954266
245,140,0.0,0.0015738895
245,141,0.0,0.0027423063
245,142,0.0,0.0019546975
245,143,0.0,0.0014754031
245,144,0.0,0.0027241055
245,145,0.0,0.0036213067
245,146,0.0,0.0014782194
245,147,0.0,0.001844943
245,148,0.0,0.0015807603
245,149,0.0,0.002402306
245,150,-0.146144687165702,0.003169672
245,151,0.0,0.0024535195
245,152,0.0,0.0015387563
245,153,0.0,0.0018005413
245,154,0.0,0.0019491441
245,155,0.0,0.0044575464
245,156,0.0,0.0026050936
245,157,0.0,0.003633143
245,158,0.157260643893457,0.0019296422
245,159,0.0,0.002242901
245,160,0.0,0.0022795969
245,161,0.0,0.0014688005
245,162,0.0,0.0027587744
245,163,0.0,0.0027526254
245,164,0.0,0.0014934489
245,165,0.0,0.0026427787
245,166,0.0,0.0020039207
245,167,0.0,0.0023072795
245,168,0.0,0.0025908719
245,169,0.0,0.0015376722
245,170,0.0,0.0024491912
245,171,0.0,0.0030072792
245,172,0.0,0.0036151675
245,173,0.0,0.0021653688
245,174,-0.149498241316349,0.0023882617
245,175,0.0,0.0015113628
245,176,0.0,0.0014913836
245,177,0.0,0.0015973742
245,178,0.0,0.0019275751
245,179,0.0,0.0022007227
245,180,0.0,0.0044050114
245,181,0.0,0.002555265
245,182,0.0,0.0024913684
245,183,0.0,0.0016306262
245,184,0.0,0.0014579864
245,185,0.0,0.0029369388
245,186,0.0,0.0027795057
245,187,0.0,0.0014949962
245,188,0.0,0.0021926747
245,189,0.0,0.0026259283
245,190,0.0,0.002310711
245,191,0.0,0.0023109806
245,192,0.0,0.0015342007
245,193,0.0,0.0026481426
245,194,0.0,0.0033960035
245,195,0.15397771908931,0.0027701752
245,196,0.0,0.0024521882
245,197,0.0,0.002386461
245,198,0.0,0.0031250669
245,199,0.0,0.0015740264
245,200,0.0,0.0034965873
245,201,0.0,0.0036098566
245,202,0.0,0.0026778607
245,203,0.0,0.0015860274
245,204,0.0,0.0025667064
245,205,0.0,0.0017037336
245,206,0.0,0.0014606426
245,207,0.0,0.0022128145
245,208,0.0,0.0027776388
245,209,0.0,0.0035098796
245,210,0.0,0.0027758395
245,211,0.156880755795401,0.002278693
245,212,0.0,0.0017424375
245,213,0.0,0.0023423503
245,214,0.0,0.0025702673
245,215,0.0,0.0035387091
245,216,0.0,0.001482524
245,217,-0.143062821079868,0.0014570379
245,218,0.0,0.0028595296
245,219,0.0,0.0019884738
245,220,0.0,0.0026940824
245,221,0.0,0.00234896
245,222,0.0,0.0031556226
245,223,0.0,0.0015449617
245,224,0.0,0.0028549964
245,225,0.0,0.0034600594
245,226,0.153165352815618,0.0026438558
245,227,-0.148818117970268,0.0014897361
245,228,0.0,0.0021584546
245,229,0.0,0.0038753795
245,230,0.0,0.0032601636
245,231,0.0,0.0017601885
245,232,0.0,0.0018775766
245,233,0.0,0.0029836083
245,234,0.143018068529096,0.0024988647
245,235,0.0,0.00229205
245,236,0.0,0.0014894307
245,237,-0.152241449735227,0.001489005
245,238,0.0,0.0027976325
245,239,0.0,0.001639694
245,240,0.0,0.0025038458
245,241,0.0,0.0026889998
245,242,0.0,0.0016622697
245,243,0.146518718886551,0.0016154693
245,244,0.0,0.0023189872
245,245,0.0,0.030703487
245,246,0.0,0.0025373409
245,247,0.0,0.001690656
245,248,0.0,0.0021493686
245,249,0.155772258825947,0.0026592002
245,250,0.0,0.0014887154
245,251,0.0,0.0036433996
245,252,0.0,0.003405468
245,253,0.0,0.0014986494
245,254,0.0,0.0016409345
245,255,0.0,0.0018658973
245,256,0.0,0.002425598
245,257,0.0,0.002706706
245,258,0.145113404025436,0.0020166002
245,259,0.0,0.0024748305
245,260,0.0,0.0021300735
245,261,0.0,0.0018877015
245,262,0.0,0.0015304657
245,263,0.0,0.0014884775
245,264,0.0,0.001950582
245,265,0.0,0.0018975595
245,266,0.0,0.0019628499
245,267,0.0,0.003414351
245,268,0.0,0.0022446988
246,1,0.0,0.0019841436
246,2,0.0,0.00228662
246,3,0.0,0.003080056
246,4,0.0,0.0029187147
246,5,0.0,0.0025285808
246,6,0.0,0.0026064967
246,7,0.0,0.0027114311
246,8,0.0,0.0020271577
246,9,0.0,0.0019646985
246,10,0.0,0.0032476634
246,11,0.0,0.003352868
246,12,0.0,0.0027610543
246,13,0.0,0.0035603726
246,14,0.0,0.0019860906
246,15,0.0,0.0035742633
246,16,0.14757666573225,0.001680187
246,17,0.0,0.0024302965
246,18,0.0,0.0025770166
246,19,0.0,0.0024105906
246,20,0.0,0.002434656
246,21,0.0,0.0017708172
246,22,0.0,0.0026662862
246,23,0.0,0.0025709197
246,24,0.0,0.0019260775
246,25,0.0,0.0014868854
246,26,0.0,0.0025543226
246,27,0.0,0.00276727
246,28,0.0,0.0033559105
246,29,0.0,0.0025148178
246,30,0.0,0.0025741626
246,31,0.0,0.0032578474
246,32,0.0,0.0035850802
246,33,0.0,0.0016333344
246,34,0.0,0.0023957356
246,35,0.158014666697244,0.0029042666
246,36,0.0,0.0031465236
246,37,0.0,0.0017101532
246,38,0.0,0.002657549
246,39,0.0,0.0035266955
246,40,0.0,0.002741294
246,41,0.0,0.0021607801
246,42,0.0,0.0027796272
246,43,0.0,0.0020541651
246,44,0.0,0.0035566203
246,45,0.0,0.002557661
246,46,0.0,0.0027606003
246,47,0.0,0.0016338518
246,48,0.0,0.0024458421
246,49,0.0,0.0028438093
246,50,0.0,0.0026552267
246,51,0.0,0.0021889266
246,52,0.0,0.0019970485
246,53,0.0,0.001479358
246,54,0.0,0.0014930246
246,55,0.0,0.0023053046
246,56,0.0,0.002073138
246,57,0.0,0.002163555
246,58,0.0,0.0026059966
246,59,0.0,0.0016866969
246,60,0.0,0.002523451
246,61,0.0,0.0018978505
246,62,0.0,0.0036055646
246,63,0.0,0.0024332074
246,64,0.0,0.00245664
246,65,0.0,0.00270514
246,66,0.0,0.002337234
246,67,0.0,0.0017351205
246,68,0.0,0.0016542347
246,69,-0.165528323124731,0.0027891113
246,70,-0.162651082828924,0.0024042586
246,71,0.0,0.002388924
246,72,0.150592566163931,0.0017398512
246,73,0.0,0.0024712328
246,74,0.0,0.0023118197
246,75,0.0,0.0020435564
246,76,-0.160675269149196,0.0026896158
246,77,0.0,0.0026755724
246,78,0.0,0.002147486
246,79,0.0,0.0016719694
246,80,0.0,0.0016936949
246,81,0.0,0.0018814532
246,82,-0.158578931534721,0.0016765362
246,83,0.0,0.0027767317
246,84,0.0,0.002404783
246,85,0.164110940809091,0.0027697263
246,86,0.0,0.0017485991
246,87,0.0,0.0026334594
246,88,0.0,0.0026254728
246,89,0.0,0.0022202414
246,90,0.0,0.0021510902
246,91,0.0,0.0026296633
246,92,0.0,0.0015357332
246,93,0.0,0.0023675412
246,94,-0.158939360879984,0.0025261114
246,95,0.0,0.0018586284
246,96,0.0,0.002428614
246,97,0.0,0.0029751835
246,98,0.0,0.003073027
246,99,0.0,0.0023709112
246,100,0.0,0.0033788783
246,101,0.0,0.0025840662
246,102,0.157245425545031,0.002401873
246,103,0.0,0.0022665681
246,104,0.0,0.0024776775
246,105,0.0,0.00278096
246,106,0.0,0.0034576235
246,107,0.0,0.002643478
246,108,0.0,0.0023203744
246,109,0.0,0.0016492484
246,110,0.0,0.0027714502
246,111,0.0,0.0034666737
246,112,0.0,0.002810337
246,113,0.0,0.0027777236
246,114,0.0,0.0030759359
246,115,0.0,0.0023426507
246,116,0.144649744015735,0.0023532603
246,117,0.0,0.0022922335
246,118,0.0,0.0016465383
246,119,0.0,0.0026139715
246,120,0.0,0.002823798
246,121,0.0,0.0022349958
246,122,0.0,0.0035257763
246,123,0.0,0.0019003223
246,124,0.0,0.0025300714
246,125,0.0,0.00165383
246,126,0.0,0.002609836
246,127,0.0,0.0023790216
246,128,0.0,0.002450177
246,129,0.0,0.0018615983
246,130,0.0,0.0027219104
246,131,0.0,0.0022294517
246,132,0.0,0.0026010456
246,133,0.0,0.0023525124
246,134,0.0,0.0027115904
246,135,-0.164155668811222,0.0033236807
246,136,0.0,0.0018030438
246,137,0.0,0.0023073968
246,138,0.0,0.0029867743
246,139,0.0,0.0016066837
246,140,0.0,0.0026135459
246,141,0.0,0.0019711037
246,142,0.0,0.002566195
246,143,0.0,0.0023787185
246,144,0.0,0.0033709886
246,145,0.0,0.002336904
246,146,0.0,0.0030494733
246,147,0.0,0.0014847354
246,148,0.0,0.0022097058
246,149,0.158741108362285,0.0017411271
246,150,0.0,0.0026936186
246,151,0.0,0.0025822613
246,152,0.158750776223164,0.003443393
246,153,-0.169258247297986,0.0015296834
246,154,0.0,0.0025269832
246,155,0.0,0.0024289363
246,156,0.159825793984696,0.002217866
246,157,0.166587609612553,0.0034965542
246,158,0.0,0.0017122058
246,159,0.0,0.0027530394
246,160,-0.159989830776056,0.003044222
246,161,0.0,0.0016435147
246,162,0.0,0.0022982205
246,163,0.0,0.0025910218
246,164,0.0,0.002613877
246,165,0.0,0.003617377
246,166,0.0,0.003396986
246,167,0.0,0.0024486445
246,168,0.0,0.0025042668
246,169,0.0,0.0024058325
246,170,0.0,0.0025325543
246,171,0.0,0.0028054523
246,172,0.0,0.0029685162
246,173,0.0,0.0031124582
246,174,0.0,0.002376486
246,175,0.0,0.0027652783
246,176,0.0,0.001856551
246,177,0.0,0.0017020069
246,178,0.0,0.0035991445
246,179,0.0,0.0036331625
246,180,0.0,0.0026238817
246,181,0.0,0.0024896506
246,182,0.0,0.0025075143
246,183,0.0,0.0027484503
246,184,0.0,0.0026906366
246,185,0.0,0.0014838022
246,186,0.0,0.002514843
246,187,0.0,0.00278746
246,188,0.152613589919083,0.0021578423
246,189,0.0,0.0024202801
246,190,0.0,0.0026722676
246,191,0.0,0.0035535619
246,192,0.0,0.0024968274
246,193,0.0,0.0026713177
246,194,0.0,0.0025365185
246,195,0.0,0.0024036844
246,196,0.0,0.0028358493
246,197,0.0,0.0030925814
246,198,0.0,0.0023067882
246,199,0.0,0.0027830927
246,200,0.0,0.002043378
246,201,0.0,0.0026139575
246,202,0.165649182011912,0.003211528
246,203,0.0,0.002216645
246,204,0.0,0.002173239
246,205,0.174390077555517,0.0025854711
246,206,0.0,0.0023700795
246,207,0.175335758425879,0.0017332658
246,208,0.0,0.0027746242
246,209,0.0,0.002730459
246,210,0.0,0.0026113554
246,211,0.0,0.0025163633
246,212,0.0,0.0025953986
246,213,0.0,0.0028781001
246,214,0.0,0.001815198
246,215,0.0,0.0017416426
246,216,0.0,0.002595527
246,217,0.0,0.003083405
246,218,0.0,0.0017636018
246,219,0.0,0.003439032
246,220,0.0,0.0018811552
246,221,0.0,0.0024117064
246,222,0.0,0.002766986
246,223,0.0,0.0026121396
246,224,0.0,0.0022827294
246,225,0.0,0.0014848141
246,226,0.0,0.0025862735
246,227,0.0,0.0023117964
246,228,0.0,0.0022897003
246,229,0.0,0.0026846402
246,230,0.0,0.0017088968
246,231,0.0,0.0035937442
246,232,0.0,0.003527985
246,233,0.0,0.0029711882
246,234,0.0,0.0028204066
246,235,0.0,0.0022242963
246,236,0.149450637719046,0.0014742082
246,237,0.0,0.002928208
246,238,0.0,0.0025121728
246,239,0.152734077189671,0.0034821006
246,240,0.0,0.0024751849
246,241,0.0,0.002012142
246,242,0.0,0.0019111503
246,243,0.0,0.002385335
246,244,0.0,0.0029314524
246,245,0.0,0.0025373409
246,246,0.0,0.030703487
246,247,0.0,0.0022938885
246,248,0.0,0.0029399334
246,249,0.0,0.0016823015
246,250,-0.153237499749466,0.0027580466
246,251,0.0,0.0035692938
246,252,0.0,0.002787992
246,253,0.0,0.0036164299
246,254,0.0,0.002423976
246,255,0.0,0.002695472
246,256,0.0,0.0028204275
246,257,0.13796210020789,0.0024258145
246,258,0.0,0.0028752754
246,259,0.0,0.0033081472
246,260,0.0,0.0036051413
246,261,0.153343145793533,0.0025364878
246,262,0.0,0.0026057595
246,263,0.0,0.0021151751
246,264,0.0,0.002778992
246,265,0.0,0.0018904209
246,266,0.0,0.0027959594
246,267,0.0,0.0019546426
246,268,0.0,0.0031560804
247,1,0.183811544912244,0.002419223
247,2,0.0,0.0026124483
247,3,0.0,0.0023394795
247,4,0.185984746334006,0.0025002416
247,5,0.0,0.002186784
247,6,0.0,0.002161689
247,7,0.180918362662526,0.0014887936
247,8,0.0,0.0021802941
247,9,0.0,0.0025189258
247,10,0.0,0.002089012
247,11,0.0,0.0015430828
247,12,0.0,0.003450072
247,13,0.0,0.0022243848
247,14,0.0,0.0026141736
247,15,0.17787361571754,0.002271955
247,16,0.0,0.0036318456
247,17,0.0,0.0034670206
247,18,0.0,0.002380093
247,19,0.0,0.0023284513
247,20,0.0,0.002400191
247,21,0.181681255324216,0.002056444
247,22,0.0,0.0023298967
247,23,0.0,0.002664702
247,24,0.0,0.002356343
247,25,0.0,0.0021732291
247,26,0.0,0.002329633
247,27,0.0,0.0017082221
247,28,0.0,0.0025999546
247,29,0.0,0.0027649025
247,30,0.188583476455207,0.0027837437
247,31,0.0,0.0034311144
247,32,0.0,0.0020609456
247,33,0.0,0.0026138197
247,34,0.0,0.0023963181
247,35,0.0,0.002804135
247,36,0.0,0.0025081811
247,37,0.0,0.001493718
247,38,0.0,0.0035386817
247,39,0.0,0.0026037064
247,40,0.0,0.0015417142
247,41,0.187882167581309,0.0025006817
247,42,0.0,0.0023307465
247,43,0.0,0.0018595457
247,44,0.166819376040266,0.002388977
247,45,0.0,0.0036177547
247,46,0.0,0.0034926008
247,47,-0.167233597039573,0.0034595216
247,48,0.0,0.0028209798
247,49,0.0,0.0023197741
247,50,-0.176441068238716,0.0023459527
247,51,0.0,0.0025479048
247,52,0.0,0.0020749215
247,53,0.0,0.0027426821
247,54,0.0,0.0022621974
247,55,0.0,0.0026932033
247,56,0.0,0.0027415422
247,57,0.0,0.0026183994
247,58,0.0,0.0027519274
247,59,0.186510663919468,0.0018776497
247,60,0.0,0.0022392324
247,61,0.0,0.0036189612
247,62,0.0,0.0026146425
247,63,0.0,0.0014977623
247,64,0.192008156039259,0.001496912
247,65,0.0,0.0026469151
247,66,0.0,0.0021815533
247,67,0.176210926894723,0.0029258789
247,68,-0.18108423441915,0.0024310392
247,69,0.188482332256084,0.0017872965
247,70,-0.185206101631756,0.0020727348
247,71,0.0,0.0028574606
247,72,0.171475416141429,0.002317062
247,73,0.0,0.0025341217
247,74,0.0,0.0020589158
247,75,0.0,0.0025899569
247,76,-0.182956299522796,0.0014938503
247,77,0.0,0.00165257
247,78,0.0,0.0020467425
247,79,0.0,0.0035897205
247,80,-0.16600618528473,0.0014795922
247,81,0.0,0.0025261692
247,82,-0.180569260281938,0.0024405047
247,83,0.0,0.002718064
247,84,0.0,0.0035014134
247,85,0.0,0.002380548
247,86,0.0,0.0014769398
247,87,0.0,0.0021179067
247,88,0.0,0.003526566
247,89,0.0,0.0027694157
247,90,0.0,0.001976056
247,91,0.181785665417652,0.0016510189
247,92,0.0,0.00303311
247,93,0.0,0.0020374581
247,94,0.0,0.0015397258
247,95,-0.174481535094064,0.0014874665
247,96,0.0,0.001941103
247,97,0.0,0.0020389548
247,98,0.0,0.0020067915
247,99,0.0,0.0021129898
247,100,0.0,0.002079208
247,101,0.0,0.0015285881
247,102,0.0,0.0018174644
247,103,0.0,0.0023209741
247,104,0.0,0.002104037
247,105,-0.172361443237158,0.0023518405
247,106,0.191207949756935,0.0024103513
247,107,0.178569081999595,0.001669636
247,108,0.0,0.0025067488
247,109,0.0,0.002131939
247,110,0.0,0.0027186973
247,111,0.0,0.0026336648
247,112,0.0,0.0024146074
247,113,0.0,0.002465576
247,114,0.0,0.0023798575
247,115,0.0,0.0017802459
247,116,0.0,0.002561118
247,117,0.0,0.001602333
247,118,0.0,0.0016348255
247,119,0.0,0.0015878878
247,120,0.0,0.0018742434
247,121,0.0,0.0019327765
247,122,0.0,0.0023032022
247,123,0.17883746694674,0.0018975316
247,124,0.0,0.002612234
247,125,0.0,0.0024061855
247,126,0.0,0.0021181703
247,127,0.0,0.0014690142
247,128,0.0,0.0016569616
247,129,0.180894479562773,0.0014923569
247,130,0.0,0.0024834368
247,131,-0.175213644844429,0.0017394293
247,132,0.0,0.0016057128
247,133,0.0,0.002502304
247,134,0.0,0.0027702763
247,135,0.0,0.0024953936
247,136,0.0,0.0026274705
247,137,0.0,0.0025000423
247,138,0.0,0.0023198961
247,139,0.0,0.0035701105
247,140,0.0,0.0016532745
247,141,0.0,0.0023712404
247,142,0.0,0.0014788765
247,143,0.0,0.0025631464
247,144,0.1988392671311,0.0024439055
247,145,0.183276424603984,0.00305444
247,146,0.0,0.0022344682
247,147,0.0,0.002580671
247,148,0.0,0.0026418976
247,149,0.180753926362763,0.002191313
247,150,0.0,0.0020279964
247,151,0.0,0.002744183
247,152,0.0,0.0016557467
247,153,0.0,0.0019952413
247,154,0.0,0.0018805177
247,155,0.0,0.0020168377
247,156,0.0,0.002721237
247,157,0.189688511259067,0.002623836
247,158,0.0,0.0024271351
247,159,0.0,0.0024874103
247,160,0.0,0.0024016271
247,161,0.0,0.0023842095
247,162,0.0,0.0023895525
247,163,-0.176791736331517,0.0014939397
247,164,0.0,0.0017542783
247,165,0.0,0.0027723922
247,166,-0.191738069243734,0.003407022
247,167,0.173632234768087,0.0021428624
247,168,0.0,0.0027489294
247,169,-0.176080062088471,0.0018075584
247,170,-0.174861621220677,0.0035116915
247,171,0.0,0.0033901553
247,172,0.0,0.0023184218
247,173,0.0,0.0026059197
247,174,0.0,0.0014859345
247,175,0.0,0.0017401068
247,176,0.0,0.0016047643
247,177,0.0,0.0014933576
247,178,0.0,0.0020668395
247,179,0.0,0.002811288
247,180,0.0,0.0020880606
247,181,0.0,0.0023317635
247,182,0.0,0.0021903743
247,183,0.0,0.0036043595
247,184,0.0,0.001634392
247,185,-0.188985119067002,0.003478447
247,186,0.0,0.0025389292
247,187,0.0,0.002575974
247,188,0.0,0.003361954
247,189,0.0,0.0022845524
247,190,0.0,0.002532336
247,191,0.0,0.002115136
247,192,0.175879187727622,0.0025226553
247,193,0.0,0.0014897767
247,194,0.0,0.0035063745
247,195,0.0,0.0027720416
247,196,0.0,0.0017402028
247,197,0.0,0.0032838066
247,198,-0.182785219775801,0.0020338362
247,199,0.168339796122354,0.0024534971
247,200,0.0,0.0027688914
247,201,0.0,0.0036082258
247,202,0.188619950788669,0.0014934549
247,203,0.0,0.0019310396
247,204,0.0,0.0020036409
247,205,0.0,0.0023300708
247,206,0.0,0.0019542514
247,207,-0.199649776256698,0.003178285
247,208,0.0,0.0017424552
247,209,0.0,0.002562608
247,210,0.0,0.0034302757
247,211,0.0,0.0026015667
247,212,0.0,0.0035723723
247,213,0.0,0.002324311
247,214,0.0,0.0014870549
247,215,0.0,0.0021571089
247,216,0.0,0.0023185373
247,217,0.0,0.0025909306
247,218,0.0,0.0015685898
247,219,0.0,0.0034664287
247,220,0.0,0.0014855526
247,221,0.0,0.001480022
247,222,0.0,0.0021421448
247,223,0.0,0.0015846486
247,224,-0.181306594518813,0.0027561127
247,225,0.0,0.0015605278
247,226,0.0,0.002472431
247,227,0.0,0.0035567302
247,228,-0.169330517476415,0.002033398
247,229,0.0,0.0022799731
247,230,0.0,0.0019004936
247,231,0.0,0.0015843138
247,232,0.0,0.0024062712
247,233,0.0,0.0021518883
247,234,0.0,0.0035527893
247,235,0.0,0.003107619
247,236,0.0,0.001623475
247,237,0.180167379273151,0.0016850843
247,238,0.0,0.0016426998
247,239,0.0,0.002503315
247,240,0.0,0.0026957951
247,241,0.0,0.0027698488
247,242,0.0,0.0023480193
247,243,0.0,0.0016093617
247,244,0.0,0.0033759628
247,245,0.0,0.001690656
247,246,0.0,0.0022938885
247,247,0.816690466366708,0.030703487
247,248,0.0,0.0031257565
247,249,0.0,0.0025059003
247,250,0.0,0.0025514467
247,251,0.0,0.0024361704
247,252,0.0,0.0026852465
247,253,0.0,0.0018186984
247,254,0.150149304890345,0.0035006972
247,255,0.0,0.0026145182
247,256,0.0,0.0021384899
247,257,0.0,0.0018225261
247,258,0.0,0.0024253172
247,259,0.0,0.0023078332
247,260,0.0,0.0023892522
247,261,0.0,0.0035745036
247,262,0.0,0.0025954065
247,263,0.0,0.0018621064
247,264,0.0,0.0026365775
247,265,0.0,0.002138
247,266,0.0,0.002347169
247,267,0.0,0.0033092387
247,268,0.157182940322749,0.0032511852
248,1,0.0,0.002773161
248,2,0.0,0.001538205
248,3,0.0,0.0031667626
248,4,0.0,0.00260454
248,5,0.0,0.0023658369
248,6,0.0,0.002670146
248,7,0.0,0.0023135594
248,8,0.0,0.0025210823
248,9,0.168988317190576,0.002389697
248,10,0.0,0.0026072464
248,11,0.0,0.0026396764
248,12,0.0,0.0033849864
248,13,0.0,0.002584756
248,14,0.0,0.0023731566
248,15,0.0,0.0024821889
248,16,0.0,0.002683009
248,17,0.0,0.0016784291
248,18,0.0,0.0016208901
248,19,0.0,0.0022879275
248,20,0.0,0.001655688
248,21,0.0,0.0026496924
248,22,0.0,0.0020798477
248,23,0.0,0.0015790979
248,24,0.0,0.002150611
248,25,0.0,0.0031797807
248,26,0.0,0.0025706436
248,27,0.172718080892588,0.003097836
248,28,0.0,0.0025764583
248,29,0.0,0.0024624588
248,30,-0.1816246854777,0.0035247146
248,31,0.0,0.0034189522
248,32,0.0,0.003143574
248,33,0.0,0.0020575165
248,34,0.0,0.0027334802
248,35,0.0,0.0026886957
248,36,0.0,0.00344908
248,37,0.0,0.002254771
248,38,0.0,0.0027578878
248,39,0.0,0.002522136
248,40,0.0,0.002727345
248,41,0.0,0.0022977875
248,42,0.0,0.0022463752
248,43,0.17520903430765,0.0035262038
248,44,0.0,0.001896292
248,45,0.0,0.0017329673
248,46,0.0,0.0024885032
248,47,-0.161062623484045,0.0022843187
248,48,-0.164054785809326,0.002107664
248,49,0.162242438326939,0.0031550708
248,50,0.0,0.00358142
248,51,0.0,0.002473428
248,52,0.0,0.002781353
248,53,0.0,0.003540142
248,54,0.0,0.0027420982
248,55,0.0,0.0024623736
248,56,0.0,0.0019328012
248,57,0.0,0.0026133507
248,58,0.0,0.0029657385
248,59,0.0,0.0026727398
248,60,0.0,0.002324799
248,61,0.161024570453954,0.0018597036
248,62,0.0,0.0015678573
248,63,0.0,0.0018298929
248,64,0.184922993282856,0.0023368336
248,65,0.0,0.0025068126
248,66,0.0,0.003499148
248,67,0.0,0.0016184114
248,68,0.0,0.0024236878
248,69,0.0,0.003076403
248,70,0.0,0.0018743915
248,71,-0.197469890339376,0.0025737486
248,72,0.0,0.002768627
248,73,0.0,0.0025412235
248,74,0.0,0.0026676538
248,75,0.0,0.003580344
248,76,0.176205153185225,0.002538188
248,77,0.0,0.0027792477
248,78,0.0,0.0035451609
248,79,0.0,0.0035453923
248,80,0.0,0.00233177
248,81,0.178430489354993,0.0026071286
248,82,0.0,0.0023000077
248,83,0.0,0.0025770408
248,84,0.0,0.002702735
248,85,0.179972895752774,0.0027534724
248,86,0.0,0.0018648938
248,87,0.0,0.0024506943
248,88,0.0,0.0023745499
248,89,0.0,0.0026151505
248,90,0.0,0.0018898519
248,91,0.0,0.0027007144
248,92,0.0,0.0025115144
248,93,0.0,0.001895206
248,94,0.0,0.0014977898
248,95,0.0,0.0030799606
248,96,0.0,0.0015881839
248,97,0.0,0.0016175099
248,98,0.0,0.002594334
248,99,0.0,0.0023248522
248,100,0.0,0.0026866533
248,101,-0.168302549771211,0.003594845
248,102,0.0,0.0018244516
248,103,0.0,0.0027708067
248,104,0.0,0.0034435107
248,105,0.0,0.0026146318
248,106,0.0,0.0026138555
248,107,0.0,0.0022325497
248,108,-0.186195522665697,0.0026581762
248,109,0.183813895621756,0.0030109524
248,110,0.0,0.002359603
248,111,0.0,0.002210063
248,112,0.0,0.0023751175
248,113,0.0,0.0023246375
248,114,0.0,0.0032901517
248,115,0.0,0.0025316812
248,116,0.0,0.0025578584
248,117,0.156442315158654,0.0033884016
248,118,0.0,0.0036082896
248,119,0.166697762886969,0.002507017
248,120,0.0,0.0023181117
248,121,0.0,0.0025545307
248,122,0.0,0.002378665
248,123,0.0,0.001992072
248,124,0.0,0.0026645553
248,125,-0.165981566445209,0.0027865781
248,126,0.0,0.0023725056
248,127,0.0,0.0023831865
248,128,0.0,0.002673109
248,129,0.0,0.0035986053
248,130,0.0,0.0027614045
248,131,0.0,0.0023517963
248,132,0.175597078384657,0.0027603908
248,133,0.176285577042184,0.002450171
248,134,0.168572601907665,0.0023840922
248,135,0.0,0.003601632
248,136,0.0,0.002568962
248,137,0.0,0.0022342536
248,138,0.0,0.002752284
248,139,0.0,0.0025387858
248,140,-0.175430225355229,0.0023336946
248,141,0.194406823477851,0.0031703645
248,142,0.0,0.0028999448
248,143,0.0,0.0016094595
248,144,0.0,0.0025850222
248,145,0.0,0.0030294699
248,146,0.0,0.0023670304
248,147,0.0,0.0016209958
248,148,0.0,0.0023113089
248,149,0.0,0.0019213064
248,150,0.0,0.0018727528
248,151,0.0,0.0027885688
248,152,0.0,0.002931851
248,153,0.0,0.00276763
248,154,0.0,0.0014790646
248,155,0.0,0.002679261
248,156,0.0,0.002402042
248,157,-0.18268894414164,0.003425634
248,158,0.0,0.0025012488
248,159,0.0,0.0015522745
248,160,-0.175453464551512,0.0014802027
248,161,0.0,0.0023866137
248,162,0.0,0.0016975552
248,163,0.0,0.0036246632
248,164,0.183877813717862,0.0025861352
248,165,0.0,0.002696285
248,166,0.0,0.0025459942
248,167,0.0,0.0031827549
248,168,0.0,0.0024641803
248,169,0.0,0.0024486906
248,170,0.0,0.002603076
248,171,0.0,0.0027645114
248,172,0.186511678141858,0.0023097512
248,173,0.0,0.0036153682
248,174,0.0,0.0030735582
248,175,0.0,0.0026435778
248,176,0.0,0.0030464604
248,177,0.0,0.003176766
248,178,0.0,0.0015727933
248,179,0.0,0.0025503207
248,180,0.0,0.003386226
248,181,-0.17691849982655,0.0023593046
248,182,0.0,0.0022186008
248,183,0.0,0.0019981419
248,184,0.0,0.0031516785
248,185,0.0,0.0020893705
248,186,0.0,0.0024823984
248,187,0.0,0.0027128705
248,188,0.0,0.0021430901
248,189,0.174936355163146,0.0026232149
248,190,0.0,0.002557607
248,191,0.0,0.0023993738
248,192,0.0,0.0023838207
248,193,0.0,0.0022266968
248,194,0.0,0.0016447352
248,195,0.0,0.002171711
248,196,0.0,0.0023897658
248,197,0.0,0.0018805158
248,198,0.0,0.0035151588
248,199,0.0,0.0026582023
248,200,0.0,0.0026432723
248,201,0.0,0.0027240226
248,202,0.0,0.002376208
248,203,0.0,0.0023438479
248,204,0.0,0.002309814
248,205,0.0,0.0027487674
248,206,0.0,0.0032503097
248,207,-0.192282635254787,0.002787359
248,208,0.0,0.0023613032
248,209,0.0,0.002361971
248,210,0.0,0.00242079
248,211,0.0,0.0027790577
248,212,0.0,0.0028015887
248,213,0.174219779903791,0.0014800904
248,214,0.0,0.0020821062
248,215,0.0,0.0024678283
248,216,0.0,0.0036310982
248,217,0.0,0.0023844568
248,218,-0.165461475167068,0.0017987322
248,219,0.0,0.0029426855
248,220,0.0,0.0024906313
248,221,0.0,0.0029678629
248,222,0.0,0.0018671984
248,223,0.0,0.0024711783
248,224,-0.174616322826852,0.0027810433
248,225,0.0,0.00219444
248,226,0.0,0.0020853388
248,227,0.0,0.0022354964
248,228,0.0,0.0018230015
248,229,0.0,0.0026474986
248,230,0.0,0.0023064134
248,231,0.0,0.002502143
248,232,0.0,0.00219707
248,233,0.0,0.0030759089
248,234,0.0,0.0015379889
248,235,0.0,0.0027060574
248,236,0.0,0.0016186424
248,237,0.0,0.002524104
248,238,0.0,0.001796734
248,239,0.0,0.001717702
248,240,0.159049116092839,0.0016572629
248,241,0.0,0.0020695766
248,242,0.0,0.0029426636
248,243,0.0,0.0026619602
248,244,0.0,0.0035519046
248,245,0.0,0.0021493686
248,246,0.0,0.0029399334
248,247,0.0,0.0031257565
248,248,0.182591123040766,0.030703487
248,249,0.0,0.0021175444
248,250,0.0,0.0022548363
248,251,0.0,0.0022880207
248,252,0.0,0.002474228
248,253,0.0,0.002241911
248,254,0.0,0.0029047593
248,255,0.0,0.0026960378
248,256,0.0,0.0036081625
248,257,0.0,0.003052893
248,258,0.0,0.0033082492
248,259,0.0,0.0026598424
248,260,0.0,0.0015734844
248,261,0.0,0.0027654339
248,262,0.0,0.0026057726
248,263,0.0,0.0035492904
248,264,0.0,0.0029961448
248,265,0.0,0.002691946
248,266,0.0,0.003272649
248,267,0.0,0.002507912
248,268,0.0,0.0027089645
249,1,0.0,0.002780348
249,2,-0.1464209244451,0.0023475047
249,3,0.0,0.0033122874
249,4,0.0,0.0016344972
249,5,0.0,0.0034871628
249,6,0.0,0.0019314801
249,7,0.0,0.0020453725
249,8,0.0,0.0024094973
249,9,0.0,0.0024019545
249,10,0.140611128834734,0.003604624
249,11,0.0,0.0024227235
249,12,0.0,0.0018026112
249,13,0.0,0.003625981
249,14,0.0,0.001813869
249,15,0.0,0.0024603466
249,16,-0.13062795133259,0.0017399862
249,17,0.0,0.0036288383
249,18,0.0,0.0027825986
249,19,0.1442390908613,0.0027279137
249,20,0.0,0.0020528063
249,21,0.0,0.0015742639
249,22,0.0,0.001492253
249,23,0.0,0.0015043449
249,24,0.0,0.0021010926
249,25,0.0,0.0017410214
249,26,0.0,0.001533024
249,27,0.0,0.0020938953
249,28,0.0,0.0014940915
249,29,0.0,0.0026799496
249,30,0.0,0.0024693073
249,31,0.0,0.0024201954
249,32,0.0,0.0021692105
249,33,0.0,0.0024355706
249,34,0.0,0.0015482903
249,35,0.0,0.0026584133
249,36,0.15220030241401,0.0021588062
249,37,0.0,0.0023681922
249,38,0.0,0.0023480915
249,39,0.0,0.0018068724
249,40,0.0,0.003589278
249,41,-0.146051375761486,0.0014693146
249,42,0.0,0.0015289057
249,43,0.0,0.00206842
249,44,0.0,0.0015864992
249,45,0.0,0.002314059
249,46,0.0,0.0023897653
249,47,0.0,0.0016192454
249,48,0.0,0.0022815708
249,49,0.0,0.0026565255
249,50,0.0,0.0019438313
249,51,0.0,0.0014727055
249,52,0.0,0.0026095165
249,53,0.0,0.002761655
249,54,0.0,0.002519542
249,55,0.0,0.0022156732
249,56,0.0,0.0025366247
249,57,0.0,0.0024132868
249,58,0.0,0.0025497451
249,59,0.0,0.0014584106
249,60,0.0,0.0016246652
249,61,0.0,0.001668639
249,62,0.0,0.0021777786
249,63,0.0,0.002960484
249,64,0.0,0.0016122246
249,65,0.0,0.0017424985
249,66,0.0,0.0015104786
249,67,0.0,0.0026003686
249,68,0.0,0.0026100818
249,69,0.0,0.0016767238
249,70,0.0,0.004290968
249,71,0.0,0.0014980328
249,72,0.0,0.0014798716
249,73,0.14919843562934,0.0020002043
249,74,0.0,0.0014929995
249,75,0.0,0.0014823778
249,76,0.0,0.0027801297
249,77,0.0,0.0033307718
249,78,0.0,0.0015451154
249,79,0.0,0.002127545
249,80,0.0,0.0019127708
249,81,0.0,0.0016854699
249,82,0.0,0.0014897599
249,83,0.0,0.0022538588
249,84,0.0,0.0030987025
249,85,0.0,0.0018606242
249,86,0.0,0.0042805457
249,87,0.0,0.0022717202
249,88,0.0,0.002394971
249,89,0.0,0.0023810803
249,90,0.0,0.0016888194
249,91,0.0,0.0016662204
249,92,0.0,0.002472362
249,93,0.0,0.002533311
249,94,0.0,0.0028432333
249,95,0.0,0.001559156
249,96,0.0,0.0025635115
249,97,0.144107304794439,0.0019117384
249,98,0.0,0.0015346361
249,99,0.142531735820974,0.0024284227
249,100,0.0,0.001483839
249,101,0.0,0.0017413264
249,102,0.0,0.001731798
249,103,0.0,0.0018575089
249,104,0.0,0.0020208205
249,105,0.0,0.0024000192
249,106,0.0,0.0014982787
249,107,0.0,0.0026080767
249,108,0.150285847968108,0.002722797
249,109,0.0,0.0016613998
249,110,0.0,0.0016732076
249,111,-0.152184943612374,0.002321335
249,112,0.0,0.0016162242
249,113,0.0,0.002797111
249,114,0.0,0.0035888692
249,115,0.0,0.0021853289
249,116,0.0,0.0014934656
249,117,0.0,0.0017401855
249,118,0.0,0.0031174165
249,119,0.0,0.0033198781
249,120,0.0,0.0024020104
249,121,0.0,0.0014902717
249,122,0.0,0.002486622
249,123,0.0,0.0017129472
249,124,0.143337655625813,0.0030913176
249,125,0.0,0.002390555
249,126,0.0,0.0014874204
249,127,0.0,0.007711173
249,128,0.0,0.002434352
249,129,0.0,0.0024278527
249,130,0.0,0.0034824614
249,131,0.0,0.0014880272
249,132,0.0,0.0014788671
249,133,0.0,0.0016401727
249,134,0.0,0.002535983
249,135,0.0,0.003609553
249,136,0.0,0.0030365968
249,137,0.0,0.0017595938
249,138,0.0,0.0035774424
249,139,0.0,0.0027700788
249,140,0.141596746255188,0.001786625
249,141,0.0,0.0030589611
249,142,0.0,0.0032782014
249,143,0.0,0.0035011917
249,144,0.0,0.0021658042
249,145,0.0,0.0019249152
249,146,0.0,0.0022849417
249,147,0.0,0.0018186131
249,148,0.0,0.0020631799
249,149,0.0,0.0025524362
249,150,0.0,0.001801997
249,151,0.0,0.0022884458
249,152,0.0,0.0019773184
249,153,0.0,0.0033616228
249,154,0.0,0.0014613676
249,155,0.0,0.0025691101
249,156,0.0,0.0026039286
249,157,0.0,0.0026621893
249,158,0.0,0.0017615259
249,159,0.0,0.0028682435
249,160,0.0,0.002158327
249,161,0.0,0.0014918172
249,162,0.0,0.0014875969
249,163,0.0,0.0035082023
249,164,0.0,0.0018972456
249,165,-0.137500539168177,0.0014790469
249,166,0.0,0.0014992491
249,167,0.0,0.0027279584
249,168,0.0,0.0035934723
249,169,0.0,0.002536056
249,170,0.0,0.0026037474
249,171,0.0,0.0020035496
249,172,0.0,0.0024285982
249,173,0.0,0.0028369073
249,174,0.0,0.0031478591
249,175,0.0,0.0020474484
249,176,0.0,0.0014650743
249,177,0.0,0.0038665542
249,178,0.0,0.0016793418
249,179,0.0,0.002370223
249,180,0.0,0.0017423318
249,181,0.0,0.0027113599
249,182,0.0,0.0016421233
249,183,0.0,0.0014806474
249,184,0.0,0.0035560033
249,185,0.0,0.002385886
249,186,0.0,0.0018800138
249,187,0.0,0.0036293156
249,188,0.0,0.0024580844
249,189,0.0,0.0015407153
249,190,0.0,0.0027406295
249,191,0.0,0.0014912342
249,192,0.0,0.0016558263
249,193,0.0,0.003222905
249,194,0.0,0.0025572353
249,195,0.0,0.002348004
249,196,0.0,0.001489257
249,197,0.0,0.0023845201
249,198,0.142089231568867,0.0014989758
249,199,0.0,0.0023042248
249,200,0.0,0.0032016337
249,201,0.0,0.0035243416
249,202,0.0,0.0035709664
249,203,0.0,0.0015473422
249,204,0.0,0.0016172938
249,205,0.0,0.0015970403
249,206,0.0,0.0014813859
249,207,0.0,0.0023230258
249,208,0.0,0.001817008
249,209,0.0,0.00276878
249,210,0.0,0.0032316647
249,211,0.0,0.0031806976
249,212,0.0,0.0032429355
249,213,0.0,0.0014909124
249,214,0.0,0.0039933827
249,215,0.0,0.0017249938
249,216,0.0,0.0031514792
249,217,0.0,0.0025345222
249,218,0.0,0.0018945038
249,219,0.146011736595179,0.0026290999
249,220,0.0,0.0027632774
249,221,0.0,0.0024542278
249,222,0.0,0.0014622305
249,223,0.0,0.0023452085
249,224,0.0,0.0024636746
249,225,0.0,0.0017740726
249,226,0.0,0.0014853617
249,227,0.0,0.0035799155
249,228,0.0,0.0025041266
249,229,0.0,0.0018264693
249,230,0.0,0.0022260458
249,231,0.0,0.0019806554
249,232,0.0,0.0018806313
249,233,0.0,0.0022353749
249,234,0.0,0.0018811529
249,235,0.0,0.002500753
249,236,0.0,0.002187775
249,237,0.0,0.0015239585
249,238,0.0,0.0014631422
249,239,0.0,0.0034480635
249,240,0.0,0.0021129865
249,241,0.0,0.0017838334
249,242,0.0,0.0017654239
249,243,0.0,0.0022226581
249,244,0.144020936038631,0.0022199014
249,245,0.0,0.0026592002
249,246,0.0,0.0016823015
249,247,0.0,0.0025059003
249,248,0.0,0.0021175444
249,249,-0.117371442494914,0.030703487
249,250,0.0,0.002190968
249,251,0.0,0.0018094089
249,252,0.0,0.0014885655
249,253,0.0,0.002517594
249,254,-0.15707852090174,0.0015137237
249,255,0.0,0.0022964533
249,256,0.0,0.0031305966
249,257,0.0,0.0033134753
249,258,0.0,0.0020248946
249,259,0.0,0.0018985276
249,260,0.149299563588396,0.002330997
249,261,0.0,0.0026815333
249,262,0.0,0.0014602877
249,263,0.0,0.0014819233
249,264,0.0,0.001799264
249,265,0.0,0.0019854172
249,266,0.0,0.002607
249,267,0.161175226475593,0.0026378874
249,268,0.0,0.0024844022
250,1,0.0,0.0025552493
250,2,0.0,0.0025505512
250,3,0.0,0.0016551074
250,4,0.0,0.0021297308
250,5,0.0,0.0024568257
250,6,0.0,0.0027273549
250,7,0.0,0.002374623
250,8,0.0,0.0024278983
250,9,0.0,0.0023716008
250,10,0.0,0.0026191487
250,11,0.0,0.0022425824
250,12,0.0,0.0027874252
250,13,0.0,0.00297679
250,14,0.0,0.0032577808
250,15,0.0,0.0033798097
250,16,0.0,0.0024792235
250,17,0.0,0.0025515277
250,18,0.0,0.0025019897
250,19,-0.145238976653361,0.0024214922
250,20,0.0,0.0035829572
250,21,0.0,0.0019905828
250,22,0.0,0.0025509815
250,23,0.0,0.002500006
250,24,0.0,0.0014892183
250,25,0.0,0.0032699802
250,26,0.0,0.002550018
250,27,0.0,0.0018940433
250,28,0.0,0.0023820028
250,29,-0.133956156661284,0.0034024594
250,30,0.0,0.0032073949
250,31,0.130969923726757,0.0035964367
250,32,0.0,0.0023923507
250,33,0.0,0.0024632667
250,34,0.138048953742304,0.0036268798
250,35,0.0,0.0026327595
250,36,0.0,0.0028116181
250,37,0.0,0.0015786653
250,38,0.0,0.003426672
250,39,0.0,0.0022641816
250,40,0.0,0.0024967478
250,41,0.0,0.0020128302
250,42,0.0,0.002242628
250,43,0.0,0.0035178335
250,44,0.0,0.0033971556
250,45,0.0,0.0022329306
250,46,0.0,0.0026760357
250,47,0.0,0.0024924167
250,48,0.0,0.0017244117
250,49,0.0,0.0023823055
250,50,0.0,0.0021453886
250,51,0.0,0.0028471644
250,52,0.0,0.0029881909
250,53,0.0,0.0014880868
250,54,0.0,0.0015838025
250,55,0.0,0.0024744547
250,56,0.0,0.0017221882
250,57,0.0,0.0022187266
250,58,0.0,0.0034310995
250,59,0.0,0.0023949374
250,60,0.0,0.0016481238
250,61,0.0,0.0025712159
250,62,0.0,0.0020174854
250,63,0.0,0.0025025336
250,64,0.0,0.0014826525
250,65,0.0,0.0014834497
250,66,0.0,0.0027155825
250,67,-0.137928219445126,0.0023006368
250,68,0.0,0.0036292868
250,69,0.0,0.0020310767
250,70,0.0,0.002323457
250,71,0.0,0.0015902091
250,72,0.0,0.0035027135
250,73,0.0,0.0034286338
250,74,0.0,0.0034368774
250,75,0.0,0.0031361096
250,76,0.0,0.0020833276
250,77,0.0,0.0026017996
250,78,0.0,0.0031296364
250,79,0.0,0.002081229
250,80,0.0,0.0024297778
250,81,0.0,0.0030193683
250,82,0.0,0.0031490442
250,83,0.0,0.0035527386
250,84,0.0,0.0024729436
250,85,0.0,0.0016498319
250,86,0.0,0.00227464
250,87,0.0,0.002241346
250,88,0.0,0.0023882375
250,89,0.0,0.002626215
250,90,0.0,0.0015976191
250,91,0.0,0.00215489
250,92,0.0,0.0014932062
250,93,0.0,0.0031489003
250,94,0.0,0.0024942057
250,95,0.0,0.0024001375
250,96,0.0,0.0020346367
250,97,0.0,0.002373207
250,98,0.0,0.0026232903
250,99,0.0,0.0030839797
250,100,0.0,0.0030912086
250,101,0.0,0.0033939187
250,102,0.0,0.0028532622
250,103,0.0,0.0023465957
250,104,0.0,0.0017400612
250,105,0.0,0.0021841666
250,106,0.0,0.0027422826
250,107,-0.139774053528871,0.0025325734
250,108,0.0,0.0024107662
250,109,0.0,0.002308182
250,110,0.0,0.001691707
250,111,0.0,0.0023117359
250,112,0.0,0.0035740728
250,113,0.0,0.0025768392
250,114,0.0,0.003351139
250,115,0.0,0.003631399
250,116,0.0,0.0027743103
250,117,0.0,0.0021500066
250,118,0.0,0.0025099446
250,119,0.0,0.0017183451
250,120,0.0,0.0024394747
250,121,0.0,0.0022026445
250,122,0.0,0.0023440323
250,123,0.0,0.0015128665
250,124,0.0,0.0023392276
250,125,0.0,0.0035679257
250,126,-0.138151650228871,0.0027522882
250,127,0.0,0.002757791
250,128,0.0,0.002581839
250,129,0.0,0.0015809992
250,130,0.0,0.0016676299
250,131,0.0,0.002651548
250,132,0.0,0.0024053496
250,133,0.0,0.0018396815
250,134,0.0,0.0036110212
250,135,0.0,0.001706108
250,136,0.0,0.0023912364
250,137,0.140911664461583,0.002481375
250,138,0.0,0.002447126
250,139,0.0,0.0027635465
250,140,-0.142578314940467,0.0014819624
250,141,0.0,0.001468692
250,142,0.0,0.0021867845
250,143,0.0,0.0021313904
250,144,0.0,0.001547643
250,145,0.0,0.0031137858
250,146,0.0,0.0024330788
250,147,0.0,0.0019911006
250,148,0.0,0.0025992342
250,149,0.0,0.0026409933
250,150,0.0,0.002522423
250,151,-0.148265446483721,0.0032096915
250,152,0.0,0.0016825995
250,153,0.0,0.0035817483
250,154,0.0,0.0024132892
250,155,0.0,0.0023048948
250,156,0.0,0.0015353188
250,157,0.0,0.002754096
250,158,0.0,0.0019513979
250,159,0.0,0.0021568122
250,160,0.0,0.0016280664
250,161,0.0,0.0024012784
250,162,0.0,0.0026343563
250,163,0.0,0.0028038374
250,164,0.0,0.0021911534
250,165,0.0,0.0015296964
250,166,0.0,0.002519474
250,167,0.0,0.0026906598
250,168,0.0,0.002344632
250,169,0.0,0.0025977786
250,170,0.0,0.0023675212
250,171,0.0,0.0022153961
250,172,0.0,0.0020206235
250,173,0.0,0.0020048022
250,174,0.0,0.0032635378
250,175,0.0,0.0036214893
250,176,0.0,0.0026927171
250,177,-0.151037925853536,0.0031239633
250,178,0.0,0.0014919192
250,179,0.14515366348239,0.0024508662
250,180,0.0,0.0024122857
250,181,0.0,0.0026290966
250,182,0.0,0.0022805831
250,183,0.152012398312625,0.002345135
250,184,0.143069335453135,0.001978768
250,185,0.0,0.0016105212
250,186,0.0,0.001971526
250,187,0.0,0.0017944225
250,188,0.0,0.0014925329
250,189,0.0,0.001930098
250,190,0.1408199807874,0.0022516875
250,191,0.0,0.0026136818
250,192,0.0,0.0019376427
250,193,0.0,0.0026187622
250,194,0.0,0.0030895607
250,195,0.0,0.0017603128
250,196,0.0,0.0015803352
250,197,0.0,0.0014945734
250,198,0.0,0.002611679
250,199,0.0,0.0026652468
250,200,0.0,0.0026529739
250,201,0.0,0.0017558997
250,202,0.0,0.002550431
250,203,0.0,0.0036314637
250,204,0.0,0.0032969136
250,205,0.0,0.001917378
250,206,0.0,0.0028144754
250,207,0.0,0.0023862012
250,208,0.0,0.0021483214
250,209,0.0,0.0023311465
250,210,0.0,0.0015670019
250,211,0.0,0.002091065
250,212,0.0,0.0014751973
250,213,0.0,0.0024281344
250,214,0.0,0.002575885
250,215,0.0,0.0016612317
250,216,0.0,0.0027080243
250,217,0.0,0.0014874283
250,218,0.0,0.003307425
250,219,0.0,0.0023411647
250,220,0.0,0.0022062412
250,221,-0.131593517873221,0.002893588
250,222,0.0,0.0023117783
250,223,0.0,0.0014870423
250,224,0.0,0.0019398676
250,225,0.0,0.002691565
250,226,0.0,0.003117295
250,227,0.0,0.0017502676
250,228,0.0,0.0024693883
250,229,0.0,0.0027877046
250,230,-0.150052793490299,0.003567162
250,231,0.0,0.002171245
250,232,0.0,0.0026401551
250,233,0.0,0.0030782158
250,234,0.0,0.00241649
250,235,0.0,0.0023612212
250,236,0.0,0.0027143774
250,237,0.0,0.002540898
250,238,0.0,0.0016354956
250,239,0.0,0.0014862828
250,240,0.0,0.0014948826
250,241,0.0,0.0015983833
250,242,-0.139219479052085,0.002720418
250,243,0.0,0.0023396285
250,244,0.0,0.0036281608
250,245,0.0,0.0014887154
250,246,0.0,0.0027580466
250,247,0.0,0.0025514467
250,248,0.0,0.0022548363
250,249,0.0,0.002190968
250,250,0.0,0.030703487
250,251,0.0,0.0025383807
250,252,0.0,0.0027860114
250,253,0.0,0.0022810898
250,254,0.0,0.002469705
250,255,0.0,0.0018828404
250,256,0.0,0.0027216705
250,257,0.0,0.0031009405
250,258,0.0,0.0023275516
250,259,0.0,0.0028480156
250,260,0.0,0.0028010658
250,261,0.0,0.0015814276
250,262,0.0,0.0023782747
250,263,0.0,0.0024679475
250,264,0.0,0.0024978267
250,265,0.0,0.0034897067
250,266,0.0,0.0018507265
250,267,0.0,0.0022538705
250,268,-0.157329483364676,0.0023317868
251,1,0.0,0.001491894
251,2,0.0,0.0026625856
251,3,0.0,0.002299422
251,4,0.0,0.003599409
251,5,0.0,0.0030976585
251,6,0.0,0.0027430244
251,7,0.0,0.0021739895
251,8,0.0,0.0025056973
251,9,0.0,0.002221384
251,10,0.0,0.0017714589
251,11,0.0,0.0020141895
251,12,0.0,0.0026862673
251,13,0.0,0.0023649507
251,14,0.0,0.0019346206
251,15,0.0,0.002490832
251,16,-0.139172928843112,0.002470518
251,17,0.0,0.0022343197
251,18,0.0,0.002118575
251,19,0.0,0.0018585445
251,20,0.0,0.0026419805
251,21,0.0,0.002683267
251,22,0.0,0.0021107406
251,23,0.0,0.0022817976
251,24,0.139790273552084,0.0035622697
251,25,0.0,0.0027781888
251,26,0.0,0.003466113
251,27,0.0,0.0017085872
251,28,0.0,0.0014900165
251,29,0.0,0.003530309
251,30,0.0,0.0024706167
251,31,0.0,0.0023830426
251,32,0.0,0.001740241
251,33,0.0,0.0017522965
251,34,0.0,0.0036307191
251,35,0.0,0.0025575515
251,36,0.162156427025588,0.0015629428
251,37,0.0,0.0016226117
251,38,0.0,0.0026121615
251,39,0.0,0.0031161788
251,40,0.150449084123221,0.003631204
251,41,0.0,0.0015596244
251,42,0.0,0.0015852205
251,43,0.150669032547163,0.002804657
251,44,0.0,0.0021514324
251,45,0.0,0.0026371093
251,46,0.0,0.0025387714
251,47,0.0,0.0033841934
251,48,0.0,0.0024479073
251,49,0.0,0.0018247371
251,50,0.0,0.002680983
251,51,0.0,0.0034737056
251,52,0.0,0.0026860773
251,53,0.0,0.0017660144
251,54,0.0,0.0018315502
251,55,0.0,0.0018536425
251,56,0.0,0.0027955663
251,57,0.0,0.0026842654
251,58,0.0,0.0022230763
251,59,0.0,0.0019631917
251,60,-0.143884887089915,0.0025241678
251,61,0.0,0.0014914535
251,62,0.0,0.0018607266
251,63,0.0,0.0014829892
251,64,0.0,0.003052868
251,65,0.0,0.0020691105
251,66,0.144715173042854,0.0021596816
251,67,0.0,0.0017109038
251,68,0.0,0.0017293626
251,69,0.0,0.0024836743
251,70,0.0,0.0015866207
251,71,-0.169812004570413,0.0019417196
251,72,0.0,0.001470916
251,73,0.0,0.0021966593
251,74,0.0,0.0014855252
251,75,0.0,0.002750415
251,76,0.0,0.002780219
251,77,0.0,0.0017796247
251,78,0.0,0.0024475618
251,79,0.0,0.0025753165
251,80,0.137487435499356,0.0018548011
251,81,0.0,0.0021107849
251,82,0.0,0.002763908
251,83,0.0,0.0027320213
251,84,0.152811519172947,0.003137303
251,85,0.0,0.0017693159
251,86,0.0,0.0030876603
251,87,0.0,0.0025454527
251,88,-0.153236355565695,0.0017600157
251,89,0.0,0.0017896187
251,90,0.0,0.0025432566
251,91,0.0,0.0024169926
251,92,0.0,0.0031892308
251,93,0.0,0.0019692397
251,94,0.0,0.002292131
251,95,0.0,0.0014772844
251,96,0.0,0.0028843302
251,97,0.0,0.0025927904
251,98,0.0,0.0024222843
251,99,0.151855394844186,0.0026505832
251,100,0.0,0.0014942
251,101,0.0,0.0022527287
251,102,0.0,0.002598463
251,103,0.0,0.0027643987
251,104,0.0,0.0027265185
251,105,0.0,0.0034199296
251,106,0.0,0.0023987615
251,107,0.0,0.0017668679
251,108,0.0,0.0031428612
251,109,0.0,0.0022304775
251,110,0.0,0.0014932449
251,111,0.0,0.0023489133
251,112,0.0,0.0016779518
251,113,0.0,0.0016607596
251,114,0.0,0.0015530675
251,115,0.0,0.002551753
251,116,0.0,0.0025895168
251,117,0.0,0.0019605383
251,118,0.0,0.002403412
251,119,0.0,0.0015046704
251,120,0.0,0.0023744782
251,121,0.0,0.0014886609
251,122,0.0,0.0017394577
251,123,0.148114388988191,0.00232307
251,124,0.0,0.0015430339
251,125,-0.142733975652479,0.0034820638
251,126,0.0,0.0023142835
251,127,0.0,0.0023050313
251,128,0.0,0.0027783774
251,129,0.0,0.0014772401
251,130,0.0,0.0026505035
251,131,0.0,0.002142495
251,132,0.0,0.0024226387
251,133,0.0,0.0018286388
251,134,0.0,0.0017976654
251,135,0.0,0.0022679726
251,136,0.0,0.0035657478
251,137,0.0,0.0016662898
251,138,0.0,0.0016766703
251,139,0.0,0.002424858
251,140,0.0,0.002790072
251,141,0.0,0.0014921683
251,142,0.0,0.002029392
251,143,0.0,0.0020805802
251,144,0.164680013985847,0.0034903488
251,145,0.0,0.0033862572
251,146,0.0,0.0016125552
251,147,0.0,0.0020649056
251,148,0.0,0.0015305192
251,149,0.0,0.002442161
251,150,0.0,0.001603019
251,151,0.0,0.0028356933
251,152,0.0,0.0015930207
251,153,0.0,0.002684697
251,154,0.144501053308437,0.0021118405
251,155,0.0,0.0014739316
251,156,0.0,0.0026329886
251,157,0.0,0.0030125678
251,158,0.0,0.002765519
251,159,0.0,0.0024285899
251,160,0.0,0.0026641767
251,161,0.0,0.0026432578
251,162,0.0,0.0014915932
251,163,0.0,0.0025620423
251,164,0.0,0.0015914147
251,165,0.0,0.0017367485
251,166,0.0,0.001483391
251,167,0.0,0.0023626196
251,168,0.0,0.0024599046
251,169,0.0,0.0018800669
251,170,0.0,0.002296127
251,171,0.151970158049082,0.0024088272
251,172,0.0,0.0019655428
251,173,0.0,0.0035013813
251,174,0.0,0.002040553
251,175,0.0,0.0027010841
251,176,0.0,0.0029938603
251,177,0.0,0.0028944016
251,178,0.0,0.002265002
251,179,0.0,0.0024464088
251,180,0.0,0.0018085567
251,181,0.0,0.0021572514
251,182,0.0,0.0016117916
251,183,0.0,0.0014669052
251,184,0.0,0.0016712928
251,185,0.0,0.002236885
251,186,0.0,0.0014992855
251,187,0.0,0.0018298686
251,188,0.0,0.0017664549
251,189,0.0,0.0022221194
251,190,0.148998785341484,0.002405942
251,191,0.0,0.003630966
251,192,0.0,0.0035095927
251,193,0.0,0.0016541732
251,194,0.0,0.002403743
251,195,0.0,0.0023495671
251,196,0.0,0.0021575373
251,197,-0.142646157602959,0.0017678677
251,198,0.0,0.001696887
251,199,0.0,0.0014793794
251,200,0.0,0.0020853747
251,201,0.0,0.002056595
251,202,0.0,0.0015654648
251,203,0.0,0.0023076702
251,204,0.147419924734536,0.002465948
251,205,0.0,0.0025673606
251,206,0.0,0.002094225
251,207,0.0,0.0026923781
251,208,0.0,0.002458312
251,209,0.0,0.0027381573
251,210,0.0,0.0020207767
251,211,0.0,0.0033118376
251,212,0.0,0.0014940207
251,213,0.0,0.0025783223
251,214,0.0,0.0018608486
251,215,0.0,0.0025953003
251,216,0.149288551990024,0.0024726912
251,217,0.0,0.0019446285
251,218,0.0,0.0030538668
251,219,0.0,0.002475354
251,220,0.0,0.0035800594
251,221,0.0,0.0015561208
251,222,-0.159532905030991,0.0019772425
251,223,0.0,0.0016173203
251,224,0.0,0.002439294
251,225,0.0,0.00197249
251,226,0.0,0.0020760791
251,227,0.0,0.0019253646
251,228,-0.140240669705654,0.0018821671
251,229,0.0,0.0016213595
251,230,0.0,0.002460585
251,231,0.14395892026561,0.0019471669
251,232,0.144940311144112,0.0028439588
251,233,0.0,0.0033836262
251,234,-0.14017575385998,0.001739271
251,235,0.0,0.0025404287
251,236,0.0,0.0023514768
251,237,0.0,0.0032411427
251,238,0.142332847260401,0.0021613874
251,239,0.0,0.0035276287
251,240,0.0,0.0035681296
251,241,0.0,0.0014943318
251,242,0.0,0.001493433
251,243,0.0,0.001957477
251,244,0.0,0.0025633634
251,245,0.0,0.0036433996
251,246,0.0,0.0035692938
251,247,0.0,0.0024361704
251,248,0.0,0.0022880207
251,249,0.0,0.0018094089
251,250,0.0,0.0025383807
251,251,0.0,0.030703487
251,252,0.0,0.0036209975
251,253,0.0,0.0027830722
251,254,-0.151880037832097,0.0018836171
251,255,0.0,0.0025029783
251,256,0.150716392096274,0.002596938
251,257,0.0,0.003454322
251,258,0.0,0.0021798941
251,259,0.157534607173345,0.001824005
251,260,0.0,0.0029097274
251,261,0.153597319479352,0.0016158656
251,262,0.0,0.002403223
251,263,0.0,0.002613342
251,264,0.0,0.0014877757
251,265,0.0,0.0025948905
251,266,0.0,0.0026788744
251,267,0.0,0.0021200292
251,268,0.0,0.002979794
252,1,0.0,0.0036031478
252,2,0.0,0.0015399782
252,3,0.0,0.0030854112
252,4,0.0,0.0024483707
252,5,0.0,0.0023081983
252,6,0.0,0.00211494
252,7,0.0,0.001867698
252,8,0.0,0.0036048908
252,9,0.0,0.0033157468
252,10,0.0,0.0031617633
252,11,0.153228867928121,0.0025468064
252,12,0.0,0.0027081314
252,13,0.0,0.0025062785
252,14,0.0,0.0029151984
252,15,0.0,0.0025590733
252,16,0.0,0.0032765428
252,17,0.0,0.0016709454
252,18,0.0,0.0032128426
252,19,0.0,0.0020855675
252,20,0.0,0.0024515996
252,21,0.0,0.0023186817
252,22,0.0,0.0036099157
252,23,0.0,0.0027298778
252,24,0.0,0.0025087069
252,25,0.0,0.0024471167
252,26,0.0,0.002482152
252,27,0.0,0.0028737606
252,28,-0.14829217805669,0.0030279653
252,29,0.0,0.0024756761
252,30,0.0,0.0026358701
252,31,0.0,0.0028577219
252,32,0.0,0.0027816137
252,33,0.0,0.0023478414
252,34,0.0,0.0023431717
252,35,0.0,0.0026334082
252,36,-0.158859483747101,0.0020108502
252,37,0.0,0.0019063354
252,38,0.0,0.0025399164
252,39,0.0,0.001491141
252,40,0.0,0.002792803
252,41,0.0,0.0024892637
252,42,0.0,0.0017448887
252,43,0.0,0.0035936204
252,44,0.0,0.0027196328
252,45,0.0,0.0020078272
252,46,0.0,0.0024813544
252,47,0.0,0.0023050462
252,48,0.0,0.0032791202
252,49,-0.136681881592162,0.0024230173
252,50,0.0,0.002871795
252,51,0.0,0.0034353621
252,52,0.0,0.0023965193
252,53,0.0,0.0025450168
252,54,0.0,0.0023163487
252,55,0.0,0.0016039228
252,56,0.0,0.0035666353
252,57,0.0,0.0025708904
252,58,0.0,0.0024167127
252,59,0.0,0.001483033
252,60,0.0,0.0035271156
252,61,0.0,0.0022627418
252,62,0.143943910299928,0.0023721084
252,63,0.0,0.0035259915
252,64,0.0,0.0024323827
252,65,0.0,0.002253442
252,66,0.0,0.0020053107
252,67,-0.142971856795975,0.00154295
252,68,-0.146925901177806,0.0018608058
252,69,0.0,0.0027056132
252,70,0.0,0.0024797851
252,71,0.0,0.0030790158
252,72,0.0,0.0022343397
252,73,0.0,0.00234755
252,74,0.0,0.0023573851
252,75,0.0,0.0028640414
252,76,0.0,0.0032146294
252,77,0.0,0.0015655151
252,78,0.0,0.0014943713
252,79,0.0,0.0026831445
252,80,0.0,0.0022842688
252,81,0.0,0.0026136367
252,82,0.146508067789737,0.0025423774
252,83,0.0,0.0026455466
252,84,0.0,0.0025948687
252,85,0.0,0.0026585418
252,86,0.0,0.0032649217
252,87,0.0,0.002541388
252,88,-0.15012077401417,0.0030740323
252,89,0.0,0.0029415907
252,90,0.0,0.0024048076
252,91,0.0,0.003485491
252,92,0.0,0.0026635397
252,93,0.0,0.0015007216
252,94,0.146841061627179,0.0027718847
252,95,0.0,0.0019393805
252,96,0.152083558465699,0.002766693
252,97,0.0,0.0014952673
252,98,0.0,0.0030051563
252,99,0.148767890805542,0.0024148542
252,100,0.0,0.0036248798
252,101,0.0,0.0019528554
252,102,0.0,0.0023911837
252,103,0.0,0.0025323932
252,104,0.0,0.003543626
252,105,0.0,0.0024248823
252,106,0.0,0.0035780151
252,107,0.0,0.0019140509
252,108,0.0,0.0025785458
252,109,0.0,0.0027717645
252,110,0.0,0.003628383
252,111,0.0,0.0022112671
252,112,0.0,0.0023201024
252,113,0.0,0.0024075536
252,114,0.0,0.0015435265
252,115,0.0,0.0027399343
252,116,-0.133639155573357,0.0033507305
252,117,0.0,0.0023575039
252,118,0.0,0.002308019
252,119,0.0,0.0020474046
252,120,0.0,0.0016577179
252,121,0.0,0.001944874
252,122,0.144986259866216,0.0027633957
252,123,0.0,0.0025261864
252,124,0.0,0.0023018736
252,125,0.0,0.0033394177
252,126,0.0,0.0023806086
252,127,-0.147792263318021,0.001695639
252,128,0.0,0.0027032727
252,129,0.0,0.002754787
252,130,0.0,0.00204449
252,131,0.0,0.0024360195
252,132,0.0,0.003291042
252,133,0.0,0.0020999792
252,134,0.0,0.0024849363
252,135,0.0,0.0030113957
252,136,0.137355455917249,0.0027854103
252,137,0.0,0.0019380753
252,138,0.0,0.0019226391
252,139,0.0,0.0015499699
252,140,0.0,0.0022214185
252,141,0.0,0.002884976
252,142,0.0,0.0025729947
252,143,0.0,0.003598411
252,144,0.0,0.002613315
252,145,0.0,0.002413698
252,146,0.0,0.002336002
252,147,0.0,0.0027931435
252,148,0.0,0.0022020037
252,149,0.0,0.0025723963
252,150,0.0,0.0024015508
252,151,0.0,0.0026523662
252,152,0.0,0.00271628
252,153,0.0,0.002278891
252,154,0.0,0.0028144876
252,155,0.0,0.0015330678
252,156,0.0,0.0027597165
252,157,0.0,0.0029227347
252,158,0.0,0.002670256
252,159,0.0,0.0023229392
252,160,0.0,0.0033156918
252,161,-0.141019105951121,0.0019725338
252,162,0.0,0.003487307
252,163,0.0,0.0027163564
252,164,0.0,0.0017595743
252,165,0.0,0.0018680603
252,166,0.0,0.0016207881
252,167,-0.140879589262132,0.002619694
252,168,0.0,0.0025048205
252,169,0.0,0.0016731359
252,170,0.0,0.0030122632
252,171,0.0,0.0024859658
252,172,0.0,0.0024738838
252,173,0.0,0.0021322407
252,174,0.0,0.0025377613
252,175,0.0,0.002368589
252,176,0.0,0.0019101999
252,177,-0.156560947373674,0.0023026252
252,178,0.0,0.002552214
252,179,0.0,0.0027831807
252,180,0.0,0.0020445734
252,181,0.0,0.0026193578
252,182,-0.151664775869656,0.0024246988
252,183,0.0,0.0026583327
252,184,0.0,0.0025504492
252,185,0.0,0.002769614
252,186,0.0,0.0014891219
252,187,0.0,0.0021017739
252,188,0.0,0.0033201794
252,189,0.0,0.0030203066
252,190,-0.145969361513856,0.0034493515
252,191,0.0,0.0025135996
252,192,0.0,0.002573999
252,193,0.0,0.0036319103
252,194,0.163349676291629,0.002404924
252,195,0.147849157548352,0.0024192752
252,196,0.0,0.0016490766
252,197,0.0,0.0022503478
252,198,0.0,0.002462539
252,199,0.0,0.0027707047
252,200,0.0,0.0023879376
252,201,0.0,0.0024147592
252,202,0.15304013813589,0.002314262
252,203,0.0,0.0024539698
252,204,0.0,0.0034859176
252,205,0.0,0.0025406666
252,206,0.0,0.002634502
252,207,0.0,0.0026659472
252,208,0.0,0.0035631023
252,209,0.0,0.0023813052
252,210,0.0,0.0025310623
252,211,0.0,0.0015354119
252,212,0.147008750785596,0.0015544621
252,213,0.0,0.0021721027
252,214,0.0,0.0025360533
252,215,0.0,0.0027823518
252,216,0.0,0.002309767
252,217,0.0,0.0020989152
252,218,0.0,0.0017391779
252,219,-0.152400151173369,0.0025061993
252,220,0.0,0.003180801
252,221,0.0,0.002402049
252,222,0.0,0.0020782123
252,223,0.0,0.0034214524
252,224,0.0,0.0027247202
252,225,0.0,0.0024128496
252,226,0.0,0.00252594
252,227,0.0,0.0024983748
252,228,0.0,0.0016789697
252,229,0.0,0.0027779988
252,230,0.0,0.0020403117
252,231,0.0,0.0020734547
252,232,0.141993403683374,0.0019875928
252,233,0.0,0.0034676222
252,234,0.0,0.0018612314
252,235,0.0,0.0023412164
252,236,0.0,0.002049514
252,237,0.0,0.0015878901
252,238,0.0,0.0023111505
252,239,0.0,0.0026371246
252,240,0.0,0.0020359224
252,241,0.0,0.0031779925
252,242,0.0,0.0021457751
252,243,0.0,0.003193153
252,244,0.0,0.0034459876
252,245,0.0,0.003405468
252,246,0.0,0.002787992
252,247,0.0,0.0026852465
252,248,0.0,0.002474228
252,249,0.0,0.0014885655
252,250,-0.139178252314398,0.0027860114
252,251,0.147261705511122,0.0036209975
252,252,0.525272158905864,0.030703487
252,253,-0.14838988327643,0.0024422402
252,254,0.0,0.0016888101
252,255,0.0,0.0034978106
252,256,-0.152008979344755,0.0036314144
252,257,0.0,0.0027220408
252,258,0.0,0.0027501765
252,259,0.158885669400848,0.0022881897
252,260,0.0,0.0032765176
252,261,0.0,0.002320861
252,262,0.0,0.0033184993
252,263,0.0,0.0024049557
252,264,0.0,0.0017669778
252,265,-0.158896530021436,0.0027541541
252,266,0.0,0.002572341
252,267,0.0,0.0021179179
252,268,0.0,0.0026285532
253,1,0.0,0.0019422295
253,2,0.0,0.0019890713
253,3,0.0,0.002075274
253,4,0.0,0.0023744488
253,5,-0.131951905393366,0.0026102276
253,6,0.144723453637041,0.0022826972
253,7,0.0,0.0024347133
253,8,0.0,0.0026891734
253,9,0.0,0.0025277333
253,10,0.0,0.0018204432
253,11,0.152860422501225,0.0023178775
253,12,0.0,0.0016300217
253,13,0.0,0.0016333759
253,14,0.0,0.0027915807
253,15,0.0,0.0025348589
253,16,0.0,0.0022733784
253,17,0.0,0.0019080797
253,18,0.0,0.0025388142
253,19,0.0,0.0020773406
253,20,0.0,0.0024912083
253,21,0.0,0.0018396517
253,22,0.160826323945231,0.0025506108
253,23,0.0,0.002478065
253,24,0.0,0.0028327447
253,25,0.0,0.003047648
253,26,0.0,0.0026030433
253,27,0.0,0.0024712076
253,28,0.0,0.0034995247
253,29,0.0,0.002341065
253,30,0.0,0.0032017855
253,31,0.0,0.0031619156
253,32,0.0,0.0020349817
253,33,0.0,0.0023634029
253,34,0.0,0.0018716324
253,35,0.0,0.0015563993
253,36,0.0,0.0015485277
253,37,0.0,0.0028306134
253,38,0.0,0.0023284443
253,39,0.0,0.0015863855
253,40,0.0,0.0016939039
253,41,0.0,0.0023868228
253,42,0.0,0.0021527838
253,43,0.0,0.0018271501
253,44,0.0,0.0027683843
253,45,0.0,0.0023802617
253,46,0.0,0.0021975143
253,47,0.0,0.0016268492
253,48,0.0,0.0024818308
253,49,0.0,0.0031180615
253,50,0.0,0.0018841703
253,51,0.0,0.0026874077
253,52,0.0,0.003478296
253,53,0.0,0.0027722148
253,54,0.0,0.002411096
253,55,0.0,0.0019629104
253,56,0.0,0.0026698
253,57,0.0,0.0023115529
253,58,0.0,0.0027844985
253,59,0.0,0.0031198044
253,60,0.0,0.0026343865
253,61,0.0,0.002024278
253,62,0.0,0.0023483639
253,63,0.0,0.001883178
253,64,0.0,0.0019710436
253,65,0.0,0.0022987914
253,66,0.0,0.0026935101
253,67,0.14262807479508,0.0031955978
253,68,0.0,0.0023644185
253,69,0.0,0.0023061773
253,70,0.149908919847072,0.0018166117
253,71,0.0,0.0023758584
253,72,0.0,0.0032269289
253,73,0.0,0.0024453895
253,74,0.0,0.0024670567
253,75,0.0,0.0014937758
253,76,0.0,0.0016976353
253,77,0.0,0.0031783497
253,78,0.0,0.0016154135
253,79,0.0,0.0024636807
253,80,0.0,0.0024062796
253,81,0.0,0.0024282145
253,82,0.0,0.0025849002
253,83,0.0,0.0024905866
253,84,0.0,0.002557518
253,85,0.0,0.0018227459
253,86,0.0,0.0026134015
253,87,0.0,0.0019651083
253,88,0.0,0.0025854604
253,89,0.0,0.0014807554
253,90,0.0,0.0017532595
253,91,0.0,0.002991978
253,92,0.0,0.001915847
253,93,0.0,0.0016410253
253,94,0.0,0.0024304613
253,95,0.0,0.0025863955
253,96,0.0,0.003633218
253,97,0.0,0.0021486832
253,98,0.0,0.0027701245
253,99,0.0,0.00236153
253,100,-0.143937328086242,0.0014931345
253,101,0.0,0.0025324915
253,102,0.0,0.002290707
253,103,0.0,0.0022689137
253,104,0.0,0.002461906
253,105,0.0,0.0017269878
253,106,0.0,0.0028002295
253,107,0.0,0.001633686
253,108,0.0,0.002606796
253,109,0.0,0.0024457164
253,110,0.0,0.0025766743
253,111,0.0,0.0026878817
253,112,0.0,0.0028495337
253,113,0.0,0.0035375813
253,114,0.0,0.001666538
253,115,0.0,0.002592945
253,116,0.0,0.0026960946
253,117,0.0,0.002774885
253,118,0.0,0.003533843
253,119,-0.140097607356282,0.0031719017
253,120,0.0,0.0027781194
253,121,0.0,0.0033318535
253,122,0.144637634146188,0.0018909499
253,123,0.0,0.0023908056
253,124,0.0,0.0026772371
253,125,0.0,0.0014851177
253,126,0.0,0.002463549
253,127,0.0,0.0019626375
253,128,0.0,0.0017748103
253,129,0.0,0.0020206198
253,130,0.147111388892996,0.0026976857
253,131,0.0,0.0027094684
253,132,0.0,0.0016913405
253,133,0.0,0.0034822067
253,134,0.0,0.002614222
253,135,0.0,0.0024520122
253,136,0.0,0.002180418
253,137,0.0,0.0024681888
253,138,0.0,0.0027166558
253,139,0.0,0.0022233333
253,140,0.0,0.003318348
253,141,0.0,0.0017225551
253,142,0.0,0.0023162537
253,143,0.0,0.0021881512
253,144,0.0,0.0024418538
253,145,0.0,0.002341352
253,146,0.0,0.002181854
253,147,0.0,0.0017879354
253,148,0.0,0.0016133985
253,149,0.146305254634834,0.0017728694
253,150,0.0,0.0023049703
253,151,0.153317539193052,0.0025514076
253,152,0.0,0.0022247494
253,153,0.0,0.0024722787
253,154,0.0,0.0014952961
253,155,0.164012496637314,0.00223675
253,156,0.0,0.0025738934
253,157,0.0,0.0032930751
253,158,0.0,0.0025592474
253,159,0.0,0.0030731796
253,160,0.0,0.001484842
253,161,0.0,0.0028265659
253,162,0.0,0.0023742365
253,163,0.0,0.0024946574
253,164,0.0,0.0014895229
253,165,0.0,0.0026195934
253,166,0.0,0.0021573561
253,167,0.0,0.0026387773
253,168,0.0,0.0026164749
253,169,0.0,0.0032605124
253,170,-0.141535924189038,0.0023734774
253,171,0.0,0.002604778
253,172,0.0,0.002500745
253,173,0.0,0.0020604231
253,174,0.0,0.0024764119
253,175,0.0,0.0018334226
253,176,0.0,0.0023500137
253,177,-0.156184489817925,0.0016518855
253,178,0.0,0.0014830492
253,179,0.0,0.0025351113
253,180,0.0,0.0023753108
253,181,-0.148687409437934,0.0024795248
253,182,0.0,0.0019392455
253,183,0.157192167081793,0.0019177645
253,184,0.0,0.0014863783
253,185,0.0,0.0023176367
253,186,0.0,0.0024431376
253,187,0.0,0.0023809127
253,188,0.0,0.0016806591
253,189,0.0,0.0031117066
253,190,0.0,0.0022083912
253,191,0.0,0.0026117363
253,192,0.0,0.0027586906
253,193,0.0,0.0025043613
253,194,0.0,0.0026467047
253,195,0.0,0.0014993078
253,196,0.0,0.002211866
253,197,0.0,0.0034780297
253,198,0.0,0.0016044588
253,199,0.0,0.0022779433
253,200,0.0,0.0027780128
253,201,0.0,0.0021849703
253,202,0.0,0.0030953288
253,203,0.0,0.0026129922
253,204,-0.144075331713806,0.0019451617
253,205,0.0,0.0024677464
253,206,0.0,0.0014925757
253,207,0.0,0.0032195984
253,208,0.0,0.0014678412
253,209,0.0,0.003056095
253,210,0.0,0.002456502
253,211,0.0,0.0026103342
253,212,0.0,0.002328271
253,213,0.0,0.0030404273
253,214,0.0,0.0026062652
253,215,0.0,0.0014949581
253,216,0.0,0.002007605
253,217,0.0,0.0033076005
253,218,0.0,0.0026717
253,219,0.0,0.0017383392
253,220,0.0,0.0024597119
253,221,0.0,0.0015011285
253,222,0.0,0.0025222707
253,223,0.0,0.003305918
253,224,0.0,0.0027852077
253,225,0.0,0.001679061
253,226,0.0,0.0026361975
253,227,0.0,0.0015756041
253,228,0.0,0.0016292874
253,229,0.0,0.002154274
253,230,0.0,0.0018386422
253,231,0.0,0.0014776462
253,232,0.0,0.002645493
253,233,0.0,0.0014937934
253,234,0.0,0.0025129109
253,235,0.0,0.0017789858
253,236,0.0,0.0024236306
253,237,0.0,0.002154463
253,238,0.139103667429894,0.0026608282
253,239,0.0,0.0025018025
253,240,0.0,0.0024708202
253,241,0.0,0.0025109393
253,242,0.0,0.0026184344
253,243,0.0,0.0026139896
253,244,0.0,0.0023889565
253,245,0.0,0.0014986494
253,246,0.0,0.0036164299
253,247,0.0,0.0018186984
253,248,0.0,0.002241911
253,249,0.137887734905559,0.002517594
253,250,0.0,0.0022810898
253,251,0.0,0.0027830722
253,252,0.0,0.0024422402
253,253,0.590154692064971,0.030703487
253,254,0.0,0.00197076
253,255,0.0,0.0026843399
253,256,0.0,0.002327471
253,257,0.0,0.0024388894
253,258,0.0,0.0031912252
253,259,-0.149421993298415,0.0029616887
253,260,0.0,0.0023258831
253,261,0.0,0.002502847
253,262,0.0,0.0014984338
253,263,0.0,0.0023801425
253,264,0.0,0.0022293436
253,265,0.14943220702998,0.0025293496
253,266,0.0,0.0015802695
253,267,0.0,0.0035177362
253,268,0.0,0.0023902752
254,1,0.0,0.0023418204
254,2,0.0,0.002727782
254,3,0.0,0.0014933744
254,4,0.0,0.0016139317
254,5,0.0,0.0027001812
254,6,0.0,0.001945674
254,7,0.0,0.0041644378
254,8,0.0,0.0024249218
254,9,0.0,0.0022558258
254,10,0.0,0.0035273195
254,11,0.0,0.0032406459
254,12,0.0,0.0027698535
254,13,0.0,0.0019880598
254,14,0.0,0.0014736028
254,15,0.0,0.0021517063
254,16,0.0,0.0019254591
254,17,0.0,0.002156993
254,18,0.0,0.0025320211
254,19,0.0,0.0025844476
254,20,0.0,0.00202984
254,21,0.0,0.0026143258
254,22,0.0,0.002397141
254,23,0.0,0.0023753722
254,24,0.0,0.0016591838
254,25,0.0,0.0028680195
254,26,0.0,0.0026482646
254,27,0.0,0.0014941334
254,28,0.0,0.0020514592
254,29,0.0,0.0018171952
254,30,0.158842634409191,0.0019539278
254,31,0.0,0.0023628878
254,32,0.0,0.0016179942
254,33,0.0,0.0023871106
254,34,0.0,0.0019495613
254,35,0.0,0.0019044513
254,36,0.0,0.0014790879
254,37,0.0,0.0015299777
254,38,0.0,0.002570332
254,39,0.0,0.0023155832
254,40,0.0,0.0017485837
254,41,0.0,0.0014920691
254,42,0.0,0.0020264117
254,43,0.0,0.0019937637
254,44,-0.140510874329053,0.002410408
254,45,0.0,0.0026480858
254,46,0.0,0.0026663258
254,47,0.0,0.0015181415
254,48,0.0,0.0035340958
254,49,0.141891595016613,0.002540105
254,50,0.0,0.0020989743
254,51,0.0,0.0014742007
254,52,0.0,0.0032758396
254,53,0.0,0.0034419326
254,54,0.0,0.0017938544
254,55,0.0,0.0017409758
254,56,0.149378045515955,0.0026281755
254,57,0.0,0.0014969632
254,58,0.0,0.0020807916
254,59,0.0,0.0017734971
254,60,0.0,0.0017527617
254,61,0.0,0.0014817896
254,62,0.0,0.0022747503
254,63,0.0,0.0018904712
254,64,0.0,0.00235866
254,65,-0.187496833644342,0.0015542144
254,66,0.0,0.0014817514
254,67,0.0,0.0016199644
254,68,0.0,0.0015850333
254,69,0.0,0.0016743867
254,70,0.0,0.0016369503
254,71,0.0,0.0024921726
254,72,0.0,0.001497183
254,73,0.0,0.001740071
254,74,0.0,0.0014983565
254,75,0.0,0.0014741337
254,76,0.0,0.0016644774
254,77,0.0,0.003556847
254,78,0.0,0.0034560054
254,79,0.170668963974909,0.0014961516
254,80,0.0,0.0016235653
254,81,0.0,0.0019048275
254,82,0.0,0.0026763342
254,83,0.0,0.002290335
254,84,0.0,0.0024725413
254,85,0.0,0.0026343493
254,86,0.0,0.003262946
254,87,0.0,0.0015293313
254,88,0.0,0.0023816195
254,89,-0.149509641870963,0.0018567299
254,90,0.0,0.0016178763
254,91,0.0,0.0021823067
254,92,0.0,0.0026127133
254,93,0.0,0.0026324983
254,94,0.152437998405547,0.003620007
254,95,0.0,0.0017080219
254,96,0.0,0.0015939567
254,97,0.0,0.002739997
254,98,0.0,0.0024234094
254,99,0.0,0.0026062112
254,100,0.0,0.0014941744
254,101,0.0,0.0017413637
254,102,0.0,0.0021809964
254,103,0.0,0.0017722235
254,104,0.0,0.0025350722
254,105,0.0,0.0024514315
254,106,0.0,0.0023030397
254,107,0.0,0.004669884
254,108,0.0,0.001740843
254,109,0.0,0.0020016506
254,110,0.0,0.002296526
254,111,0.164897868212573,0.0021396987
254,112,0.163183201075934,0.0027343212
254,113,0.0,0.001495657
254,114,0.0,0.0018857862
254,115,0.0,0.002499681
254,116,0.0,0.0022483612
254,117,-0.136819008977304,0.001695496
254,118,0.0,0.0024236022
254,119,0.0,0.002269986
254,120,0.0,0.0019639824
254,121,0.0,0.0014772383
254,122,0.0,0.0027883067
254,123,0.0,0.0025300412
254,124,0.0,0.0014788606
254,125,0.0,0.0021172427
254,126,0.0,0.0014819447
254,127,0.153425455729985,0.0019218358
254,128,0.0,0.0026147305
254,129,0.0,0.0018881597
254,130,0.0,0.0015434786
254,131,0.0,0.001495616
254,132,0.0,0.0014728308
254,133,0.0,0.0016726502
254,134,0.0,0.0033154134
254,135,0.0,0.0019812426
254,136,0.0,0.0036294982
254,137,0.0,0.002230004
254,138,0.140765307150798,0.0024237935
254,139,-0.139916477285176,0.002330938
254,140,0.0,0.002833549
254,141,0.0,0.0014902046
254,142,0.0,0.0015819585
254,143,0.0,0.0018008957
254,144,0.0,0.0031228084
254,145,0.0,0.0014913846
254,146,0.0,0.002508514
254,147,0.0,0.0027633999
254,148,0.0,0.002929879
254,149,0.0,0.0027441485
254,150,0.0,0.0021053087
254,151,0.0,0.0025275932
254,152,0.0,0.0025076494
254,153,0.0,0.0029700212
254,154,0.0,0.0014583683
254,155,0.0,0.0023745536
254,156,0.0,0.0028527132
254,157,0.0,0.0027646455
254,158,0.0,0.0030264277
254,159,-0.149226080784574,0.00253056
254,160,0.0,0.002435851
254,161,0.0,0.0014739968
254,162,0.0,0.0014816462
254,163,0.0,0.0027223178
254,164,0.0,0.0014825226
254,165,0.0,0.002359307
254,166,0.0,0.0019300268
254,167,0.0,0.0018969541
254,168,0.0,0.0024883864
254,169,0.0,0.0016987124
254,170,0.0,0.003158541
254,171,0.0,0.0025882656
254,172,0.0,0.002567106
254,173,0.0,0.0024691285
254,174,0.0,0.002839746
254,175,0.0,0.002422594
254,176,0.0,0.0014649876
254,177,0.0,0.0016495492
254,178,-0.147683099691596,0.0026051295
254,179,0.0,0.0026078722
254,180,-0.153834657554009,0.0020835372
254,181,0.0,0.0027649598
254,182,0.157445571463488,0.0014955928
254,183,0.0,0.0014922405
254,184,0.0,0.0018226937
254,185,0.0,0.0018893271
254,186,0.0,0.002283196
254,187,0.0,0.0030733007
254,188,0.0,0.0035638562
254,189,0.0,0.0016125562
254,190,0.0,0.0027376362
254,191,0.0,0.0023731063
254,192,0.0,0.0030769175
254,193,0.0,0.001559576
254,194,0.0,0.0024577985
254,195,0.0,0.0027023708
254,196,0.0,0.001493508
254,197,0.0,0.0018628025
254,198,0.0,0.0014606002
254,199,0.0,0.002252507
254,200,0.0,0.0014841445
254,201,0.0,0.0025502667
254,202,0.0,0.0025932095
254,203,0.148813062535241,0.0015242314
254,204,0.0,0.0017327997
254,205,0.0,0.0017408822
254,206,0.0,0.0014955583
254,207,0.0,0.002536994
254,208,0.0,0.0025101295
254,209,0.0,0.0025362144
254,210,0.0,0.002480926
254,211,0.0,0.0023186142
254,212,0.0,0.0022954354
254,213,0.152366561479911,0.0023461804
254,214,0.154667174878889,0.004247183
254,215,0.0,0.0026973397
254,216,0.0,0.0025442173
254,217,0.0,0.0016940394
254,218,0.0,0.0049444623
254,219,0.0,0.0025861976
254,220,0.0,0.0025464073
254,221,0.0,0.002612466
254,222,0.0,0.001492355
254,223,0.0,0.0017815125
254,224,0.0,0.0024526697
254,225,0.0,0.0016525891
254,226,0.0,0.0017528669
254,227,-0.148341443934964,0.0019472055
254,228,0.0,0.0027962066
254,229,0.0,0.0017472007
254,230,0.0,0.0033223517
254,231,0.0,0.002555355
254,232,0.0,0.0027718302
254,233,0.0,0.0020901263
254,234,0.0,0.0027590361
254,235,0.0,0.0016305074
254,236,0.0,0.0014928482
254,237,0.0,0.0014611073
254,238,0.0,0.001490152
254,239,-0.146486539811196,0.0023935619
254,240,0.0,0.0014959164
254,241,0.0,0.0017571184
254,242,0.0,0.0025310162
254,243,0.0,0.0018531969
254,244,0.0,0.003196645
254,245,0.0,0.0016409345
254,246,0.0,0.002423976
254,247,0.0,0.0035006972
254,248,0.0,0.0029047593
254,249,0.143488434299584,0.0015137237
254,250,0.0,0.002469705
254,251,0.0,0.0018836171
254,252,0.149766447470694,0.0016888101
254,253,0.0,0.00197076
254,254,0.0,0.030703487
254,255,0.0,0.001853447
254,256,0.0,0.002787923
254,257,0.0,0.0021353476
254,258,0.146330283961545,0.0036177398
254,259,0.0,0.0019273288
254,260,0.0,0.0021688584
254,261,0.0,0.0022051902
254,262,0.0,0.0023070541
254,263,0.0,0.0017636754
254,264,0.140018437164638,0.0024188026
254,265,0.0,0.0015960559
254,266,0.0,0.0030286093
254,267,0.0,0.0025420645
254,268,0.0,0.0017418517
255,1,0.0,0.002746914
255,2,0.0,0.00246601
255,3,0.0,0.0015079915
255,4,0.0,0.0024234126
255,5,0.0,0.0035822685
255,6,0.0,0.0019228193
255,7,0.0,0.002285934
255,8,0.0,0.0015620831
255,9,0.0,0.0032159444
255,10,-0.147981180764794,0.0024732957
255,11,0.0,0.0026896573
255,12,0.0,0.0036066612
255,13,0.0,0.002471665
255,14,0.0,0.002208076
255,15,0.0,0.002746061
255,16,0.0,0.0025193263
255,17,0.0,0.0032031573
255,18,0.0,0.0019321735
255,19,0.0,0.0016949708
255,20,0.0,0.002634522
255,21,0.0,0.002830118
255,22,0.0,0.0030191299
255,23,0.0,0.00358789
255,24,0.0,0.0027475376
255,25,0.0,0.0025516343
255,26,0.0,0.0033498164
255,27,0.0,0.0016158372
255,28,0.0,0.0025991965
255,29,0.0,0.0026584705
255,30,0.0,0.002743184
255,31,0.0,0.003621459
255,32,0.0,0.001690784
255,33,0.0,0.002775414
255,34,0.0,0.0019645318
255,35,-0.14719823914288,0.0027754223
255,36,0.0,0.0024797413
255,37,0.0,0.0016268105
255,38,0.0,0.0024673417
255,39,0.0,0.002571341
255,40,0.0,0.0027640024
255,41,0.0,0.0035482836
255,42,0.141419966071833,0.0016096709
255,43,0.0,0.0026766323
255,44,0.0,0.0023218696
255,45,0.0,0.0032372726
255,46,0.0,0.001524556
255,47,0.0,0.0024885768
255,48,0.0,0.0020536021
255,49,0.0,0.002215989
255,50,0.0,0.0023504584
255,51,0.0,0.0028963261
255,52,0.0,0.0017929892
255,53,0.142102602208063,0.002253464
255,54,0.0,0.0016748542
255,55,-0.155971069362697,0.0030866745
255,56,0.0,0.0016688704
255,57,0.0,0.0022476465
255,58,0.0,0.0021611615
255,59,0.0,0.0016649514
255,60,0.0,0.0025066463
255,61,0.0,0.0014991285
255,62,0.0,0.0025889133
255,63,0.0,0.001539852
255,64,0.0,0.0023437175
255,65,0.0,0.0017767111
255,66,0.0,0.0018736534
255,67,0.0,0.0017692805
255,68,0.0,0.0026001134
255,69,0.0,0.0036279885
255,70,0.0,0.0024353056
255,71,0.0,0.0022923225
255,72,0.140284196591764,0.0021386114
255,73,0.0,0.0026356098
255,74,0.0,0.0014694999
255,75,0.0,0.0024488708
255,76,0.0,0.001690438
255,77,0.0,0.0033767507
255,78,0.0,0.0035224403
255,79,0.0,0.0022648093
255,80,0.0,0.0024734722
255,81,0.0,0.0024995725
255,82,0.0,0.0023946129
255,83,0.0,0.0029268526
255,84,0.0,0.0021688668
255,85,0.0,0.002435903
255,86,0.0,0.0025519505
255,87,0.0,0.003296584
255,88,0.0,0.0024273684
255,89,0.145215388568725,0.0015968531
255,90,0.153887894289077,0.002333071
255,91,0.0,0.0032533277
255,92,0.0,0.0022084513
255,93,0.0,0.002475921
255,94,0.0,0.0021223035
255,95,0.0,0.0026215632
255,96,0.153345638311153,0.0032085353
255,97,0.0,0.002094525
255,98,0.0,0.0017398619
255,99,0.150002455268201,0.0025447556
255,100,0.0,0.0022717048
255,101,0.0,0.0023837788
255,102,0.0,0.0023666183
255,103,0.0,0.0034679566
255,104,0.0,0.0019866438
255,105,0.0,0.0018163174
255,106,0.0,0.0021011373
255,107,0.0,0.0017376901
255,108,0.0,0.001947159
255,109,0.0,0.002391161
255,110,0.0,0.0029259361
255,111,0.0,0.0032953578
255,112,0.0,0.003209168
255,113,0.0,0.0032228013
255,114,0.0,0.0025594165
255,115,0.0,0.0023061754
255,116,0.0,0.0027182843
255,117,0.0,0.0023571793
255,118,0.0,0.002606763
255,119,0.0,0.0023765625
255,120,0.0,0.002237375
255,121,0.0,0.0014991332
255,122,0.0,0.0035238606
255,123,0.0,0.0023232526
255,124,-0.150850616898865,0.002774071
255,125,0.0,0.0027242387
255,126,0.0,0.0017613778
255,127,0.0,0.0017216406
255,128,0.0,0.0016615205
255,129,0.0,0.002194479
255,130,0.0,0.0024446999
255,131,0.0,0.0035200026
255,132,0.0,0.0021167519
255,133,0.0,0.0022257958
255,134,0.0,0.0027725268
255,135,0.0,0.0024391068
255,136,0.0,0.003447514
255,137,0.0,0.0015519015
255,138,0.0,0.0025722147
255,139,0.0,0.0030315067
255,140,0.0,0.0027062902
255,141,0.165138049319686,0.0025054873
255,142,0.153044187193908,0.0022268612
255,143,0.0,0.0024403306
255,144,0.0,0.0025511943
255,145,0.0,0.0023670653
255,146,0.0,0.001892108
255,147,0.0,0.002513769
255,148,0.0,0.0025774972
255,149,0.0,0.0024416987
255,150,0.0,0.0032548858
255,151,0.0,0.0020260895
255,152,0.0,0.0032927482
255,153,0.0,0.0027845702
255,154,0.0,0.0014875843
255,155,-0.165772176261664,0.0025505535
255,156,0.0,0.0016259924
255,157,0.0,0.0024228427
255,158,0.0,0.0023428304
255,159,0.0,0.0027762786
255,160,-0.149038199195299,0.002403994
255,161,0.0,0.0021560886
255,162,0.0,0.002412031
255,163,0.0,0.002373993
255,164,0.0,0.0023775809
255,165,0.0,0.0018976349
255,166,0.156861091841459,0.003522077
255,167,0.0,0.0027581695
255,168,0.0,0.0026393696
255,169,0.0,0.0023554722
255,170,0.0,0.0017953482
255,171,-0.150115818132434,0.0034425152
255,172,0.0,0.002425118
255,173,0.0,0.002771102
255,174,0.0,0.0018941695
255,175,0.0,0.0035961303
255,176,0.0,0.0025052326
255,177,0.0,0.001822826
255,178,0.0,0.002187387
255,179,0.0,0.002563422
255,180,0.0,0.0020478629
255,181,0.0,0.002783108
255,182,0.0,0.0024922537
255,183,0.0,0.003487315
255,184,0.0,0.0018643662
255,185,0.0,0.002422119
255,186,-0.136705025872994,0.0017611552
255,187,0.0,0.003523461
255,188,0.0,0.002593353
255,189,0.0,0.00184135
255,190,0.0,0.0026565045
255,191,0.0,0.0025090836
255,192,0.0,0.0017391089
255,193,0.0,0.0016344637
255,194,0.0,0.002716998
255,195,0.0,0.0033427537
255,196,0.0,0.003097198
255,197,0.0,0.0027618464
255,198,0.0,0.0023002252
255,199,0.0,0.00230315
255,200,0.0,0.0017223954
255,201,0.0,0.003188319
255,202,0.0,0.002442468
255,203,0.0,0.0018880414
255,204,0.0,0.00246794
255,205,0.0,0.0017433618
255,206,0.0,0.0023988467
255,207,0.0,0.0024081576
255,208,0.0,0.0026279562
255,209,0.0,0.0029945727
255,210,0.0,0.0024695387
255,211,0.0,0.0028773723
255,212,-0.148228716857824,0.0023800842
255,213,0.0,0.0025477516
255,214,0.0,0.0024763583
255,215,0.0,0.0027812342
255,216,0.0,0.002439716
255,217,0.0,0.0030002417
255,218,0.0,0.001968855
255,219,0.0,0.0016644769
255,220,0.0,0.0025120778
255,221,0.0,0.0028188685
255,222,0.0,0.002985415
255,223,0.0,0.002350707
255,224,0.0,0.0018899972
255,225,0.0,0.0024819481
255,226,0.0,0.0017414689
255,227,0.0,0.0024962737
255,228,0.0,0.0022315239
255,229,0.0,0.0031605186
255,230,0.0,0.0014975145
255,231,0.0,0.003632836
255,232,0.0,0.001705951
255,233,0.0,0.0035712179
255,234,0.0,0.0018531266
255,235,-0.151939516294754,0.0023375
255,236,0.0,0.0022769715
255,237,0.0,0.0025326447
255,238,0.0,0.0023495439
255,239,0.0,0.0014887587
255,240,0.0,0.0024617137
255,241,0.0,0.0027605356
255,242,0.0,0.0021721637
255,243,-0.141854542318025,0.0025007338
255,244,-0.151569711063887,0.0019785883
255,245,0.0,0.0018658973
255,246,0.0,0.002695472
255,247,0.0,0.0026145182
255,248,0.0,0.0026960378
255,249,0.0,0.0022964533
255,250,0.0,0.0018828404
255,251,0.0,0.0025029783
255,252,0.0,0.0034978106
255,253,0.0,0.0026843399
255,254,0.15100929855062,0.001853447
255,255,0.132864243583754,0.030703487
255,256,0.0,0.002156015
255,257,0.0,0.00248328
255,258,0.0,0.002190479
255,259,0.0,0.0026966017
255,260,0.0,0.0019422108
255,261,0.0,0.0022155144
255,262,0.0,0.0017986256
255,263,0.0,0.0023482693
255,264,0.0,0.0023834747
255,265,0.0,0.0020819441
255,266,0.0,0.0021671308
255,267,0.0,0.0029152902
255,268,0.0,0.00199957
256,1,0.0,0.0022577667
256,2,0.0,0.0027694022
256,3,0.0,0.002502751
256,4,0.0,0.0024029296
256,5,-0.123322871390205,0.0024607847
256,6,0.0,0.0030389144
256,7,0.0,0.002550426
256,8,0.0,0.0025746333
256,9,0.0,0.0018733814
256,10,0.0,0.0027992735
256,11,0.0,0.0023849835
256,12,0.0,0.0018561683
256,13,0.0,0.002483136
256,14,0.0,0.0021195784
256,15,0.0,0.0019164919
256,16,0.0,0.001930635
256,17,0.0,0.0027403808
256,18,0.0,0.001532075
256,19,0.0,0.0026234747
256,20,0.0,0.0024333848
256,21,0.0,0.0023545516
256,22,0.0,0.0023242217
256,23,0.0,0.002477895
256,24,0.0,0.0018247394
256,25,0.0,0.0023578666
256,26,0.0,0.0026749154
256,27,0.0,0.0015265043
256,28,0.0,0.0017292076
256,29,0.0,0.0028640777
256,30,0.0,0.0024699834
256,31,0.0,0.0033323155
256,32,0.0,0.0024666404
256,33,-0.127225089503469,0.0020198738
256,34,0.0,0.0022293846
256,35,0.0,0.0022248677
256,36,0.0,0.0017669778
256,37,0.0,0.002932292
256,38,0.0,0.0019011684
256,39,0.0,0.002479359
256,40,0.0,0.002482274
256,41,0.0,0.0018115588
256,42,0.0,0.0027287803
256,43,0.0,0.0023809802
256,44,0.0,0.001831179
256,45,0.0,0.0034804312
256,46,0.0,0.002497674
256,47,0.0,0.0016632071
256,48,0.0,0.003055904
256,49,0.0,0.0019243495
256,50,0.0,0.0024125278
256,51,0.0,0.0014784099
256,52,0.0,0.0019292044
256,53,0.0,0.0025502131
256,54,0.0,0.0027833227
256,55,0.0,0.0026500765
256,56,0.0,0.0025490657
256,57,0.0,0.0020669582
256,58,0.0,0.0030180188
256,59,0.0,0.0031055016
256,60,0.0,0.0025498974
256,61,0.0,0.0017011673
256,62,0.0,0.0016539786
256,63,0.0,0.002493734
256,64,0.0,0.0032599322
256,65,0.0,0.0014949022
256,66,0.0,0.0023522424
256,67,0.0,0.001607819
256,68,0.0,0.0025023338
256,69,0.0,0.0025393078
256,70,0.0,0.0024976865
256,71,0.0,0.00194147
256,72,0.0,0.0027692616
256,73,0.0,0.0021690526
256,74,0.0,0.0017626146
256,75,0.0,0.0020480133
256,76,0.0,0.00310216
256,77,0.0,0.002858243
256,78,0.0,0.0024843197
256,79,0.0,0.0022061425
256,80,0.0,0.0027713631
256,81,0.0,0.0024430095
256,82,0.0,0.0030577532
256,83,0.0,0.0023745014
256,84,0.0,0.0014879839
256,85,-0.141363084719979,0.0016696709
256,86,0.0,0.0016406765
256,87,0.0,0.0017594504
256,88,0.0,0.0021394715
256,89,0.0,0.0023875874
256,90,0.0,0.0018858272
256,91,0.0,0.0032619121
256,92,0.0,0.002267744
256,93,0.0,0.0035217064
256,94,0.0,0.0014685034
256,95,0.0,0.0014963141
256,96,0.0,0.002610752
256,97,0.0,0.002373485
256,98,0.0,0.0027507767
256,99,0.0,0.0024116966
256,100,0.0,0.002492797
256,101,0.0,0.0024610618
256,102,0.0,0.002199239
256,103,0.0,0.002582626
256,104,0.0,0.0025207046
256,105,-0.130388794050473,0.0016415697
256,106,0.144645887812429,0.0018058368
256,107,0.0,0.0028247973
256,108,0.0,0.003478455
256,109,0.0,0.0026139943
256,110,0.0,0.002298269
256,111,0.0,0.001710291
256,112,0.0,0.001660143
256,113,0.0,0.0018148427
256,114,0.0,0.0014903564
256,115,0.0,0.001995158
256,116,0.0,0.0023613512
256,117,0.0,0.0021473467
256,118,0.133590163523718,0.0024090642
256,119,0.0,0.0025506243
256,120,0.0,0.0023932029
256,121,0.0,0.0022394876
256,122,0.0,0.0024171444
256,123,0.0,0.0023292056
256,124,0.0,0.0014794637
256,125,0.0,0.0023305872
256,126,0.0,0.0026580184
256,127,0.0,0.0027289726
256,128,0.0,0.0018653194
256,129,0.0,0.0014870218
256,130,0.137490995968577,0.002220606
256,131,0.0,0.0027298895
256,132,0.0,0.0033141328
256,133,0.0,0.0035939505
256,134,0.0,0.0027587
256,135,0.0,0.0025913883
256,136,0.0,0.0015372946
256,137,-0.136184223030578,0.0021590022
256,138,0.0,0.00336918
256,139,0.0,0.0019779974
256,140,0.0,0.0019099279
256,141,0.0,0.0014779363
256,142,0.0,0.0024223886
256,143,0.0,0.0015671588
256,144,0.0,0.0018342491
256,145,0.0,0.0025932295
256,146,0.0,0.0015720958
256,147,0.0,0.0033431365
256,148,0.0,0.0034417273
256,149,0.0,0.0025469419
256,150,0.0,0.0014805403
256,151,0.0,0.0019015796
256,152,0.0,0.0021526688
256,153,0.0,0.0022930554
256,154,0.0,0.0020464412
256,155,0.0,0.002402543
256,156,-0.137671913548892,0.002051578
256,157,0.0,0.0025394866
256,158,0.0,0.0031341482
256,159,0.0,0.002369848
256,160,0.0,0.0024863165
256,161,0.0,0.0024608583
256,162,0.0,0.001918891
256,163,0.0,0.0016425028
256,164,0.0,0.0024503325
256,165,0.0,0.002700522
256,166,0.0,0.0014800448
256,167,-0.131350128395878,0.0016201055
256,168,0.0,0.0016020741
256,169,0.0,0.0016357433
256,170,0.0,0.0026495326
256,171,0.0,0.0023166803
256,172,0.0,0.0034760423
256,173,0.0,0.0025085094
256,174,0.0,0.0022364412
256,175,0.0,0.003567434
256,176,0.0,0.003590492
256,177,0.0,0.0024134973
256,178,0.0,0.0019175285
256,179,0.0,0.0027477653
256,180,0.0,0.0033646855
256,181,0.0,0.003022567
256,182,0.0,0.0029659532
256,183,0.0,0.0014954084
256,184,0.0,0.0026562298
256,185,0.0,0.0024114642
256,186,0.0,0.0021203142
256,187,0.0,0.0025325273
256,188,0.0,0.0026119319
256,189,0.0,0.0026203147
256,190,0.0,0.0016517038
256,191,0.0,0.0022328296
256,192,0.0,0.0018104254
256,193,0.0,0.0014587389
256,194,0.0,0.0027666274
256,195,0.0,0.0033945213
256,196,0.0,0.0026491317
256,197,0.0,0.0035127038
256,198,0.0,0.0018698773
256,199,0.0,0.0027038003
256,200,0.0,0.0022560535
256,201,0.0,0.0016901335
256,202,0.0,0.001724116
256,203,0.0,0.0024629226
256,204,0.0,0.0021686899
256,205,0.0,0.0034647007
256,206,0.0,0.0031807492
256,207,0.151032000368779,0.0024454729
256,208,0.0,0.0033192118
256,209,0.0,0.0024078637
256,210,0.0,0.0017686379
256,211,0.140447195034069,0.0022867029
256,212,0.0,0.002386544
256,213,0.0,0.0014924738
256,214,0.0,0.0024350248
256,215,0.0,0.0025413372
256,216,0.0,0.0025395597
256,217,0.0,0.0015259236
256,218,0.0,0.002042247
256,219,0.0,0.0014873203
256,220,0.0,0.0026127044
256,221,0.0,0.0019450514
256,222,0.0,0.002130378
256,223,0.0,0.0017706561
256,224,0.0,0.0034989384
256,225,0.0,0.0015203874
256,226,0.0,0.002738527
256,227,0.0,0.002640788
256,228,0.0,0.0027890354
256,229,0.0,0.002413719
256,230,0.0,0.0019223657
256,231,0.131492198270487,0.0024834727
256,232,0.0,0.0018540621
256,233,0.137278418479543,0.0015391237
256,234,0.0,0.0035287421
256,235,0.0,0.0029819557
256,236,0.0,0.0017620316
256,237,0.0,0.0014896942
256,238,-0.130006941826436,0.0021109344
256,239,0.0,0.0025892663
256,240,0.124928109751344,0.0017814073
256,241,0.0,0.0015948657
256,242,-0.134548808701347,0.001471817
256,243,0.0,0.002111304
256,244,0.0,0.003493207
256,245,0.0,0.002425598
256,246,0.0,0.0028204275
256,247,0.0,0.0021384899
256,248,0.0,0.0036081625
256,249,0.0,0.0031305966
256,250,0.0,0.0027216705
256,251,0.0,0.002596938
256,252,0.0,0.0036314144
256,253,0.0,0.002327471
256,254,0.0,0.002787923
256,255,0.0,0.002156015
256,256,0.0,0.030703487
256,257,0.0,0.0017199912
256,258,0.0,0.002158837
256,259,0.0,0.0034592203
256,260,0.0,0.0022404096
256,261,0.0,0.0023330557
256,262,0.0,0.002583026
256,263,0.0,0.0027898178
256,264,0.0,0.0015186877
256,265,0.0,0.0025612228
256,266,0.0,0.0027150763
256,267,0.0,0.002389459
256,268,0.0,0.002305653
257,1,0.0,0.0024713576
257,2,0.0,0.0035708514
257,3,0.0,0.0023564766
257,4,0.158402126929787,0.0035125385
257,5,0.0,0.00156355
257,6,0.0,0.0027468242
257,7,0.0,0.0027460917
257,8,0.0,0.003490802
257,9,-0.149440779942496,0.0027891211
257,10,0.0,0.0016997294
257,11,0.0,0.0034838985
257,12,0.0,0.003601491
257,13,0.0,0.0031699976
257,14,0.0,0.0025270744
257,15,0.0,0.0035517854
257,16,0.0,0.00323547
257,17,0.0,0.0028279861
257,18,0.0,0.002299456
257,19,0.0,0.003205744
257,20,0.0,0.0025885715
257,21,0.0,0.0032271254
257,22,0.0,0.0023088697
257,23,0.0,0.0031844093
257,24,0.0,0.0021172706
257,25,0.0,0.0015604934
257,26,0.159186835223481,0.003197874
257,27,0.0,0.002634299
257,28,0.0,0.0034562917
257,29,0.0,0.0022128425
257,30,0.0,0.0026108087
257,31,0.0,0.00261355
257,32,0.0,0.002745017
257,33,0.0,0.0029547727
257,34,0.0,0.001909832
257,35,0.0,0.0024577044
257,36,0.0,0.003276274
257,37,0.0,0.0020060944
257,38,0.0,0.0029375264
257,39,0.0,0.0024020956
257,40,0.154715736427771,0.0015484365
257,41,0.0,0.0032419167
257,42,0.0,0.0024803057
257,43,0.0,0.0024591256
257,44,0.0,0.0025162622
257,45,0.0,0.002311139
257,46,0.0,0.0016345605
257,47,0.0,0.0033235494
257,48,0.0,0.0034443876
257,49,0.0,0.002069876
257,50,0.0,0.0018189815
257,51,0.0,0.0025524385
257,52,0.0,0.0027719229
257,53,0.0,0.0031327591
257,54,0.0,0.0023854864
257,55,0.0,0.003301253
257,56,0.0,0.0033479128
257,57,0.0,0.002781299
257,58,0.0,0.0019605672
257,59,0.0,0.0033639274
257,60,0.0,0.0026086182
257,61,0.0,0.0031056996
257,62,0.0,0.0023054606
257,63,0.0,0.0027514142
257,64,0.0,0.0025588134
257,65,0.0,0.002610756
257,66,0.0,0.0026414194
257,67,0.0,0.0027085464
257,68,0.0,0.0018080357
257,69,0.0,0.0026840498
257,70,0.157738959764789,0.0026366753
257,71,0.0,0.0031511695
257,72,0.0,0.0035813483
257,73,0.0,0.0032348242
257,74,0.0,0.003144743
257,75,-0.144651165212098,0.0024977499
257,76,0.155822816391449,0.0023943256
257,77,0.0,0.003351722
257,78,0.0,0.0028182096
257,79,0.172573771497516,0.002434025
257,80,0.0,0.0021994603
257,81,0.0,0.0025577843
257,82,0.0,0.003266987
257,83,0.170428997556119,0.001936595
257,84,0.0,0.0027462044
257,85,0.159154729492176,0.0036204155
257,86,0.0,0.0036278157
257,87,0.0,0.002391262
257,88,0.0,0.0024921307
257,89,0.0,0.003570572
257,90,0.0,0.0022145277
257,91,0.0,0.0026391344
257,92,0.0,0.002772376
257,93,0.0,0.0023832177
257,94,0.0,0.0026742038
257,95,0.0,0.0035484675
257,96,0.0,0.0016484447
257,97,0.0,0.002362282
257,98,0.0,0.0027636872
257,99,0.0,0.002479604
257,100,0.0,0.003396619
257,101,0.0,0.0026434967
257,102,0.0,0.0031375438
257,103,0.0,0.0016102092
257,104,0.0,0.0023896284
257,105,0.146799238903289,0.0015095356
257,106,-0.162850698911561,0.0026014717
257,107,0.0,0.003166941
257,108,0.0,0.0026076664
257,109,0.0,0.0033896547
257,110,0.144552976272393,0.003406159
257,111,0.0,0.0020448263
257,112,0.0,0.002926697
257,113,0.164288639697631,0.0023098467
257,114,0.0,0.0025771875
257,115,0.0,0.0026567248
257,116,0.0,0.002482486
257,117,0.0,0.0023607216
257,118,-0.150403525648503,0.0024968567
257,119,0.0,0.0027758717
257,120,0.0,0.002240568
257,121,0.0,0.003149291
257,122,0.0,0.0027843844
257,123,0.0,0.0025431928
257,124,0.0,0.002418816
257,125,0.0,0.003478547
257,126,-0.150320933749609,0.0024077562
257,127,0.0,0.002420961
257,128,0.0,0.0023304448
257,129,0.0,0.0015817918
257,130,-0.154795308225869,0.0025220728
257,131,0.149228442426319,0.0026139896
257,132,0.0,0.0025910158
257,133,0.0,0.002523324
257,134,-0.149073152066528,0.002631274
257,135,0.0,0.0024398775
257,136,0.0,0.0021678065
257,137,0.0,0.0034861187
257,138,0.0,0.0023834538
257,139,0.0,0.0021052659
257,140,0.0,0.002549895
257,141,0.0,0.002906802
257,142,0.0,0.0026864912
257,143,-0.159900335124249,0.0015124064
257,144,0.0,0.002904294
257,145,-0.156095465061532,0.0023975712
257,146,0.151454202063478,0.002682154
257,147,0.0,0.002471148
257,148,0.0,0.0023898808
257,149,0.0,0.0024974681
257,150,0.0,0.0024557542
257,151,0.0,0.002708918
257,152,0.0,0.0034172097
257,153,0.0,0.002781516
257,154,0.0,0.0023103538
257,155,0.0,0.002691533
257,156,0.0,0.0031246278
257,157,0.161556601978638,0.002690778
257,158,0.0,0.0025670389
257,159,0.0,0.0028948584
257,160,0.0,0.0024160487
257,161,0.0,0.0024124342
257,162,0.0,0.002671917
257,163,0.0,0.0027326401
257,164,0.162607950377594,0.002705101
257,165,0.0,0.0035055731
257,166,0.0,0.0025843708
257,167,0.0,0.0028004455
257,168,-0.147763880837804,0.0024692924
257,169,0.0,0.0027128444
257,170,0.0,0.0023692576
257,171,0.156279947163728,0.0027604233
257,172,0.0,0.002661412
257,173,0.0,0.0025427924
257,174,0.0,0.0026160623
257,175,0.0,0.0025848513
257,176,0.0,0.0019046958
257,177,0.0,0.0026766555
257,178,0.149331365859638,0.0025431947
257,179,-0.15793972924465,0.0023274305
257,180,0.0,0.0025016288
257,181,0.0,0.0034786328
257,182,0.0,0.0031520678
257,183,0.0,0.003055951
257,184,0.0,0.0034903358
257,185,0.0,0.0015132576
257,186,0.0,0.0024448247
257,187,0.0,0.0014997404
257,188,0.0,0.0029777065
257,189,0.0,0.0015340424
257,190,0.0,0.0023896168
257,191,0.0,0.0025315685
257,192,0.0,0.0026217191
257,193,0.0,0.002010059
257,194,0.0,0.001542097
257,195,0.0,0.0035507805
257,196,0.0,0.0027797213
257,197,0.0,0.0025426447
257,198,0.0,0.0023108386
257,199,0.0,0.0024418524
257,200,0.0,0.0024395739
257,201,0.0,0.0024990174
257,202,0.0,0.0029684785
257,203,0.0,0.0030604694
257,204,0.0,0.003036065
257,205,-0.16912343249409,0.0023283628
257,206,0.0,0.0034804568
257,207,0.0,0.0024295128
257,208,0.0,0.0027470123
257,209,0.0,0.003176665
257,210,0.152038044206627,0.0026738867
257,211,0.0,0.00268059
257,212,0.0,0.003180618
257,213,0.0,0.0025802548
257,214,0.0,0.0027221898
257,215,-0.152299988713733,0.0020460635
257,216,0.0,0.0019129673
257,217,0.0,0.002611862
257,218,0.0,0.0026754537
257,219,0.0,0.0027163844
257,220,0.0,0.00322599
257,221,0.0,0.0025444091
257,222,0.0,0.00244985
257,223,0.0,0.0025955243
257,224,0.0,0.0023448411
257,225,0.0,0.0024482505
257,226,0.0,0.0023429515
257,227,0.0,0.0024813842
257,228,0.0,0.0024374947
257,229,0.0,0.0032647047
257,230,0.0,0.0024319906
257,231,0.0,0.003384958
257,232,0.0,0.0026637535
257,233,0.0,0.0024240003
257,234,0.0,0.0018941136
257,235,0.0,0.002411474
257,236,0.0,0.0014926717
257,237,0.0,0.0030004224
257,238,0.0,0.002345841
257,239,0.0,0.0015829494
257,240,0.0,0.0025069318
257,241,0.0,0.0021616113
257,242,0.0,0.0036041704
257,243,0.0,0.0023759953
257,244,0.0,0.0034657489
257,245,0.0,0.002706706
257,246,0.0,0.0024258145
257,247,0.0,0.0018225261
257,248,-0.179758022767665,0.003052893
257,249,0.0,0.0033134753
257,250,0.0,0.0031009405
257,251,0.0,0.003454322
257,252,0.0,0.0027220408
257,253,0.0,0.0024388894
257,254,0.0,0.0021353476
257,255,0.0,0.00248328
257,256,0.0,0.0017199912
257,257,0.0,0.030703487
257,258,0.0,0.0021467097
257,259,0.0,0.0026469599
257,260,0.0,0.0034037828
257,261,0.0,0.0014786865
257,262,0.0,0.002524097
257,263,0.0,0.0024063792
257,264,0.127398288752118,0.0029777605
257,265,0.0,0.002173034
257,266,0.0,0.0015203478
257,267,0.0,0.0022736904
257,268,0.0,0.002388453
258,1,0.0,0.0017558695
258,2,0.0,0.0032748198
258,3,0.0,0.0023897528
258,4,0.0,0.002380283
258,5,0.0,0.0022608745
258,6,0.153640221207273,0.003577196
258,7,0.0,0.0017020451
258,8,0.0,0.0031257216
258,9,0.0,0.0036315192
258,10,0.155431055023591,0.0024069878
258,11,0.0,0.0033611981
258,12,0.0,0.0029979656
258,13,0.0,0.0021434543
258,14,0.0,0.0032580583
258,15,0.0,0.0017946246
258,16,0.0,0.0018097702
258,17,0.162436694668338,0.0025219438
258,18,-0.157349227756203,0.0035251365
258,19,0.0,0.0019538053
258,20,0.0,0.003492603
258,21,0.0,0.0027796119
258,22,0.0,0.0028056689
258,23,0.0,0.002314963
258,24,0.0,0.002130954
258,25,0.0,0.002372127
258,26,0.0,0.00276038
258,27,0.0,0.0021406212
258,28,0.0,0.0026219669
258,29,0.147055263920041,0.0015916261
258,30,0.0,0.0034890529
258,31,0.0,0.0024915165
258,32,0.0,0.0023841416
258,33,0.0,0.0023807646
258,34,0.0,0.0026332238
258,35,0.0,0.002701132
258,36,0.0,0.0036324384
258,37,0.0,0.0017068577
258,38,0.0,0.00237372
258,39,-0.159845375522983,0.0024923757
258,40,0.0,0.0036320384
258,41,0.0,0.0026097284
258,42,0.0,0.0015391046
258,43,0.0,0.0031257463
258,44,0.0,0.0032801167
258,45,0.0,0.0018930854
258,46,0.0,0.0019634282
258,47,0.0,0.0026535597
258,48,0.0,0.0023088013
258,49,0.0,0.002590523
258,50,0.0,0.0026025837
258,51,0.0,0.0021461127
258,52,0.0,0.003066252
258,53,0.0,0.0019391663
258,54,0.0,0.0036013685
258,55,0.0,0.002955692
258,56,0.0,0.0026338464
258,57,-0.157702779556385,0.0023453701
258,58,0.0,0.0032812632
258,59,0.0,0.0016305968
258,60,0.0,0.0035102246
258,61,0.0,0.0033123805
258,62,0.0,0.0022024112
258,63,0.0,0.003581772
258,64,0.164990092969492,0.0023989943
258,65,0.0,0.0017406838
258,66,-0.150145913722684,0.0021466138
258,67,0.0,0.0027821003
258,68,0.0,0.0027924916
258,69,0.161960398784724,0.0020402954
258,70,0.0,0.0018123859
258,71,0.0,0.0015094378
258,72,0.0,0.0025505777
258,73,0.0,0.0034424341
258,74,0.0,0.0014902446
258,75,0.0,0.0023511834
258,76,0.0,0.0034535546
258,77,0.0,0.0023399252
258,78,0.0,0.002312472
258,79,0.0,0.0028485893
258,80,0.0,0.0027723731
258,81,0.0,0.0020550746
258,82,0.0,0.0035952157
258,83,0.0,0.0023828684
258,84,0.0,0.002273107
258,85,0.160573567813818,0.0032794252
258,86,0.0,0.0018132012
258,87,0.0,0.0017175982
258,88,0.0,0.0026684357
258,89,0.0,0.0019032047
258,90,0.0,0.0033764075
258,91,0.0,0.0021017725
258,92,0.0,0.0025652759
258,93,0.0,0.0030868202
258,94,0.0,0.00243065
258,95,0.0,0.002548125
258,96,0.161065577547,0.0022805305
258,97,0.0,0.002429855
258,98,0.0,0.0027883537
258,99,0.0,0.0025198995
258,100,0.0,0.0025907108
258,101,0.0,0.0024181297
258,102,0.0,0.0024316898
258,103,0.0,0.0023009018
258,104,0.0,0.003629731
258,105,0.0,0.0023432272
258,106,0.0,0.0027719224
258,107,0.0,0.0031983964
258,108,0.0,0.0021288786
258,109,0.0,0.0026152255
258,110,0.0,0.0024094046
258,111,0.0,0.0020980327
258,112,0.0,0.0023932457
258,113,0.0,0.0032577552
258,114,0.150254902184996,0.0023401384
258,115,0.0,0.0030783224
258,116,0.0,0.002335898
258,117,0.0,0.0020014737
258,118,0.0,0.002337331
258,119,0.0,0.0022773654
258,120,0.0,0.0026829354
258,121,0.0,0.0034848647
258,122,0.0,0.0031122286
258,123,0.0,0.0015709219
258,124,0.0,0.0026143347
258,125,0.0,0.002504549
258,126,0.0,0.0030509862
258,127,0.0,0.0014808523
258,128,0.0,0.0036324826
258,129,0.0,0.0015266361
258,130,0.156175283021604,0.0023114579
258,131,0.0,0.002422521
258,132,0.0,0.0027714977
258,133,0.157283706201326,0.0026235841
258,134,0.0,0.0023070378
258,135,0.0,0.0025745393
258,136,0.0,0.0024286811
258,137,0.0,0.0027736286
258,138,0.0,0.002320895
258,139,0.0,0.002613361
258,140,0.0,0.0023126183
258,141,0.0,0.0029042894
258,142,0.0,0.0025386014
258,143,0.0,0.0016419152
258,144,0.0,0.002439742
258,145,0.0,0.0027621975
258,146,0.0,0.0026840456
258,147,0.0,0.003366061
258,148,0.0,0.0024129683
258,149,0.0,0.0033219983
258,150,0.0,0.001619814
258,151,0.0,0.0027726055
258,152,0.0,0.0018874235
258,153,0.0,0.0025862437
258,154,0.0,0.0027514235
258,155,0.174117709540787,0.0025518555
258,156,0.156380786328277,0.0015716399
258,157,0.0,0.002328842
258,158,0.0,0.0033762972
258,159,0.0,0.0023712334
258,160,0.0,0.0026267767
258,161,0.0,0.0025873436
258,162,0.0,0.0026483769
258,163,0.0,0.0026960452
258,164,0.0,0.0026137666
258,165,0.0,0.0024120235
258,166,0.0,0.0015118401
258,167,0.0,0.0035383306
258,168,0.0,0.002613292
258,169,0.0,0.002695112
258,170,0.0,0.0028661462
258,171,0.0,0.0025732946
258,172,0.166407533050536,0.0027353484
258,173,0.0,0.0022028964
258,174,0.0,0.0024592215
258,175,0.0,0.0023185504
258,176,0.0,0.0025368556
258,177,0.0,0.0025146282
258,178,0.0,0.0024577985
258,179,0.0,0.0035483572
258,180,0.0,0.0035375077
258,181,0.0,0.0019638296
258,182,0.0,0.0026394227
258,183,0.0,0.0032628677
258,184,0.0,0.0025354899
258,185,0.0,0.0019111871
258,186,0.0,0.0027817246
258,187,0.0,0.0019079256
258,188,0.0,0.0022012983
258,189,0.0,0.003548415
258,190,0.0,0.0030417992
258,191,0.0,0.0025324202
258,192,0.151130681806276,0.0017026551
258,193,0.0,0.0027822303
258,194,0.0,0.0016287412
258,195,0.0,0.0021695588
258,196,0.0,0.0025467947
258,197,-0.147999254134768,0.0034259446
258,198,0.0,0.002785971
258,199,0.0,0.003553926
258,200,0.0,0.0024752948
258,201,0.0,0.0023811855
258,202,0.0,0.0021117227
258,203,0.0,0.0017369157
258,204,0.0,0.0023771892
258,205,0.0,0.0024565174
258,206,0.0,0.0018450315
258,207,0.0,0.0017942749
258,208,0.0,0.0034924499
258,209,0.0,0.0035178289
258,210,0.0,0.002291495
258,211,0.0,0.0024413015
258,212,0.0,0.002191769
258,213,0.0,0.0022289152
258,214,0.0,0.0016657892
258,215,0.0,0.001929875
258,216,0.0,0.0022178302
258,217,0.0,0.001516182
258,218,0.147626337244752,0.003424476
258,219,0.0,0.0031152326
258,220,0.0,0.003424286
258,221,0.0,0.0017623045
258,222,0.0,0.0023480924
258,223,0.0,0.0025177049
258,224,0.0,0.0027453117
258,225,0.146077546492404,0.0017394461
258,226,0.0,0.0023761783
258,227,0.0,0.0025385432
258,228,0.0,0.0023907926
258,229,0.0,0.0017174468
258,230,0.0,0.0026134038
258,231,0.0,0.0023409114
258,232,0.0,0.0035872697
258,233,0.0,0.00203038
258,234,0.0,0.0023591197
258,235,0.0,0.002845094
258,236,0.0,0.0016322373
258,237,0.0,0.0016611111
258,238,0.0,0.0020396695
258,239,0.0,0.0023972401
258,240,0.0,0.0018539671
258,241,-0.149374312873075,0.0034192973
258,242,0.0,0.0026422031
258,243,0.0,0.0032315785
258,244,0.159200244102158,0.0024010455
258,245,-0.159121294297274,0.0020166002
258,246,0.0,0.0028752754
258,247,-0.188309206395176,0.0024253172
258,248,0.0,0.0033082492
258,249,0.0,0.0020248946
258,250,0.0,0.0023275516
258,251,0.0,0.0021798941
258,252,0.0,0.0027501765
258,253,0.0,0.0031912252
258,254,0.158611618523316,0.0036177398
258,255,0.0,0.002190479
258,256,0.0,0.002158837
258,257,0.0,0.0021467097
258,258,-0.955015455139801,0.030703487
258,259,0.0,0.003633208
258,260,0.0,0.0017489446
258,261,0.147984815489662,0.0017856206
258,262,0.0,0.0025518797
258,263,-0.138564616990926,0.0024436126
258,264,0.0,0.002343683
258,265,0.0,0.0031054746
258,266,0.0,0.0034560086
258,267,0.0,0.0027218396
258,268,0.0,0.0027957377
259,1,0.144485308887574,0.00219473
259,2,0.0,0.0029526562
259,3,0.149052135122752,0.002004725
259,4,0.0,0.0021024765
259,5,0.0,0.003133817
259,6,0.0,0.00233649
259,7,0.0,0.0014937692
259,8,0.0,0.0027721445
259,9,0.0,0.0023364015
259,10,-0.142183928661955,0.0027545537
259,11,0.0,0.0019189711
259,12,0.0,0.002257139
259,13,0.0,0.0023298655
259,14,0.0,0.0022398606
259,15,0.0,0.0023321998
259,16,0.0,0.0026179594
259,17,0.0,0.002202515
259,18,0.0,0.0023390152
259,19,0.0,0.0015591625
259,20,0.0,0.0021623834
259,21,0.0,0.0021403837
259,22,-0.156183753660053,0.0027594655
259,23,0.0,0.0026771012
259,24,0.0,0.0022917902
259,25,0.0,0.0027782456
259,26,0.0,0.002693444
259,27,0.0,0.0024640202
259,28,0.0,0.0023321868
259,29,0.0,0.002481069
259,30,0.0,0.0018243841
259,31,0.0,0.0025009592
259,32,0.0,0.00240502
259,33,0.132197585723918,0.0026021693
259,34,0.0,0.0020511723
259,35,0.0,0.003037211
259,36,0.0,0.00265414
259,37,0.0,0.0025219196
259,38,0.139073958257683,0.0027537504
259,39,0.0,0.0020709592
259,40,0.0,0.0036318353
259,41,0.147685027240333,0.0015087812
259,42,0.0,0.0017744089
259,43,0.0,0.0023800833
259,44,0.0,0.0017915876
259,45,0.0,0.0023303973
259,46,-0.137143877776733,0.003153094
259,47,0.0,0.0017414931
259,48,0.0,0.0029131826
259,49,0.0,0.0025509829
259,50,0.13869173591406,0.0019030906
259,51,0.0,0.0025504157
259,52,0.0,0.0018131034
259,53,0.0,0.0020087478
259,54,0.0,0.0023261504
259,55,0.0,0.0024840133
259,56,0.0,0.0015548021
259,57,0.0,0.0025653755
259,58,0.0,0.002540559
259,59,0.0,0.0029062144
259,60,0.0,0.0014952323
259,61,0.0,0.0016679987
259,62,0.0,0.0034179217
259,63,0.0,0.0025352892
259,64,0.0,0.0027708965
259,65,0.0,0.0032055178
259,66,0.0,0.0024218601
259,67,0.0,0.0016632462
259,68,0.0,0.0017871098
259,69,0.0,0.002765256
259,70,0.0,0.0019704336
259,71,0.0,0.002778829
259,72,0.0,0.002276239
259,73,0.0,0.002390577
259,74,0.0,0.002593672
259,75,0.0,0.0016088625
259,76,0.0,0.0023338976
259,77,0.0,0.002542019
259,78,0.0,0.0016942425
259,79,0.0,0.0021724957
259,80,0.0,0.002183041
259,81,0.0,0.002627431
259,82,0.0,0.0021367772
259,83,0.0,0.0026879231
259,84,0.0,0.0015572505
259,85,0.0,0.0027730549
259,86,0.0,0.0018200697
259,87,0.152260396456447,0.0017775972
259,88,0.0,0.002474384
259,89,0.0,0.0016947957
259,90,0.147859243117636,0.0023834547
259,91,0.0,0.003185717
259,92,0.0,0.0014942191
259,93,0.141342858780519,0.0024163215
259,94,0.0,0.0015244638
259,95,0.0,0.0035512513
259,96,0.147338230345045,0.0021302942
259,97,0.0,0.0021875147
259,98,0.0,0.0028227116
259,99,0.0,0.00259024
259,100,0.0,0.0018327176
259,101,0.0,0.001737555
259,102,0.0,0.002790234
259,103,0.0,0.0018281108
259,104,0.0,0.0018952927
259,105,0.135484941265895,0.001933475
259,106,0.0,0.0024090055
259,107,0.0,0.0014806222
259,108,0.0,0.0016939146
259,109,0.0,0.0014870414
259,110,0.0,0.0024930043
259,111,0.0,0.002389737
259,112,0.0,0.0020522033
259,113,0.0,0.0024616877
259,114,0.0,0.0026962874
259,115,0.0,0.0017200406
259,116,0.0,0.0018934784
259,117,0.0,0.002972859
259,118,0.0,0.0018419246
259,119,0.0,0.0022583455
259,120,0.0,0.0034957323
259,121,0.0,0.0026833802
259,122,0.0,0.0035465378
259,123,0.0,0.0023449142
259,124,0.0,0.0031295186
259,125,0.0,0.0017512133
259,126,0.0,0.003074878
259,127,0.0,0.001467362
259,128,0.0,0.0032025613
259,129,0.0,0.0014921459
259,130,0.0,0.0026343642
259,131,0.0,0.0023443107
259,132,0.0,0.0023775594
259,133,0.0,0.0022729915
259,134,0.0,0.00348891
259,135,0.0,0.0027686493
259,136,0.0,0.0033120639
259,137,0.0,0.0024109492
259,138,0.0,0.0014907266
259,139,0.0,0.0024665445
259,140,0.0,0.0028872383
259,141,0.0,0.0025997185
259,142,0.0,0.0015835594
259,143,0.0,0.0016693072
259,144,0.0,0.0029800986
259,145,0.0,0.0026143943
259,146,0.0,0.0025504115
259,147,0.0,0.0027711722
259,148,0.0,0.0026134644
259,149,0.0,0.0021274402
259,150,0.0,0.0020214869
259,151,0.0,0.0014949827
259,152,0.0,0.0025687097
259,153,0.0,0.0035495795
259,154,0.0,0.001900176
259,155,0.0,0.0025271382
259,156,0.0,0.0024371254
259,157,0.0,0.0019881055
259,158,0.0,0.0026187403
259,159,0.0,0.0027709068
259,160,0.0,0.0014803763
259,161,0.0,0.0023175934
259,162,0.0,0.0027226964
259,163,0.0,0.0022965847
259,164,0.0,0.0016142139
259,165,0.0,0.0016674027
259,166,0.0,0.0029059355
259,167,0.0,0.0024255347
259,168,0.0,0.0016917023
259,169,0.0,0.002882922
259,170,0.0,0.0016265903
259,171,0.0,0.0024501835
259,172,0.0,0.0027133198
259,173,0.135747490300208,0.0023579486
259,174,0.0,0.0030370867
259,175,0.0,0.0017134352
259,176,0.0,0.0016317093
259,177,0.0,0.0014931867
259,178,0.0,0.0027834172
259,179,0.0,0.002607081
259,180,0.0,0.0022015553
259,181,0.0,0.0025498471
259,182,0.0,0.002238641
259,183,0.0,0.0034826552
259,184,0.0,0.0017383061
259,185,0.0,0.002783265
259,186,0.0,0.0036335168
259,187,0.0,0.0026012766
259,188,0.0,0.0019812947
259,189,0.0,0.0022195228
259,190,0.0,0.0017548376
259,191,0.0,0.0029633404
259,192,0.0,0.001553766
259,193,0.0,0.0014843121
259,194,0.0,0.002327554
259,195,0.0,0.0023915032
259,196,0.0,0.002200792
259,197,0.0,0.0024343184
259,198,0.0,0.0018460723
259,199,0.0,0.0022184406
259,200,0.0,0.003362244
259,201,0.0,0.0025403984
259,202,0.0,0.0014788467
259,203,0.0,0.002735163
259,204,0.0,0.0022400199
259,205,0.0,0.002106891
259,206,0.0,0.0027521932
259,207,0.0,0.0025677048
259,208,0.0,0.0025575296
259,209,0.0,0.0028023096
259,210,0.0,0.0034124092
259,211,0.0,0.0025572754
259,212,0.0,0.0024634884
259,213,0.0,0.0023880168
259,214,0.0,0.0014919648
259,215,0.0,0.0030674972
259,216,0.0,0.0020856992
259,217,0.0,0.0023102383
259,218,0.0,0.0025983793
259,219,0.0,0.0034720846
259,220,0.0,0.00255418
259,221,0.0,0.0026611597
259,222,0.0,0.0027518226
259,223,0.0,0.0024992712
259,224,0.0,0.0021222
259,225,0.0,0.002474396
259,226,0.0,0.0019685025
259,227,0.138436293771895,0.002202754
259,228,0.0,0.002098117
259,229,0.0,0.0016453397
259,230,0.0,0.0020020087
259,231,0.0,0.00206869
259,232,0.137562909695438,0.0026750718
259,233,0.0,0.0017423471
259,234,0.0,0.0026354194
259,235,-0.14598719400761,0.0036280318
259,236,0.0,0.0015695998
259,237,0.0,0.001786618
259,238,-0.135088164637023,0.003418421
259,239,0.0,0.0024921433
259,240,0.0,0.0023378027
259,241,0.0,0.0034128367
259,242,0.0,0.002326611
259,243,0.0,0.0023037903
259,244,-0.14563187611994,0.0015305448
259,245,0.0,0.0024748305
259,246,0.0,0.0033081472
259,247,0.0,0.0023078332
259,248,0.0,0.0026598424
259,249,0.0,0.0018985276
259,250,0.0,0.0028480156
259,251,0.0,0.001824005
259,252,0.0,0.0022881897
259,253,0.0,0.0029616887
259,254,0.0,0.0019273288
259,255,0.0,0.0026966017
259,256,0.0,0.0034592203
259,257,0.0,0.0026469599
259,258,0.0,0.003633208
259,259,0.0,0.030703487
259,260,0.0,0.0020530215
259,261,0.0,0.0025090878
259,262,0.0,0.0016684788
259,263,0.0,0.002693531
259,264,0.0,0.0019681207
259,265,0.0,0.002081614
259,266,0.0,0.0025872202
259,267,0.0,0.0024313284
259,268,0.0,0.0023579495
260,1,0.0,0.0023706993
260,2,0.0,0.0024855258
260,3,0.0,0.0023050085
260,4,0.0,0.0024991129
260,5,0.0,0.0034796717
260,6,-0.143915113854279,0.0017723711
260,7,0.0,0.0035854965
260,8,0.0,0.0023187962
260,9,0.0,0.0027577276
260,10,0.0,0.002773906
260,11,0.0,0.0035690651
260,12,0.0,0.0023849998
260,13,-0.137781641317958,0.0031069913
260,14,0.0,0.00271561
260,15,0.143169729845707,0.0031477213
260,16,0.0,0.0026001106
260,17,0.0,0.0024272958
260,18,0.0,0.0019032364
260,19,0.0,0.003209122
260,20,0.0,0.002707893
260,21,0.0,0.0019669575
260,22,0.0,0.0034044064
260,23,0.0,0.0028123055
260,24,0.0,0.0018294281
260,25,-0.154178130732529,0.00285462
260,26,0.150439935605841,0.001879625
260,27,0.0,0.00248814
260,28,0.0,0.0023753652
260,29,-0.137746970706144,0.0014924887
260,30,0.151790051990233,0.0023541353
260,31,0.0,0.0025827573
260,32,0.0,0.0026332508
260,33,0.0,0.003313853
260,34,0.0,0.0014930512
260,35,0.0,0.0031735413
260,36,0.0,0.0022128765
260,37,0.0,0.0014784401
260,38,0.0,0.0036121542
260,39,0.0,0.0036119008
260,40,0.0,0.0036176187
260,41,0.0,0.0023525343
260,42,0.0,0.0033044633
260,43,0.0,0.0030672746
260,44,0.0,0.0027703815
260,45,0.0,0.0015353034
260,46,0.0,0.0029679094
260,47,0.0,0.0027756863
260,48,0.0,0.0032480862
260,49,0.0,0.0031894478
260,50,0.0,0.0022352394
260,51,0.0,0.0023085498
260,52,0.0,0.0014956114
260,53,0.0,0.0035118237
260,54,0.0,0.0025021094
260,55,0.0,0.0035578287
260,56,0.0,0.0030449973
260,57,0.0,0.0015020366
260,58,0.0,0.0032273307
260,59,-0.150121653843801,0.002614283
260,60,0.0,0.0033751195
260,61,-0.134573821045441,0.0027952944
260,62,0.0,0.0026667272
260,63,0.0,0.0022450276
260,64,0.0,0.003550739
260,65,0.0,0.0023674774
260,66,-0.14064198878628,0.0023822398
260,67,0.0,0.0023396946
260,68,0.0,0.0030771466
260,69,0.0,0.0018511135
260,70,0.0,0.002760909
260,71,0.0,0.002235916
260,72,0.0,0.0027879295
260,73,0.0,0.003158323
260,74,0.0,0.0022385623
260,75,0.0,0.0025597406
260,76,0.0,0.0024482151
260,77,0.0,0.0027374919
260,78,0.0,0.0034618871
260,79,0.0,0.0024055038
260,80,0.0,0.0023888936
260,81,0.0,0.003585101
260,82,0.0,0.0028079012
260,83,0.0,0.002518556
260,84,0.0,0.0035279235
260,85,0.0,0.0027053463
260,86,0.0,0.0030086623
260,87,0.0,0.002765228
260,88,0.0,0.0029967148
260,89,0.0,0.002121199
260,90,0.0,0.0032840543
260,91,-0.14631852229842,0.003497573
260,92,0.0,0.003332342
260,93,0.0,0.002414044
260,94,0.0,0.0022396399
260,95,0.0,0.0033294926
260,96,0.0,0.0025225203
260,97,0.0,0.0020410293
260,98,0.0,0.003316875
260,99,0.0,0.0015839003
260,100,0.0,0.0027873083
260,101,0.0,0.0029472676
260,102,0.0,0.002671848
260,103,0.158865777805286,0.0027561542
260,104,0.0,0.0017356458
260,105,0.0,0.0032647555
260,106,0.0,0.0028921366
260,107,0.143729507749344,0.0019197874
260,108,0.0,0.0024459157
260,109,0.0,0.0025741179
260,110,0.0,0.001647078
260,111,0.0,0.0030168109
260,112,0.0,0.0023733298
260,113,0.155261409287928,0.0023727566
260,114,0.0,0.0016372255
260,115,0.0,0.0035884925
260,116,0.0,0.0025076577
260,117,0.0,0.002772388
260,118,0.0,0.0025647576
260,119,0.0,0.0031587598
260,120,0.0,0.0025805035
260,121,0.0,0.0017275019
260,122,0.0,0.003409016
260,123,0.0,0.0021238076
260,124,0.0,0.0027507078
260,125,0.0,0.0024139113
260,126,0.0,0.0027716248
260,127,0.0,0.0016175397
260,128,0.0,0.003556666
260,129,0.0,0.0023668422
260,130,0.0,0.0023542163
260,131,0.0,0.0023688166
260,132,0.0,0.002415414
260,133,0.0,0.0033509838
260,134,0.0,0.0025575776
260,135,0.150450587736732,0.0025474415
260,136,0.0,0.003175911
260,137,0.0,0.0034463573
260,138,0.0,0.0024886122
260,139,0.0,0.0026592016
260,140,0.0,0.0035656388
260,141,0.0,0.0026879641
260,142,0.0,0.0027205958
260,143,0.0,0.0027683396
260,144,0.0,0.0033733123
260,145,0.0,0.0018563881
260,146,0.0,0.0020450242
260,147,0.0,0.002443749
260,148,0.0,0.0035157776
260,149,-0.145488079845423,0.0025383374
260,150,0.0,0.002081816
260,151,0.0,0.002792336
260,152,0.0,0.0028210175
260,153,0.0,0.002385669
260,154,0.0,0.0025788443
260,155,0.0,0.0023969985
260,156,0.0,0.0027221143
260,157,0.0,0.0026037963
260,158,0.0,0.0024354653
260,159,0.0,0.0024977098
260,160,0.0,0.0017976882
260,161,-0.13989426387786,0.0023390488
260,162,0.0,0.0036233529
260,163,0.0,0.0024359021
260,164,0.0,0.0022157216
260,165,0.0,0.0027529672
260,166,0.0,0.0027934643
260,167,0.0,0.0015700585
260,168,0.0,0.0033276267
260,169,0.0,0.0030206656
260,170,0.0,0.0029471964
260,171,0.0,0.0033110962
260,172,0.0,0.002319552
260,173,0.0,0.002336368
260,174,0.0,0.0025344538
260,175,0.0,0.0021484508
260,176,0.0,0.0023139436
260,177,0.0,0.0027380264
260,178,0.0,0.002423162
260,179,0.0,0.0024236524
260,180,0.0,0.0024452913
260,181,0.0,0.0023542568
260,182,0.0,0.002484899
260,183,0.0,0.0024567517
260,184,0.0,0.0022670352
260,185,0.0,0.0018855436
260,186,0.0,0.002783895
260,187,0.0,0.0025920905
260,188,0.0,0.002907625
260,189,0.0,0.0027445257
260,190,0.0,0.0026161014
260,191,0.0,0.0024879873
260,192,0.0,0.0020393939
260,193,0.0,0.0035693427
260,194,0.0,0.003572485
260,195,0.0,0.0024321312
260,196,0.143116042977282,0.00232034
260,197,0.0,0.0025415346
260,198,0.0,0.0035217516
260,199,0.0,0.0019057784
260,200,0.0,0.002241063
260,201,0.0,0.0027647484
260,202,0.0,0.002073437
260,203,0.0,0.002382087
260,204,0.0,0.003625472
260,205,0.0,0.002729945
260,206,0.0,0.0025574001
260,207,0.0,0.0029268707
260,208,0.0,0.0032123867
260,209,0.0,0.0027353484
260,210,0.0,0.0024639755
260,211,-0.149435092092186,0.002724857
260,212,0.0,0.0027782214
260,213,0.0,0.0031807474
260,214,0.0,0.0024518133
260,215,0.0,0.0021425774
260,216,0.0,0.0027617859
260,217,0.0,0.0015940829
260,218,0.0,0.0026584878
260,219,0.0,0.0025266376
260,220,0.0,0.0026024454
260,221,0.0,0.0036145183
260,222,0.0,0.0026082755
260,223,0.0,0.002705892
260,224,0.0,0.00239145
260,225,0.0,0.0020855893
260,226,0.0,0.003125324
260,227,0.0,0.0020773686
260,228,0.0,0.002278468
260,229,0.0,0.0036010738
260,230,0.0,0.0024888432
260,231,0.0,0.001993482
260,232,0.0,0.0034462484
260,233,0.0,0.00356283
260,234,0.0,0.0028385888
260,235,0.0,0.0025836504
260,236,0.0,0.0023656138
260,237,0.0,0.0035185884
260,238,0.0,0.002251442
260,239,0.0,0.0025858274
260,240,0.0,0.0023639742
260,241,0.0,0.0019236882
260,242,0.0,0.002767127
260,243,0.0,0.0032137572
260,244,0.0,0.0025497125
260,245,0.0,0.0021300735
260,246,0.0,0.0036051413
260,247,0.0,0.0023892522
260,248,0.0,0.0015734844
260,249,-0.137117575412553,0.002330997
260,250,0.0,0.0028010658
260,251,0.0,0.0029097274
260,252,0.0,0.0032765176
260,253,0.142772715372551,0.0023258831
260,254,0.0,0.0021688584
260,255,0.0,0.0019422108
260,256,0.0,0.0022404096
260,257,0.0,0.0034037828
260,258,0.151569293165261,0.0017489446
260,259,0.0,0.0020530215
260,260,0.0,0.030703487
260,261,0.0,0.0025642612
260,262,0.0,0.0015487801
260,263,0.0,0.00306356
260,264,0.0,0.002915896
260,265,0.0,0.0034513022
260,266,0.0,0.0024725464
260,267,0.0,0.0025542136
260,268,0.0,0.0021419446
261,1,0.0,0.0022618393
261,2,0.0,0.0033988827
261,3,0.0,0.0025783493
261,4,0.0,0.0019420283
261,5,0.0,0.0025675548
261,6,0.0,0.002389682
261,7,0.0,0.002147851
261,8,0.0,0.0035806326
261,9,0.0,0.0020242487
261,10,0.0,0.0015779403
261,11,0.0,0.0034751976
261,12,0.155410531075037,0.0019529155
261,13,0.0,0.0015516933
261,14,0.0,0.0026501124
261,15,0.0,0.0015985444
261,16,0.0,0.0022216341
261,17,0.0,0.0032282006
261,18,0.0,0.0027094628
261,19,0.165960862918833,0.0034615886
261,20,0.0,0.0019283989
261,21,0.0,0.0023305374
261,22,0.177716498973936,0.0027485932
261,23,0.162074954147613,0.0018338095
261,24,0.0,0.0016949032
261,25,0.0,0.0026217229
261,26,0.0,0.0015355647
261,27,0.0,0.002715671
261,28,0.163471979051848,0.0026096166
261,29,0.0,0.0036318009
261,30,0.0,0.002080252
261,31,0.0,0.002772674
261,32,0.0,0.0018586926
261,33,0.0,0.0031612236
261,34,-0.157745007683408,0.0015967898
261,35,0.0,0.002311546
261,36,0.0,0.003474908
261,37,0.0,0.0014934405
261,38,0.0,0.002337825
261,39,0.0,0.0021957923
261,40,0.0,0.0024341736
261,41,0.0,0.00254985
261,42,0.0,0.0018278081
261,43,0.162715174559935,0.00255795
261,44,0.0,0.0025822255
261,45,0.0,0.0026587755
261,46,0.0,0.0021413923
261,47,0.0,0.0035874182
261,48,0.0,0.003029048
261,49,0.0,0.0023686122
261,50,0.0,0.0024374737
261,51,-0.165953653135459,0.0023660548
261,52,0.0,0.0014770855
261,53,0.0,0.002196351
261,54,0.0,0.0023385482
261,55,0.0,0.0015860572
261,56,0.0,0.0024056481
261,57,0.0,0.0031322334
261,58,0.0,0.002218498
261,59,0.0,0.0027702297
261,60,0.0,0.0027365023
261,61,0.0,0.00261315
261,62,0.0,0.0023733731
261,63,0.0,0.0031221039
261,64,0.0,0.0033721486
261,65,0.0,0.0025687055
261,66,0.0,0.0026477925
261,67,0.0,0.0025407332
261,68,0.0,0.0020259256
261,69,0.0,0.0024124333
261,70,0.0,0.0026088352
261,71,0.0,0.0014852588
261,72,0.153371499519726,0.0021536937
261,73,0.0,0.0033195661
261,74,0.0,0.0017198357
261,75,0.151908142245074,0.0025297175
261,76,0.0,0.0031399452
261,77,0.0,0.0018101763
261,78,0.0,0.0020442912
261,79,0.0,0.0029379535
261,80,0.0,0.0016071028
261,81,0.0,0.0024049096
261,82,-0.161505239875125,0.0014868183
261,83,0.0,0.0036079139
261,84,0.0,0.0021134214
261,85,0.0,0.0035669762
261,86,0.0,0.0027645607
261,87,0.0,0.0024164426
261,88,0.0,0.0026064268
261,89,0.0,0.0025160112
261,90,0.0,0.0019504749
261,91,0.0,0.0025334181
261,92,0.0,0.0021187002
261,93,0.0,0.002332162
261,94,0.0,0.0024395166
261,95,0.0,0.0014837915
261,96,0.0,0.0021378878
261,97,0.0,0.003074285
261,98,0.0,0.0024573267
261,99,0.0,0.0032390365
261,100,0.0,0.0020280033
261,101,0.156301179748635,0.0026013423
261,102,0.0,0.002378764
261,103,0.0,0.0025795726
261,104,0.0,0.0025983676
261,105,0.0,0.0015667314
261,106,0.0,0.0025158837
261,107,0.0,0.0027570673
261,108,0.0,0.0023341877
261,109,0.0,0.002449016
261,110,0.0,0.002241278
261,111,0.0,0.0025028102
261,112,0.0,0.0028023785
261,113,-0.172530805485348,0.0031964146
261,114,-0.156398742888671,0.0018687029
261,115,0.0,0.0021152007
261,116,0.0,0.0018863291
261,117,0.0,0.0027640234
261,118,0.0,0.0027168258
261,119,0.0,0.0019015465
261,120,0.0,0.0034151385
261,121,0.0,0.002960761
261,122,0.0,0.0024084998
261,123,0.0,0.0035802945
261,124,0.0,0.001911358
261,125,0.0,0.0023850496
261,126,0.0,0.0018139235
261,127,0.0,0.001824636
261,128,0.0,0.0023825746
261,129,0.0,0.0026734835
261,130,0.162561204856984,0.0014846572
261,131,0.0,0.0025948272
261,132,0.0,0.0026426674
261,133,0.163714950853796,0.002397304
261,134,0.0,0.0025910432
261,135,0.0,0.0023456318
261,136,-0.151415728776859,0.0022117132
261,137,0.0,0.002005382
261,138,0.0,0.002855625
261,139,0.0,0.00188429
261,140,0.0,0.002254298
261,141,0.180544001870911,0.002907136
261,142,0.0,0.002705575
261,143,0.0,0.0020056684
261,144,0.0,0.001768468
261,145,-0.163926589015786,0.0031527402
261,146,0.0,0.0026942324
261,147,0.0,0.0025505298
261,148,0.0,0.0024361825
261,149,0.0,0.0035612131
261,150,0.154692436739972,0.0017664786
261,151,0.0,0.0023366623
261,152,-0.161680255669213,0.0025332524
261,153,0.0,0.0035723895
261,154,0.0,0.002349948
261,155,0.0,0.0019664406
261,156,0.0,0.0035468326
261,157,0.169661704681168,0.0018968871
261,158,0.0,0.0024522776
261,159,-0.158461618523353,0.0024609705
261,160,0.0,0.002335175
261,161,0.0,0.0027453266
261,162,0.0,0.0025927853
261,163,0.0,0.0024202378
261,164,0.0,0.0024260138
261,165,0.0,0.0018532448
261,166,0.0,0.0027417652
261,167,0.0,0.0026998268
261,168,0.0,0.0027679517
261,169,0.0,0.0023139762
261,170,0.0,0.0030996026
261,171,0.164120326365783,0.002591256
261,172,0.0,0.0018357425
261,173,0.0,0.002442903
261,174,0.0,0.0031836662
261,175,0.0,0.0016101962
261,176,0.0,0.0023447294
261,177,0.0,0.0022829575
261,178,0.0,0.0019755447
261,179,0.0,0.002455893
261,180,0.0,0.0025672563
261,181,0.0,0.0025719688
261,182,0.0,0.0024549942
261,183,0.0,0.0023557278
261,184,0.0,0.0034776954
261,185,0.0,0.0019265842
261,186,0.0,0.0026410138
261,187,0.161752891122747,0.002376441
261,188,0.0,0.00154013
261,189,0.0,0.0016081869
261,190,0.0,0.0026904359
261,191,0.0,0.0025971225
261,192,0.0,0.0019291816
261,193,0.0,0.0022842782
261,194,0.0,0.0021698782
261,195,0.0,0.0023073694
261,196,0.0,0.0025501205
261,197,0.0,0.0025183638
261,198,0.0,0.002541272
261,199,0.0,0.0015977169
261,200,0.0,0.0026481608
261,201,0.0,0.0019834903
261,202,0.0,0.0031426153
261,203,0.0,0.0028047403
261,204,-0.159206297281319,0.0035804617
261,205,0.0,0.001797107
261,206,-0.175096458650046,0.0014962857
261,207,-0.178571285915482,0.0024501234
261,208,0.0,0.0025682761
261,209,0.0,0.0035804058
261,210,0.159665612179054,0.0016076397
261,211,0.0,0.0029889308
261,212,0.0,0.003124467
261,213,0.0,0.0035228138
261,214,0.0,0.0021838075
261,215,0.0,0.0023060506
261,216,0.0,0.0022271597
261,217,0.0,0.0023498395
261,218,0.0,0.002957997
261,219,0.0,0.0019574417
261,220,0.0,0.0032435912
261,221,0.0,0.0035155113
261,222,0.0,0.0032452224
261,223,0.0,0.0026598936
261,224,0.0,0.0014937134
261,225,0.0,0.002289568
261,226,0.0,0.002029033
261,227,0.0,0.002416667
261,228,0.0,0.0025666398
261,229,0.163148736303686,0.0025779596
261,230,0.0,0.002785571
261,231,0.0,0.001519083
261,232,0.0,0.003087405
261,233,0.0,0.002789896
261,234,0.1513829475958,0.0021579536
261,235,0.0,0.0034786337
261,236,0.0,0.0020723995
261,237,0.0,0.0025195754
261,238,0.0,0.0036278279
261,239,0.0,0.001797148
261,240,0.0,0.0036057709
261,241,0.0,0.0028966647
261,242,0.0,0.0021362137
261,243,0.0,0.0027909912
261,244,0.0,0.0025733276
261,245,0.0,0.0018877015
261,246,0.0,0.0025364878
261,247,0.0,0.0035745036
261,248,0.0,0.0027654339
261,249,0.0,0.0026815333
261,250,0.0,0.0015814276
261,251,0.0,0.0016158656
261,252,0.0,0.002320861
261,253,0.0,0.002502847
261,254,0.0,0.0022051902
261,255,0.0,0.0022155144
261,256,0.0,0.0023330557
261,257,0.0,0.0014786865
261,258,0.0,0.0017856206
261,259,0.0,0.0025090878
261,260,0.0,0.0025642612
261,261,-0.0751826802734286,0.030703487
261,262,0.0,0.0025462299
261,263,0.0,0.0024674363
261,264,0.0,0.0024254657
261,265,0.0,0.0015846314
261,266,0.0,0.0015724576
261,267,0.0,0.002499301
261,268,0.0,0.0020529563
262,1,0.0,0.001663473
262,2,0.0,0.0027991007
262,3,0.155057275203029,0.0021603918
262,4,0.0,0.0021134033
262,5,0.0,0.002769461
262,6,0.0,0.002240159
262,7,0.0,0.0015278701
262,8,0.0,0.0030748602
262,9,-0.143479645619251,0.002623702
262,10,0.0,0.0020863404
262,11,0.0,0.0028891908
262,12,0.0,0.002396542
262,13,0.0,0.0020533847
262,14,0.0,0.0020147045
262,15,0.0,0.0020726663
262,16,0.0,0.0016805464
262,17,0.0,0.0027698507
262,18,0.0,0.0024422617
262,19,0.0,0.0033123032
262,20,0.0,0.0033480553
262,21,0.0,0.0020503742
262,22,0.0,0.0020399927
262,23,0.0,0.0026158658
262,24,0.138020331181671,0.002497455
262,25,0.0,0.0021900972
262,26,0.0,0.0021077022
262,27,0.0,0.0027249935
262,28,0.149453253579495,0.0026656291
262,29,0.0,0.0021985439
262,30,0.0,0.0025523733
262,31,0.0,0.0021487568
262,32,0.0,0.0022335444
262,33,0.0,0.0021775565
262,34,0.0,0.0026716897
262,35,0.0,0.0027901116
262,36,0.0,0.0023629186
262,37,0.0,0.0016766246
262,38,0.0,0.002064114
262,39,0.0,0.0026134183
262,40,0.0,0.0022214097
262,41,0.0,0.0025092452
262,42,0.0,0.0025550555
262,43,0.0,0.0019592205
262,44,0.0,0.0018880139
262,45,0.0,0.002782668
262,46,0.0,0.002211039
262,47,0.0,0.0024113222
262,48,0.0,0.002428405
262,49,0.0,0.0027440377
262,50,0.0,0.002155325
262,51,0.0,0.0014602179
262,52,0.0,0.0023314375
262,53,0.0,0.0024570408
262,54,0.0,0.0035159164
262,55,0.0,0.0019640648
262,56,0.0,0.0023070625
262,57,0.0,0.0019118004
262,58,0.15086630098822,0.003263488
262,59,0.0,0.0026981947
262,60,0.0,0.002578115
262,61,0.0,0.0014660368
262,62,0.0,0.0025762157
262,63,-0.148414128357887,0.0022640666
262,64,0.0,0.0034746309
262,65,0.0,0.0026850472
262,66,0.0,0.0024170894
262,67,0.0,0.0014774459
262,68,0.0,0.0022488511
262,69,0.0,0.0018352964
262,70,0.0,0.0035511367
262,71,0.0,0.0021061208
262,72,0.0,0.001482022
262,73,0.0,0.0023325752
262,74,0.0,0.0016820631
262,75,0.0,0.0014829375
262,76,0.0,0.0022659115
262,77,0.15107411260442,0.0025415793
262,78,-0.139057916837881,0.0014882456
262,79,0.0,0.0027154135
262,80,0.0,0.0020034136
262,81,0.0,0.002547253
262,82,0.0,0.0027833823
262,83,0.0,0.0034844824
262,84,0.0,0.0029747277
262,85,0.0,0.0025401954
262,86,0.0,0.0016285572
262,87,0.0,0.0014917115
262,88,0.0,0.0026124762
262,89,0.0,0.0021722629
262,90,0.0,0.0015734457
262,91,0.0,0.003530723
262,92,0.0,0.0027648536
262,93,0.0,0.002698753
262,94,0.0,0.0025168913
262,95,0.0,0.0027572275
262,96,-0.153274319161708,0.003153976
262,97,0.0,0.0024983468
262,98,0.0,0.002345169
262,99,0.0,0.0024424023
262,100,0.0,0.0014866744
262,101,0.0,0.0024306695
262,102,0.0,0.0023374879
262,103,0.161397027916463,0.0021134187
262,104,0.0,0.0021384684
262,105,0.0,0.0014933776
262,106,0.0,0.002762823
262,107,0.0,0.0014796238
262,108,0.0,0.0018090382
262,109,0.0,0.0016512582
262,110,0.0,0.0014980496
262,111,0.0,0.0027214573
262,112,0.0,0.0023965687
262,113,-0.157735230050026,0.0021847282
262,114,0.0,0.0018483279
262,115,0.0,0.0015452229
262,116,0.0,0.0035923072
262,117,0.0,0.0023198402
262,118,0.0,0.002130948
262,119,0.0,0.0023514936
262,120,0.0,0.0027918322
262,121,0.0,0.0014756182
262,122,0.146121451213997,0.0023112376
262,123,0.0,0.0016450537
262,124,0.0,0.0023978963
262,125,0.0,0.0023400877
262,126,0.0,0.0026052613
262,127,0.148949424684501,0.0055656955
262,128,0.0,0.0019210144
262,129,0.0,0.0016168058
262,130,0.0,0.001992383
262,131,0.0,0.0014852467
262,132,0.0,0.0015501743
262,133,0.0,0.002784253
262,134,0.0,0.0014896146
262,135,-0.152847756417087,0.0024592471
262,136,0.0,0.0026088948
262,137,0.0,0.0023498917
262,138,0.0,0.0020167278
262,139,0.0,0.002341338
262,140,0.0,0.002460075
262,141,0.0,0.0025951792
262,142,0.0,0.0026648128
262,143,0.0,0.0015625502
262,144,0.162594932335262,0.0027503609
262,145,0.0,0.002330475
262,146,0.0,0.0016257232
262,147,0.0,0.0022942903
262,148,0.158898089260631,0.0017793644
262,149,0.0,0.002793279
262,150,0.0,0.0029363744
262,151,0.0,0.002561004
262,152,0.0,0.003461501
262,153,0.0,0.0034876056
262,154,0.0,0.0014636442
262,155,0.165695077683949,0.0027164975
262,156,0.0,0.0020001302
262,157,0.0,0.001714584
262,158,0.0,0.0022343397
262,159,0.0,0.0021746568
262,160,0.0,0.0025734305
262,161,0.0,0.0015811957
262,162,0.0,0.0014937785
262,163,0.0,0.0027999985
262,164,0.0,0.0014782781
262,165,0.0,0.0018800977
262,166,0.0,0.0023373011
262,167,0.0,0.0023121536
262,168,-0.141869637364657,0.0025905604
262,169,0.0,0.002654206
262,170,0.0,0.0024544946
262,171,0.0,0.0027860366
262,172,0.0,0.002591841
262,173,0.0,0.0026203305
262,174,0.0,0.0020820475
262,175,0.0,0.0014867326
262,176,0.0,0.0016565518
262,177,0.0,0.0033295853
262,178,0.0,0.0027562086
262,179,0.0,0.0024538515
262,180,0.0,0.0017094812
262,181,0.0,0.0027705966
262,182,0.0,0.0025228024
262,183,0.0,0.0018837177
262,184,-0.14946211294466,0.002514671
262,185,0.0,0.0015170816
262,186,0.0,0.0014950596
262,187,0.0,0.0023180041
262,188,0.0,0.0019702194
262,189,0.148529831304406,0.0019416274
262,190,-0.147112250201271,0.0032404521
262,191,0.0,0.0036124233
262,192,0.0,0.0015441207
262,193,0.0,0.0020083538
262,194,-0.16462864672207,0.0027873237
262,195,0.0,0.0023478824
262,196,0.0,0.0014740615
262,197,0.0,0.0021878434
262,198,0.0,0.0021471698
262,199,0.0,0.0016545774
262,200,0.0,0.0026676538
262,201,0.0,0.0024505598
262,202,0.0,0.0022958685
262,203,0.0,0.0018433249
262,204,0.0,0.0016019251
262,205,0.162377164850858,0.0016924739
262,206,0.0,0.0015421789
262,207,0.0,0.0021743402
262,208,0.0,0.0027704188
262,209,0.0,0.0027239607
262,210,0.0,0.0030561988
262,211,0.0,0.0024365094
262,212,0.0,0.0015972056
262,213,0.0,0.0029271198
262,214,0.0,0.0016475078
262,215,0.0,0.0020861533
262,216,0.0,0.0015701558
262,217,0.0,0.0022331267
262,218,0.0,0.0019600042
262,219,0.0,0.001878615
262,220,0.0,0.0021759337
262,221,0.0,0.0016010166
262,222,0.0,0.002528579
262,223,0.0,0.0018911064
262,224,0.0,0.0018111034
262,225,0.0,0.0016824137
262,226,0.0,0.0016716826
262,227,0.0,0.0019894112
262,228,0.0,0.0025684997
262,229,0.0,0.0016559362
262,230,0.0,0.001867888
262,231,0.0,0.0026438213
262,232,0.0,0.0017118994
262,233,0.0,0.0016239216
262,234,0.0,0.0035027182
262,235,0.0,0.0026886142
262,236,0.0,0.0016205641
262,237,0.0,0.0022708909
262,238,0.0,0.0018089749
262,239,0.0,0.0023325305
262,240,0.0,0.0024862355
262,241,0.0,0.0020586452
262,242,0.0,0.0027005342
262,243,0.0,0.0027495841
262,244,0.0,0.0030554328
262,245,0.0,0.0015304657
262,246,0.0,0.0026057595
262,247,0.0,0.0025954065
262,248,0.0,0.0026057726
262,249,0.0,0.0014602877
262,250,0.0,0.0023782747
262,251,0.0,0.002403223
262,252,0.0,0.0033184993
262,253,-0.145047550498482,0.0014984338
262,254,0.0,0.0023070541
262,255,0.0,0.0017986256
262,256,0.0,0.002583026
262,257,0.0,0.002524097
262,258,0.0,0.0025518797
262,259,0.0,0.0016684788
262,260,0.144237400501964,0.0015487801
262,261,0.0,0.0025462299
262,262,0.0,0.030703487
262,263,0.0,0.002245875
262,264,0.0,0.0035640309
262,265,0.0,0.0022612815
262,266,0.161202694628487,0.002276895
262,267,0.0,0.0023969314
262,268,-0.153775690773955,0.0015435657
263,1,0.153284602373423,0.0025957809
263,2,0.0,0.0015432024
263,3,0.0,0.0034997729
263,4,0.0,0.0029734354
263,5,0.0,0.0014776625
263,6,0.0,0.0024425182
263,7,0.0,0.0024232874
263,8,0.0,0.0036254022
263,9,0.0,0.0023421189
263,10,0.0,0.0032395925
263,11,0.0,0.002782058
263,12,0.0,0.0027304678
263,13,0.0,0.0026306962
263,14,0.142295981853595,0.0028355098
263,15,0.0,0.0028053382
263,16,0.0,0.0025826865
263,17,0.0,0.0023213997
263,18,0.0,0.0015907963
263,19,0.0,0.0020243577
263,20,0.0,0.0020338106
263,21,0.0,0.0026431107
263,22,0.0,0.0022803158
263,23,0.0,0.0024862378
263,24,-0.140755041669695,0.0024444032
263,25,0.15973822346876,0.0022953553
263,26,0.0,0.003338159
263,27,0.0,0.0022429503
263,28,-0.152414493974545,0.0026402408
263,29,0.0,0.0023807045
263,30,0.157264023956901,0.00268602
263,31,0.0,0.0034022825
263,32,0.0,0.0016215458
263,33,0.0,0.0021936721
263,34,0.0,0.0015564109
263,35,-0.150044982553489,0.002552393
263,36,0.0,0.0018694159
263,37,0.0,0.001739508
263,38,0.0,0.002715828
263,39,0.0,0.0021944419
263,40,0.0,0.002070203
263,41,0.156679186633829,0.0026061097
263,42,0.0,0.0029896968
263,43,0.0,0.0023436425
263,44,0.0,0.0033182264
263,45,0.0,0.0024446305
263,46,0.0,0.002776117
263,47,0.0,0.0016645277
263,48,0.0,0.0027123033
263,49,0.0,0.0035966719
263,50,0.0,0.0026120194
263,51,0.154728303973403,0.0034985314
263,52,0.0,0.0019385242
263,53,0.0,0.0036239508
263,54,0.0,0.002211363
263,55,0.0,0.0027568145
263,56,0.0,0.0017394181
263,57,0.0,0.003525984
263,58,0.0,0.0023021773
263,59,0.0,0.0014696578
263,60,0.0,0.0027031708
263,61,0.0,0.0014935671
263,62,-0.147945350433072,0.0025713812
263,63,0.0,0.0023431508
263,64,0.0,0.0025571603
263,65,0.0,0.0033099228
263,66,0.0,0.0014816415
263,67,0.0,0.0023772088
263,68,0.0,0.0018256502
263,69,0.0,0.0035887458
263,70,0.0,0.0028254436
263,71,0.0,0.0018786332
263,72,0.0,0.0024254625
263,73,0.0,0.0028041163
263,74,0.0,0.0014824667
263,75,0.0,0.0033110804
263,76,0.0,0.0016706404
263,77,0.0,0.0030529993
263,78,0.0,0.0014943462
263,79,0.0,0.0022490001
263,80,0.0,0.002376142
263,81,0.0,0.0027805995
263,82,0.0,0.0014904002
263,83,0.0,0.0028597466
263,84,0.0,0.0015470665
263,85,0.0,0.0018591955
263,86,0.0,0.0016889181
263,87,0.0,0.0031295787
263,88,0.0,0.0022901534
263,89,0.0,0.002331146
263,90,0.0,0.0035770969
263,91,0.0,0.001980714
263,92,0.0,0.0034820926
263,93,0.0,0.0018727994
263,94,0.0,0.003550686
263,95,0.0,0.0017069443
263,96,0.0,0.0024279798
263,97,0.0,0.002622739
263,98,0.0,0.0018326109
263,99,0.0,0.003357519
263,100,0.0,0.0027130423
263,101,0.0,0.0023873807
263,102,0.0,0.0026777494
263,103,0.0,0.0015141466
263,104,0.0,0.0024372796
263,105,0.0,0.0031368858
263,106,0.0,0.0021910076
263,107,0.0,0.0017587268
263,108,0.0,0.00357555
263,109,0.0,0.0016996944
263,110,0.0,0.0022488642
263,111,0.0,0.0035700244
263,112,0.0,0.0027911384
263,113,0.0,0.0026644622
263,114,0.0,0.00255545
263,115,0.0,0.0025939196
263,116,0.0,0.002551754
263,117,0.0,0.0025465158
263,118,0.0,0.0025788131
263,119,0.0,0.002424494
263,120,0.0,0.0028353576
263,121,0.0,0.0022726068
263,122,0.0,0.002207789
263,123,0.0,0.0021435274
263,124,0.153767995545129,0.0026066913
263,125,0.0,0.0023308787
263,126,0.0,0.0014854129
263,127,0.0,0.00173946
263,128,0.0,0.0021765986
263,129,0.0,0.001773356
263,130,0.0,0.0022381512
263,131,0.0,0.0026856046
263,132,0.0,0.0014938577
263,133,0.152641030806476,0.0019831136
263,134,0.0,0.0024689483
263,135,0.0,0.0025794716
263,136,0.0,0.0022827876
263,137,0.0,0.0029485915
263,138,0.0,0.0022062357
263,139,0.0,0.0024844403
263,140,0.0,0.0025935182
263,141,0.0,0.0025222134
263,142,0.0,0.002632725
263,143,0.0,0.0016121496
263,144,0.0,0.0023786896
263,145,0.0,0.003048163
263,146,-0.148293935750371,0.0018019066
263,147,0.0,0.0018199533
263,148,0.0,0.0022274638
263,149,0.0,0.0024122405
263,150,0.0,0.002133293
263,151,0.0,0.002559782
263,152,0.0,0.0025884546
263,153,0.0,0.0020046225
263,154,0.145498333059387,0.0015894733
263,155,0.0,0.0019453885
263,156,0.0,0.0023837085
263,157,0.0,0.002712946
263,158,0.0,0.0025327741
263,159,0.0,0.002053558
263,160,0.0,0.002719191
263,161,0.0,0.0014922991
263,162,0.0,0.0023799976
263,163,0.0,0.003355511
263,164,0.0,0.0023289635
263,165,-0.147506126020785,0.001542103
263,166,0.0,0.002253532
263,167,0.0,0.0024707317
263,168,0.0,0.002308115
263,169,0.146837144076041,0.0019406527
263,170,0.0,0.0026764711
263,171,0.0,0.0016302885
263,172,0.0,0.0032197721
263,173,0.0,0.0027634925
263,174,0.0,0.0017547118
263,175,0.0,0.0015694909
263,176,0.0,0.0015992336
263,177,0.0,0.003004808
263,178,0.0,0.0028260825
263,179,0.0,0.0026482302
263,180,0.0,0.0026634866
263,181,0.153189061949167,0.0025519314
263,182,0.0,0.0035901675
263,183,0.161951309206638,0.0017090845
263,184,0.0,0.0014598938
263,185,0.0,0.0015339842
263,186,0.0,0.0023885341
263,187,0.0,0.0026708455
263,188,0.0,0.0027515073
263,189,0.0,0.0022121342
263,190,0.0,0.0024053194
263,191,0.0,0.0020626108
263,192,0.0,0.0026447452
263,193,0.0,0.0017311205
263,194,0.0,0.0026939143
263,195,-0.151959158113384,0.0027670274
263,196,0.0,0.0021309014
263,197,0.0,0.0016298564
263,198,0.0,0.0034917714
263,199,0.0,0.0020026895
263,200,0.0,0.0026827059
263,201,0.0,0.0024005468
263,202,0.0,0.002766183
263,203,0.0,0.0034028995
263,204,0.0,0.0018915809
263,205,0.0,0.002403358
263,206,0.163252676676883,0.0021234113
263,207,0.0,0.0025168513
263,208,0.0,0.0034298324
263,209,0.0,0.003632808
263,210,0.0,0.0034307404
263,211,0.0,0.002266386
263,212,0.0,0.0027207206
263,213,0.0,0.0024951654
263,214,0.0,0.0019563884
263,215,-0.149122074088315,0.0018029478
263,216,0.0,0.0027004736
263,217,0.0,0.0023146747
263,218,0.143268726528987,0.0024579396
263,219,0.0,0.0023756153
263,220,0.0,0.0015008259
263,221,0.0,0.0016220682
263,222,0.0,0.0014967294
263,223,-0.150177510063918,0.0016688313
263,224,0.0,0.002402165
263,225,0.0,0.0035080165
263,226,0.0,0.00252965
263,227,0.146867196452388,0.0023708115
263,228,0.0,0.0017146403
263,229,0.0,0.0016908846
263,230,0.0,0.0023856326
263,231,0.144952458463862,0.0024490156
263,232,0.0,0.0019491315
263,233,0.0,0.0026048939
263,234,0.0,0.002004641
263,235,0.0,0.0023916783
263,236,0.0,0.0014935341
263,237,0.0,0.0024105604
263,238,0.0,0.0016963156
263,239,0.0,0.0019361167
263,240,0.0,0.0025903485
263,241,0.0,0.0023935512
263,242,0.0,0.0017600167
263,243,0.0,0.0017403979
263,244,0.0,0.0025307252
263,245,0.0,0.0014884775
263,246,0.0,0.0021151751
263,247,0.0,0.0018621064
263,248,0.0,0.0035492904
263,249,0.0,0.0014819233
263,250,0.0,0.0024679475
263,251,0.0,0.002613342
263,252,0.0,0.0024049557
263,253,0.0,0.0023801425
263,254,0.0,0.0017636754
263,255,0.0,0.0023482693
263,256,0.0,0.0027898178
263,257,0.155647729958217,0.0024063792
263,258,0.0,0.0024436126
263,259,0.0,0.002693531
263,260,0.0,0.00306356
263,261,0.0,0.0024674363
263,262,0.0,0.002245875
263,263,0.0,0.030703487
263,264,0.0,0.0016874694
263,265,0.0,0.0029488183
263,266,0.0,0.001731059
263,267,0.0,0.0025704643
263,268,0.0,0.0035846638
264,1,0.0,0.0031635906
264,2,0.0,0.0029055653
264,3,0.155909491748624,0.0018237415
264,4,0.0,0.001535479
264,5,0.0,0.0035361974
264,6,0.0,0.002494737
264,7,0.0,0.0023074988
264,8,0.144874171850859,0.0027681836
264,9,0.0,0.0017881808
264,10,0.0,0.0023549641
264,11,0.0,0.0022921287
264,12,0.0,0.0014920696
264,13,0.0,0.0023788302
264,14,0.0,0.0024091848
264,15,0.0,0.002120453
264,16,0.0,0.0027718307
264,17,0.0,0.002677346
264,18,0.0,0.001820473
264,19,0.0,0.0020776698
264,20,0.0,0.0014871415
264,21,0.0,0.0030126153
264,22,0.0,0.0027437634
264,23,0.0,0.0028001042
264,24,0.0,0.0017243973
264,25,0.0,0.0034437086
264,26,0.0,0.0023107757
264,27,0.147452393243818,0.0027534114
264,28,0.0,0.0027418993
264,29,0.0,0.0021920614
264,30,0.0,0.0023192093
264,31,0.0,0.0024576532
264,32,0.0,0.0023285188
264,33,0.0,0.002119822
264,34,0.0,0.0028695352
264,35,0.0,0.0034310548
264,36,0.0,0.002044811
264,37,0.0,0.0027703876
264,38,0.0,0.0026152884
264,39,0.0,0.0024476675
264,40,-0.149360605845436,0.0027289395
264,41,0.0,0.0024621962
264,42,0.0,0.0017409069
264,43,0.0,0.0020212648
264,44,0.0,0.0024899468
264,45,0.0,0.0023651537
264,46,0.0,0.0022460269
264,47,0.0,0.0024555856
264,48,0.0,0.0033179442
264,49,0.0,0.002693905
264,50,0.0,0.0034310832
264,51,0.0,0.0019773087
264,52,0.0,0.0024302169
264,53,0.0,0.002629038
264,54,0.0,0.0026438036
264,55,0.0,0.0015954105
264,56,0.0,0.002471954
264,57,0.0,0.0023896685
264,58,0.0,0.0023123273
264,59,0.0,0.003345
264,60,0.0,0.002315157
264,61,0.0,0.0027797981
264,62,0.0,0.0021849684
264,63,-0.149229833236107,0.0022471626
264,64,0.0,0.0027403925
264,65,0.0,0.0024644877
264,66,0.0,0.002614662
264,67,0.0,0.002759335
264,68,0.148890127245899,0.0014772746
264,69,0.0,0.0025913897
264,70,-0.152279187236373,0.0026437985
264,71,0.0,0.0026592072
264,72,0.0,0.0030587371
264,73,0.0,0.0023559094
264,74,0.0,0.0024078288
264,75,0.0,0.002075831
264,76,0.0,0.0025255382
264,77,0.151904437129368,0.0020268038
264,78,0.0,0.0022175382
264,79,0.0,0.0035034143
264,80,0.0,0.0025046505
264,81,0.0,0.003509548
264,82,0.0,0.0017669569
264,83,0.0,0.003632878
264,84,0.0,0.0024595587
264,85,0.153645953339824,0.0025357986
264,86,0.0,0.0026783715
264,87,0.0,0.0024232306
264,88,0.0,0.0018819114
264,89,0.0,0.0021548243
264,90,0.0,0.0019953148
264,91,0.0,0.0016822619
264,92,0.0,0.0032655434
264,93,0.0,0.002205192
264,94,0.0,0.0014775521
264,95,0.0,0.002342212
264,96,0.0,0.0024914774
264,97,0.0,0.0024469304
264,98,0.0,0.0019540163
264,99,-0.15075674210319,0.0016585453
264,100,0.0,0.0033450075
264,101,0.0,0.0032283938
264,102,0.0,0.0017423783
264,103,0.0,0.0026123472
264,104,0.0,0.0023812796
264,105,0.0,0.002551517
264,106,0.0,0.0027044201
264,107,0.0,0.0023496193
264,108,0.0,0.0032686815
264,109,0.0,0.0034644282
264,110,0.0,0.0018407777
264,111,0.0,0.0025991793
264,112,0.0,0.0026477268
264,113,-0.158602165011291,0.0022450802
264,114,0.0,0.0034287213
264,115,0.0,0.0027626362
264,116,0.0,0.0018055984
264,117,0.0,0.0016063806
264,118,0.0,0.0024639661
264,119,0.0,0.0030743745
264,120,0.0,0.0026421738
264,121,0.0,0.003459306
264,122,0.0,0.0019457988
264,123,0.0,0.0027851667
264,124,0.151609168711722,0.0027518151
264,125,0.0,0.002928956
264,126,0.0,0.0017407923
264,127,0.0,0.0018923157
264,128,0.0,0.001682628
264,129,0.148734108005448,0.0020580995
264,130,0.0,0.0017403336
264,131,0.0,0.0035518087
264,132,0.0,0.0020059985
264,133,0.0,0.0031720544
264,134,0.0,0.0022160402
264,135,0.0,0.003446958
264,136,0.0,0.0033500018
264,137,0.0,0.0024440028
264,138,0.0,0.0026171943
264,139,0.0,0.0018351446
264,140,0.0,0.0025013057
264,141,0.0,0.002701458
264,142,0.0,0.0022277413
264,143,0.0,0.0031451583
264,144,0.0,0.0030034045
264,145,0.0,0.0021551573
264,146,0.0,0.0026694662
264,147,0.0,0.002392482
264,148,0.0,0.0020785378
264,149,0.0,0.0026821517
264,150,0.0,0.0014871871
264,151,0.0,0.0022026575
264,152,0.0,0.002098973
264,153,0.0,0.002525012
264,154,0.0,0.0016267113
264,155,0.0,0.0022692773
264,156,0.0,0.003066537
264,157,0.0,0.002458081
264,158,0.0,0.0034508174
264,159,0.145668802149836,0.00198119
264,160,0.0,0.0019301409
264,161,0.0,0.0023890822
264,162,0.0,0.0023858096
264,163,0.0,0.00156382
264,164,0.0,0.002893671
264,165,0.0,0.0030084439
264,166,0.0,0.0019314499
264,167,0.142762983268721,0.0029724077
264,168,0.0,0.0025798297
264,169,0.0,0.0031297766
264,170,0.0,0.0027699205
264,171,0.0,0.0021325294
264,172,0.0,0.0023021088
264,173,0.0,0.0017519179
264,174,0.0,0.0026753992
264,175,0.0,0.0017963471
264,176,0.0,0.001964149
264,177,0.0,0.0020059687
264,178,0.0,0.002114776
264,179,0.0,0.002695647
264,180,-0.150167518822482,0.0027332194
264,181,0.0,0.0018358906
264,182,0.0,0.0018400257
264,183,0.0,0.0027118092
264,184,0.0,0.0024668234
264,185,0.0,0.0027024318
264,186,0.0,0.0014856118
264,187,0.0,0.0025833845
264,188,0.0,0.0024985909
264,189,0.0,0.0027999785
264,190,0.0,0.0022253045
264,191,0.0,0.0014785184
264,192,0.144610461118649,0.0019382788
264,193,0.0,0.0028686323
264,194,0.0,0.0027290345
264,195,-0.149825726465568,0.0014939602
264,196,0.0,0.0029617161
264,197,0.0,0.0023163715
264,198,0.0,0.003374239
264,199,0.0,0.0020694584
264,200,0.0,0.0026420634
264,201,-0.143646210791468,0.0020111846
264,202,0.0,0.002395785
264,203,0.0,0.0024669538
264,204,0.0,0.0025063865
264,205,0.163269612537248,0.001598706
264,206,0.0,0.0016323058
264,207,0.0,0.002645806
264,208,0.0,0.0016424302
264,209,0.143188389352458,0.0026025781
264,210,0.0,0.0023395037
264,211,0.0,0.0026718248
264,212,0.148974084455263,0.0017843703
264,213,0.148734419491385,0.002611862
264,214,0.0,0.002833067
264,215,0.0,0.0017526401
264,216,0.0,0.0023874426
264,217,0.0,0.0027891188
264,218,0.0,0.00346947
264,219,-0.154437561509576,0.0023336671
264,220,0.0,0.0026024086
264,221,0.0,0.0015291143
264,222,0.0,0.0015372294
264,223,0.0,0.0019819438
264,224,0.0,0.0017389706
264,225,0.0,0.0027385456
264,226,0.0,0.0026383284
264,227,0.0,0.0025536604
264,228,0.0,0.0025424836
264,229,0.0,0.0018180576
264,230,0.0,0.0030716895
264,231,0.0,0.001502004
264,232,0.0,0.002783501
264,233,-0.149206375356435,0.0025183782
264,234,0.0,0.0025668158
264,235,0.0,0.003498136
264,236,0.0,0.0026787585
264,237,0.0,0.0017703199
264,238,0.0,0.0031912597
264,239,0.0,0.002788093
264,240,0.135782963138571,0.0024763145
264,241,0.0,0.0035506487
264,242,0.0,0.0032841288
264,243,0.0,0.0020403657
264,244,0.0,0.002334149
264,245,0.0,0.001950582
264,246,0.0,0.002778992
264,247,0.0,0.0026365775
264,248,0.0,0.0029961448
264,249,0.14006793073223,0.001799264
264,250,0.0,0.0024978267
264,251,0.0,0.0014877757
264,252,0.0,0.0017669778
264,253,0.0,0.0022293436
264,254,0.0,0.0024188026
264,255,0.0,0.0023834747
264,256,0.0,0.0015186877
264,257,0.0,0.0029777605
264,258,0.0,0.002343683
264,259,0.0,0.0019681207
264,260,0.0,0.002915896
264,261,0.0,0.0024254657
264,262,0.0,0.0035640309
264,263,0.15026034055611,0.0016874694
264,264,0.0,0.030703487
264,265,0.0,0.0027972325
264,266,0.0,0.0021768445
264,267,0.0,0.0021293168
264,268,0.0,0.0026232642
265,1,0.0,0.0035250792
265,2,0.0,0.0026721857
265,3,0.0,0.0025383178
265,4,0.0,0.0017068353
265,5,0.0,0.0026278556
265,6,0.0,0.0022078147
265,7,0.0,0.0017669788
265,8,0.0,0.0036294349
265,9,0.0,0.0026704865
265,10,0.148538562311802,0.002408525
265,11,0.0,0.0027038222
265,12,0.0,0.0026026396
265,13,0.0,0.0017353916
265,14,0.0,0.002813843
265,15,0.0,0.002262428
265,16,0.0,0.0026303758
265,17,0.0,0.0033792304
265,18,0.0,0.0023950632
265,19,0.0,0.0025243717
265,20,-0.141265306984155,0.0023246165
265,21,0.0,0.0023719678
265,22,0.0,0.0036309888
265,23,0.0,0.0029749735
265,24,0.0,0.0014772546
265,25,0.0,0.0025227056
265,26,0.0,0.0023121214
265,27,0.0,0.0022654473
265,28,0.0,0.00265348
265,29,0.0,0.0024117334
265,30,0.154861424248534,0.002338993
265,31,0.0,0.0027152402
265,32,0.144443168364898,0.0014861799
265,33,0.0,0.0014813277
265,34,0.0,0.0023648408
265,35,0.0,0.002594213
265,36,0.0,0.003559804
265,37,0.0,0.0021570385
265,38,0.145289597840008,0.001924126
265,39,0.0,0.002837785
265,40,0.0,0.0024508266
265,41,0.0,0.0022511384
265,42,0.0,0.0018834686
265,43,-0.149391149791828,0.0025403816
265,44,0.0,0.0017549563
265,45,0.0,0.0023308643
265,46,0.0,0.002598214
265,47,0.0,0.0014879466
265,48,0.0,0.0026670215
265,49,0.0,0.0035953154
265,50,0.0,0.0018264432
265,51,0.0,0.0023724483
265,52,0.0,0.0033638831
265,53,0.0,0.0020452403
265,54,0.0,0.0014593452
265,55,0.0,0.0027665575
265,56,0.0,0.0022918656
265,57,0.0,0.0026749996
265,58,0.0,0.0034336164
265,59,0.0,0.0026140572
265,60,0.0,0.0034029726
265,61,-0.137296834149614,0.001782902
265,62,0.0,0.0024604956
265,63,0.0,0.00247607
265,64,0.0,0.0033809096
265,65,0.0,0.002522443
265,66,0.0,0.001885674
265,67,0.0,0.0024467413
265,68,0.0,0.0020625428
265,69,0.0,0.0023846896
265,70,0.0,0.0023289328
265,71,0.0,0.0034648636
265,72,0.0,0.0016353843
265,73,0.0,0.0022426117
265,74,0.0,0.0018904475
265,75,0.0,0.002356993
265,76,0.0,0.0018712971
265,77,0.0,0.0015100595
265,78,0.0,0.0024832566
265,79,0.0,0.0028224518
265,80,0.0,0.0015812945
265,81,0.0,0.002718418
265,82,0.0,0.0025633718
265,83,0.0,0.001979189
265,84,-0.151515465153973,0.00267189
265,85,0.0,0.0036090715
265,86,0.0,0.001484618
265,87,0.0,0.0025067227
265,88,0.0,0.0024594716
265,89,0.0,0.0026899665
265,90,0.0,0.0014680196
265,91,0.0,0.0017421609
265,92,0.0,0.0026491648
265,93,0.0,0.0020975666
265,94,0.0,0.002420602
265,95,0.0,0.0021961252
265,96,0.0,0.002979246
265,97,0.0,0.0025249226
265,98,0.0,0.0032077045
265,99,0.0,0.0031675994
265,100,0.0,0.0027620662
265,101,0.0,0.0023198249
265,102,0.0,0.0023179185
265,103,0.0,0.0027887337
265,104,0.0,0.0026539355
265,105,0.0,0.0033614575
265,106,0.157016595428149,0.0019894675
265,107,0.0,0.0014660377
265,108,0.0,0.002084169
265,109,0.0,0.0035857433
265,110,0.0,0.0023746863
265,111,0.0,0.0027737152
265,112,0.0,0.0018270365
265,113,-0.158403022186923,0.0025231317
265,114,0.0,0.0029795254
265,115,0.0,0.0027457345
265,116,0.0,0.0019046958
265,117,0.0,0.0030658846
265,118,0.0,0.0023234147
265,119,0.0,0.0025272416
265,120,0.0,0.0024335403
265,121,0.0,0.0026484584
265,122,-0.146740074942646,0.002330379
265,123,0.0,0.0025160378
265,124,0.0,0.0016656048
265,125,0.0,0.0025036107
265,126,0.0,0.0017002346
265,127,0.0,0.0016719578
265,128,0.0,0.0034552966
265,129,0.148547355634534,0.0024502925
265,130,0.0,0.0024661552
265,131,0.0,0.0015582815
265,132,0.0,0.0017398223
265,133,0.0,0.0022937013
265,134,0.0,0.0027148984
265,135,0.0,0.0018066433
265,136,0.0,0.0023733424
265,137,0.0,0.0022209054
265,138,0.0,0.0027798954
265,139,0.0,0.0016430104
265,140,0.0,0.0033398052
265,141,0.0,0.002556196
265,142,0.0,0.0015055714
265,143,0.0,0.0021976894
265,144,0.0,0.0026804004
265,145,0.0,0.002020354
265,146,0.0,0.0027514813
265,147,0.0,0.0020644567
265,148,0.15957080450974,0.0028446452
265,149,0.0,0.0027190335
265,150,0.0,0.0015688278
265,151,0.0,0.0028317566
265,152,0.0,0.0026796786
265,153,-0.158266056978931,0.0025422736
265,154,0.0,0.0016457727
265,155,0.0,0.002045421
265,156,0.0,0.0023378949
265,157,0.155768859336628,0.0024005105
265,158,0.0,0.0023494693
265,159,0.0,0.0020621684
265,160,0.0,0.0025087716
265,161,0.0,0.0026299064
265,162,0.0,0.0016155979
265,163,0.0,0.0017895214
265,164,0.0,0.0017415881
265,165,0.0,0.0019680075
265,166,0.0,0.0025257189
265,167,0.142583728315289,0.003578891
265,168,0.0,0.0021458426
265,169,0.0,0.0030185543
265,170,0.0,0.0017160466
265,171,0.0,0.0018814625
265,172,0.0,0.0023456411
265,173,0.0,0.0018635034
265,174,0.0,0.0014913874
265,175,0.0,0.0018586917
265,176,0.0,0.0027235318
265,177,0.0,0.0023355815
265,178,0.0,0.002023765
265,179,0.0,0.0014931802
265,180,0.0,0.0024288916
265,181,0.0,0.0026948764
265,182,0.0,0.003004374
265,183,0.0,0.0023735943
265,184,0.0,0.0023292964
265,185,0.0,0.0028800447
265,186,0.0,0.0024564932
265,187,0.14850766348211,0.002471569
265,188,0.0,0.0023372257
265,189,0.0,0.002093994
265,190,-0.147735068603315,0.002587066
265,191,0.0,0.0027444838
265,192,0.0,0.001492376
265,193,0.0,0.0017298157
265,194,0.0,0.0023018145
265,195,0.0,0.0019249525
265,196,0.0,0.001768624
265,197,0.0,0.002020787
265,198,0.0,0.0017184499
265,199,0.0,0.0030201846
265,200,0.0,0.0016616057
265,201,0.0,0.002587061
265,202,0.0,0.0014934749
265,203,0.0,0.002465818
265,204,0.0,0.0027809707
265,205,0.163064609208498,0.0015424304
265,206,0.0,0.0015174276
265,207,0.0,0.001892522
265,208,0.0,0.00155188
265,209,0.0,0.002502507
265,210,0.0,0.0027035116
265,211,0.0,0.0026694424
265,212,0.0,0.0030110325
265,213,0.0,0.003181534
265,214,0.0,0.0030309623
265,215,0.0,0.0015343488
265,216,0.0,0.0026229434
265,217,0.139030359815065,0.0027043964
265,218,0.0,0.0014902176
265,219,0.0,0.0023828484
265,220,0.0,0.002239468
265,221,0.0,0.002785115
265,222,0.0,0.0023101415
265,223,0.0,0.0025013802
265,224,0.148885777166718,0.0014858721
265,225,0.0,0.0023078644
265,226,0.0,0.0024836226
265,227,0.0,0.003033414
265,228,0.0,0.0016461951
265,229,0.0,0.0035644402
265,230,0.0,0.0018258048
265,231,0.0,0.0021363208
265,232,0.0,0.0035745008
265,233,0.0,0.002206163
265,234,0.0,0.0031828703
265,235,0.0,0.0020129266
265,236,0.0,0.0022011083
265,237,0.0,0.0023993538
265,238,0.0,0.002521148
265,239,0.0,0.0023757322
265,240,0.0,0.0022776267
265,241,0.0,0.0015213266
265,242,0.0,0.0019041072
265,243,-0.142388847449521,0.003470759
265,244,0.0,0.002772586
265,245,0.0,0.0018975595
265,246,0.0,0.0018904209
265,247,0.0,0.002138
265,248,-0.173318216774757,0.002691946
265,249,0.0,0.0019854172
265,250,0.0,0.0034897067
265,251,0.0,0.0025948905
265,252,0.0,0.0027541541
265,253,0.0,0.0025293496
265,254,0.0,0.0015960559
265,255,0.0,0.0020819441
265,256,0.0,0.0025612228
265,257,0.0,0.002173034
265,258,0.0,0.0031054746
265,259,0.0,0.002081614
265,260,0.144848047862552,0.0034513022
265,261,0.0,0.0015846314
265,262,0.0,0.0022612815
265,263,0.0,0.0029488183
265,264,-0.147964739557764,0.0027972325
265,265,0.0,0.030703487
265,266,0.169284057936865,0.0015529115
265,267,0.0,0.0017173481
265,268,-0.161484725836956,0.0035358467
266,1,0.0,0.0016703708
266,2,0.0,0.0027596839
266,3,0.0,0.0024531977
266,4,0.0,0.0023166612
266,5,0.0,0.002686982
266,6,0.0,0.0035940083
266,7,0.0,0.0035726717
266,8,0.0,0.0027468456
266,9,0.0,0.0034852093
266,10,0.0,0.0024038488
266,11,0.0,0.0032647243
266,12,0.0,0.0022926596
266,13,0.0,0.0016862294
266,14,0.0,0.003019371
266,15,0.0,0.0017389813
266,16,0.0,0.0023241234
266,17,0.146593515601591,0.0030373386
266,18,0.0,0.0023711594
266,19,-0.143890357949363,0.00224043
266,20,0.0,0.0014976403
266,21,0.0,0.0023223064
266,22,0.0,0.001761999
266,23,0.0,0.002372854
266,24,0.0,0.0031088935
266,25,0.0,0.0023846547
266,26,0.0,0.0024631312
266,27,0.139070614290715,0.002599964
266,28,0.0,0.0020544804
266,29,0.0,0.0021723052
266,30,0.0,0.0021658186
266,31,-0.129753800528501,0.0015219748
266,32,0.0,0.0022077453
266,33,0.0,0.0019906554
266,34,0.0,0.0020997324
266,35,0.0,0.0023357272
266,36,0.0,0.0024400754
266,37,0.0,0.0027622324
266,38,0.0,0.0017639659
266,39,0.0,0.0017081806
266,40,0.0,0.0027820156
266,41,0.0,0.0024164459
266,42,0.0,0.0017589903
266,43,0.0,0.0017266739
266,44,0.0,0.0033855406
266,45,0.0,0.0021546842
266,46,0.0,0.0015778653
266,47,0.0,0.0034051146
266,48,0.0,0.0015543564
266,49,0.0,0.0014817431
266,50,0.0,0.0032952307
266,51,0.0,0.0022897455
266,52,0.0,0.0024645547
266,53,0.0,0.0014932281
266,54,0.0,0.0018892819
266,55,0.0,0.002773079
266,56,0.0,0.0018175584
266,57,0.0,0.002869504
266,58,-0.143072510324854,0.0030439976
266,59,0.0,0.0024595945
266,60,0.0,0.0025158687
266,61,0.0,0.0018887925
266,62,0.137576539524053,0.0024706903
266,63,0.0,0.0027212114
266,64,0.0,0.002201701
266,65,0.0,0.0017967168
266,66,0.0,0.0026158588
266,67,0.0,0.0020738686
266,68,0.0,0.0014933604
266,69,0.0,0.0027041477
266,70,0.0,0.002429408
266,71,-0.159000486871409,0.0020340956
266,72,0.0,0.0030466951
266,73,0.0,0.0020174254
266,74,0.0,0.0025076438
266,75,0.0,0.0027567837
266,76,0.141878364836036,0.0018850099
266,77,0.0,0.0023607137
266,78,0.131874150239117,0.0014954386
266,79,0.0,0.0017712489
266,80,0.0,0.0021133511
266,81,0.0,0.0016868194
266,82,0.0,0.0026397198
266,83,0.0,0.0017296127
266,84,0.0,0.0015912065
266,85,0.0,0.002786147
266,86,0.0,0.0020471811
266,87,0.0,0.0024396316
266,88,0.0,0.0024330346
266,89,0.137649476599455,0.0027968842
266,90,0.0,0.0025515906
266,91,0.140970565251696,0.002681734
266,92,0.0,0.0021024062
266,93,0.0,0.0021092603
266,94,0.0,0.0019238619
266,95,0.0,0.002624807
266,96,0.0,0.0023146844
266,97,0.0,0.0025439109
266,98,0.0,0.0026345658
266,99,0.0,0.0024929773
266,100,0.0,0.0023594014
266,101,0.0,0.0027642888
266,102,0.0,0.0025265836
266,103,0.0,0.0027899873
266,104,0.0,0.0024159732
266,105,0.0,0.002200195
266,106,0.0,0.0021026619
266,107,0.0,0.0023437482
266,108,0.149922495557385,0.002773163
266,109,0.0,0.0027714549
266,110,0.0,0.0017274083
266,111,0.0,0.0025373427
266,112,0.0,0.0024839193
266,113,0.0,0.0030124537
266,114,0.0,0.0025458708
266,115,0.0,0.0026311842
266,116,0.0,0.0026733512
266,117,0.0,0.0023037791
266,118,0.0,0.002744353
266,119,0.0,0.002260888
266,120,0.0,0.002349669
266,121,0.0,0.002067638
266,122,0.0,0.0027269833
266,123,0.0,0.0021263957
266,124,0.0,0.0030348785
266,125,0.0,0.00279757
266,126,0.0,0.0029278542
266,127,0.0,0.0027366616
266,128,0.0,0.0023877313
266,129,0.0,0.002350342
266,130,0.0,0.0029460718
266,131,0.0,0.002307367
266,132,0.0,0.0035746759
266,133,0.0,0.0034254505
266,134,0.0,0.0014986666
266,135,0.0,0.0034146062
266,136,0.0,0.0028433069
266,137,0.0,0.0033836677
266,138,0.0,0.0018949108
266,139,0.0,0.0018893564
266,140,0.0,0.0015107011
266,141,0.0,0.003588615
266,142,-0.145070384560935,0.0024955524
266,143,0.0,0.0014796508
266,144,0.154195237656964,0.003507439
266,145,0.0,0.0024676612
266,146,0.0,0.0015693381
266,147,0.0,0.0016497448
266,148,0.0,0.0035484894
266,149,0.0,0.0027498286
266,150,0.0,0.0027778782
266,151,0.0,0.0030622003
266,152,0.0,0.0025088112
266,153,0.0,0.0021496434
266,154,0.0,0.0022606505
266,155,0.0,0.0027034204
266,156,0.0,0.0017576027
266,157,0.0,0.0016194787
266,158,0.0,0.002775603
266,159,0.0,0.0024355976
266,160,0.0,0.0027096798
266,161,0.0,0.0016413629
266,162,0.0,0.0025727921
266,163,0.0,0.0018838001
266,164,0.0,0.0025125807
266,165,0.0,0.0024748067
266,166,0.0,0.0025213943
266,167,-0.134647768980775,0.0018497496
266,168,0.0,0.0023939447
266,169,0.0,0.0029167063
266,170,0.0,0.0025658645
266,171,0.0,0.0023472388
266,172,0.0,0.0020670267
266,173,0.0,0.0021942193
266,174,0.0,0.0021152925
266,175,0.0,0.0023006978
266,176,0.0,0.0026229164
266,177,0.0,0.002269911
266,178,0.0,0.0017526844
266,179,0.143805836955126,0.001741637
266,180,0.141631401360999,0.0017288649
266,181,0.0,0.0029183351
266,182,0.0,0.0014742105
266,183,0.0,0.00270868
266,184,0.0,0.0015055346
266,185,0.0,0.0024567833
266,186,0.0,0.0014927918
266,187,0.0,0.0024724402
266,188,0.0,0.002831961
266,189,0.0,0.002274801
266,190,0.0,0.0026709335
266,191,0.0,0.0023873649
266,192,0.0,0.002764232
266,193,0.0,0.0016954136
266,194,0.0,0.0033863392
266,195,0.0,0.001672958
266,196,0.0,0.003388586
266,197,0.0,0.0027111005
266,198,0.0,0.0025162902
266,199,0.0,0.00276573
266,200,0.0,0.0025830315
266,201,0.0,0.0026673698
266,202,0.0,0.0027336823
266,203,0.0,0.002330828
266,204,0.138034056347402,0.002347786
266,205,0.0,0.0018887147
266,206,-0.15181104549416,0.0026665535
266,207,0.0,0.0023601335
266,208,0.0,0.0026029488
266,209,0.0,0.0027262373
266,210,0.0,0.0025056647
266,211,0.0,0.0023367265
266,212,0.0,0.0018251245
266,213,0.0,0.0020764982
266,214,0.0,0.002310526
266,215,0.0,0.0014904868
266,216,0.0,0.0014943453
266,217,0.0,0.002253953
266,218,0.0,0.0023452477
266,219,0.0,0.0014670012
266,220,0.0,0.002032125
266,221,0.130371604282132,0.0024363357
266,222,0.0,0.003479863
266,223,0.0,0.0029676333
266,224,0.0,0.0015453612
266,225,0.0,0.002720646
266,226,0.0,0.0025509638
266,227,0.0,0.0027676784
266,228,0.0,0.0023028501
266,229,0.0,0.002381484
266,230,0.0,0.0026703048
266,231,0.0,0.0023964667
266,232,0.0,0.0022739768
266,233,0.0,0.002472653
266,234,0.0,0.003375942
266,235,0.0,0.0015045847
266,236,-0.131966868426977,0.0027555595
266,237,0.0,0.0020921272
266,238,0.0,0.001960191
266,239,0.0,0.0015556188
266,240,0.0,0.0023780316
266,241,0.0,0.0024139388
266,242,0.0,0.0021068905
266,243,0.0,0.0016008667
266,244,0.0,0.0025957576
266,245,-0.143601481092311,0.0019628499
266,246,0.0,0.0027959594
266,247,0.0,0.002347169
266,248,0.0,0.003272649
266,249,0.0,0.002607
266,250,0.0,0.0018507265
266,251,0.0,0.0026788744
266,252,0.0,0.002572341
266,253,0.0,0.0015802695
266,254,0.0,0.0030286093
266,255,0.0,0.0021671308
266,256,0.0,0.0027150763
266,257,0.0,0.0015203478
266,258,0.0,0.0034560086
266,259,0.0,0.0025872202
266,260,0.0,0.0024725464
266,261,0.0,0.0015724576
266,262,0.138965508671057,0.002276895
266,263,0.0,0.001731059
266,264,0.0,0.0021768445
266,265,0.0,0.0015529115
266,266,0.0,0.030703487
266,267,0.0,0.0021339115
266,268,0.0,0.003399781
267,1,0.152993795132381,0.0023390828
267,2,0.0,0.0022338033
267,3,0.0,0.0023670592
267,4,0.0,0.002593644
267,5,0.0,0.003256252
267,6,0.0,0.001530108
267,7,0.0,0.0031524259
267,8,0.0,0.002575581
267,9,0.0,0.0016004597
267,10,0.0,0.0023607481
267,11,0.0,0.0025746417
267,12,-0.144623437145992,0.0024465607
267,13,0.0,0.001616477
267,14,0.0,0.0019761296
267,15,0.0,0.0021093823
267,16,0.0,0.0024597053
267,17,0.157342840369863,0.002187055
267,18,0.0,0.0023457254
267,19,0.0,0.0031338315
267,20,0.0,0.0022597224
267,21,0.0,0.0025467295
267,22,0.0,0.0026967996
267,23,0.0,0.0024952022
267,24,0.0,0.0018925234
267,25,0.0,0.0017429204
267,26,0.0,0.00339344
267,27,0.0,0.0014932868
267,28,0.0,0.0025455905
267,29,0.0,0.0014874008
267,30,0.0,0.0025579934
267,31,0.0,0.0022993512
267,32,0.0,0.0025389101
267,33,0.0,0.001642643
267,34,0.0,0.0023731478
267,35,0.0,0.0025866595
267,36,0.0,0.0018574279
267,37,0.0,0.0031792233
267,38,0.0,0.001675243
267,39,0.0,0.0025347522
267,40,0.0,0.0023017605
267,41,0.0,0.002445269
267,42,0.0,0.0020656
267,43,0.0,0.0029826816
267,44,0.0,0.0028272667
267,45,0.0,0.002480419
267,46,0.0,0.0027475157
267,47,0.0,0.002017905
267,48,0.0,0.001739895
267,49,0.0,0.002434018
267,50,0.0,0.0024821213
267,51,0.154434757782247,0.0031447918
267,52,0.0,0.0027542184
267,53,0.0,0.0025868989
267,54,0.0,0.0035680048
267,55,0.0,0.0025417814
267,56,0.0,0.002650042
267,57,0.0,0.0024474044
267,58,0.0,0.00251364
267,59,0.155240381224817,0.0025024419
267,60,0.0,0.0022221464
267,61,0.0,0.002788716
267,62,0.0,0.0024013817
267,63,0.0,0.003421334
267,64,0.0,0.0033763708
267,65,0.0,0.0028645587
267,66,0.0,0.0014797719
267,67,0.0,0.0017441837
267,68,0.0,0.003176928
267,69,0.0,0.0033781086
267,70,0.0,0.0019066241
267,71,0.0,0.0022808625
267,72,0.0,0.0022928887
267,73,0.0,0.002591623
267,74,0.0,0.0015848456
267,75,0.0,0.002652458
267,76,0.0,0.0020074463
267,77,0.0,0.001512425
267,78,0.0,0.002395961
267,79,0.0,0.0015809061
267,80,0.13817367300996,0.002327385
267,81,-0.154205144049647,0.0023277118
267,82,0.0,0.0025798995
267,83,0.166556213898784,0.0023563653
267,84,0.0,0.0020328593
267,85,0.0,0.002422674
267,86,0.0,0.00261578
267,87,0.161226743961622,0.0027241693
267,88,0.0,0.0024301847
267,89,0.0,0.0023277388
267,90,0.0,0.0026022773
267,91,0.0,0.0033466057
267,92,0.0,0.0019281087
267,93,0.0,0.001992966
267,94,0.0,0.0024046851
267,95,0.0,0.0021536825
267,96,0.0,0.0023171194
267,97,0.0,0.0025902186
267,98,0.0,0.002125591
267,99,0.0,0.0016456828
267,100,0.0,0.0023640767
267,101,0.0,0.0017344807
267,102,0.0,0.0019955602
267,103,0.0,0.0014991611
267,104,0.0,0.0022304151
267,105,0.0,0.0014892262
267,106,0.0,0.0026807054
267,107,0.0,0.001625834
267,108,-0.16091592584796,0.002430961
267,109,0.0,0.0025271703
267,110,0.0,0.0022092713
267,111,0.0,0.0023356439
267,112,0.0,0.0030554314
267,113,0.0,0.0021827482
267,114,0.0,0.0022075134
267,115,0.0,0.0027820608
267,116,0.0,0.0034101838
267,117,0.0,0.0017022905
267,118,0.0,0.00266408
267,119,0.0,0.0035239896
267,120,0.0,0.0021567764
267,121,0.0,0.0030257753
267,122,0.148733965614102,0.0019673235
267,123,0.0,0.0020881947
267,124,0.0,0.0018870612
267,125,0.0,0.0021447227
267,126,0.146905080438677,0.0036162767
267,127,0.0,0.0035393625
267,128,0.0,0.0023134658
267,129,0.0,0.0024006595
267,130,0.0,0.0027568033
267,131,0.0,0.0023225239
267,132,0.0,0.0023739366
267,133,0.152351444531329,0.0018577911
267,134,0.0,0.0023106239
267,135,-0.155580530841005,0.0031209183
267,136,0.0,0.002776062
267,137,0.0,0.0020251903
267,138,0.0,0.0025322726
267,139,0.0,0.002253422
267,140,0.0,0.0014639972
267,141,0.0,0.0014966079
267,142,0.0,0.002506277
267,143,0.0,0.0018773973
267,144,0.0,0.0033046016
267,145,0.0,0.002426677
267,146,0.0,0.0025759256
267,147,0.0,0.0024410612
267,148,0.0,0.0021576192
267,149,0.0,0.001980436
267,150,-0.143955185964982,0.0014783354
267,151,0.0,0.0022504767
267,152,0.0,0.003142817
267,153,0.0,0.002974033
267,154,0.0,0.0022793203
267,155,0.0,0.0027890243
267,156,0.0,0.002589942
267,157,0.0,0.0018307287
267,158,0.0,0.002964491
267,159,0.0,0.0016470295
267,160,0.0,0.0027244296
267,161,0.0,0.0027536564
267,162,0.0,0.0016826037
267,163,0.0,0.0023390655
267,164,0.0,0.0019852757
267,165,0.0,0.0026337407
267,166,-0.159591362441132,0.001497345
267,167,0.0,0.0031525083
267,168,0.0,0.00269992
267,169,0.0,0.0026045255
267,170,0.0,0.00205511
267,171,0.0,0.0023093321
267,172,0.161189157182579,0.002745973
267,173,0.0,0.001998946
267,174,-0.147258498050851,0.0026335116
267,175,0.0,0.002381742
267,176,0.0,0.0019149501
267,177,0.0,0.0023240792
267,178,0.0,0.0020887745
267,179,0.0,0.0023335516
267,180,-0.152016867078,0.002678249
267,181,0.0,0.002525868
267,182,0.0,0.0022822255
267,183,0.0,0.0023207185
267,184,0.0,0.001740837
267,185,0.0,0.0029171668
267,186,0.0,0.0029782625
267,187,0.0,0.0023864582
267,188,0.0,0.0023474805
267,189,0.0,0.0027887025
267,190,0.0,0.0025439984
267,191,0.0,0.0031888075
267,192,0.0,0.0015133312
267,193,0.0,0.0022173226
267,194,0.167572052407259,0.0027064136
267,195,0.0,0.0020430936
267,196,0.0,0.0019864226
267,197,0.0,0.0023585586
267,198,0.0,0.0026135421
267,199,0.0,0.0016614562
267,200,0.0,0.002162538
267,201,0.0,0.0018589115
267,202,0.0,0.0022614207
267,203,0.147054609842699,0.0032008816
267,204,0.0,0.0023033186
267,205,0.0,0.0032718033
267,206,0.16294295828533,0.0023881826
267,207,0.0,0.002345913
267,208,0.0,0.0026643407
267,209,0.0,0.001770692
267,210,0.0,0.0035387338
267,211,0.0,0.0027383831
267,212,0.0,0.002059301
267,213,0.0,0.0027441694
267,214,0.0,0.0024203155
267,215,0.0,0.0016157809
267,216,0.0,0.003508836
267,217,0.0,0.0034419396
267,218,0.0,0.0016727559
267,219,0.0,0.0026000272
267,220,0.0,0.0017000502
267,221,0.0,0.0024889018
267,222,0.0,0.0015576286
267,223,0.0,0.0014893832
267,224,0.0,0.00171712
267,225,0.0,0.0016729007
267,226,0.0,0.0019566324
267,227,0.0,0.0027623032
267,228,0.0,0.0027036606
267,229,0.0,0.0029717847
267,230,0.0,0.0021357927
267,231,0.0,0.002725815
267,232,0.0,0.0026595076
267,233,0.0,0.0034404672
267,234,0.0,0.0018473575
267,235,0.0,0.0016788738
267,236,0.0,0.0015146909
267,237,0.0,0.0024999636
267,238,0.0,0.0024414603
267,239,0.0,0.0021642228
267,240,0.0,0.0027710665
267,241,0.0,0.0014774278
267,242,0.0,0.0016010893
267,243,0.0,0.0025167437
267,244,0.0,0.0024861163
267,245,0.0,0.003414351
267,246,0.0,0.0019546426
267,247,0.182404015684438,0.0033092387
267,248,0.0,0.002507912
267,249,0.0,0.0026378874
267,250,0.0,0.0022538705
267,251,0.0,0.0021200292
267,252,0.0,0.0021179179
267,253,0.147640864561743,0.0035177362
267,254,0.0,0.0025420645
267,255,0.0,0.0029152902
267,256,0.0,0.002389459
267,257,0.0,0.0022736904
267,258,0.0,0.0027218396
267,259,-0.143378918669566,0.0024313284
267,260,0.0,0.0025542136
267,261,0.0,0.002499301
267,262,0.14915549134637,0.0023969314
267,263,0.0,0.0025704643
267,264,0.0,0.0021293168
267,265,0.0,0.0017173481
267,266,0.0,0.0021339115
267,267,0.0,0.030703487
267,268,0.0,0.002441165
268,1,0.0,0.003279584
268,2,0.0,0.0025582793
268,3,-0.159800418429749,0.0032449444
268,4,0.0,0.0024548378
268,5,0.137383348524659,0.002321038
268,6,0.0,0.0033953502
268,7,0.0,0.001496553
268,8,0.0,0.0027128998
268,9,0.0,0.0026923395
268,10,0.0,0.0020925635
268,11,0.0,0.002367434
268,12,0.0,0.0031199325
268,13,0.0,0.001805454
268,14,0.0,0.00242384
268,15,0.0,0.0014956873
268,16,0.0,0.0014828234
268,17,0.0,0.0023417175
268,18,0.0,0.0015863939
268,19,0.0,0.0035219318
268,20,0.0,0.0028152666
268,21,0.0,0.0025306912
268,22,0.0,0.0027034148
268,23,0.0,0.002233087
268,24,0.0,0.0018322859
268,25,-0.161426087120983,0.0023129433
268,26,0.0,0.0017734352
268,27,0.0,0.0022761864
268,28,0.0,0.0036279145
268,29,0.0,0.0022435035
268,30,0.0,0.0024984442
268,31,0.0,0.0025840304
268,32,0.0,0.0033408026
268,33,0.0,0.0027181446
268,34,0.0,0.0026524356
268,35,0.0,0.0016503842
268,36,0.0,0.0026954338
268,37,0.144919937412562,0.0021881284
268,38,0.0,0.0014853338
268,39,0.0,0.0024178461
268,40,0.0,0.00242905
268,41,0.0,0.0023772381
268,42,0.0,0.002694088
268,43,0.0,0.0024610586
268,44,0.0,0.0026470744
268,45,-0.155369326412866,0.0025503868
268,46,0.0,0.0023867828
268,47,0.0,0.0021233242
268,48,0.143551681016193,0.0014988976
268,49,0.0,0.0015168609
268,50,0.148692921530864,0.0016399757
268,51,0.0,0.0016829018
268,52,0.0,0.001860911
268,53,0.0,0.0017408947
268,54,0.0,0.0020202524
268,55,0.0,0.0032283245
268,56,0.0,0.0021036672
268,57,-0.154664903047265,0.0024441672
268,58,0.0,0.0024405262
268,59,0.0,0.0024268613
268,60,0.0,0.002161079
268,61,0.0,0.0029798672
268,62,0.0,0.0033876966
268,63,0.152954060242725,0.0017703217
268,64,0.0,0.0020237472
268,65,0.0,0.001590834
268,66,0.0,0.0024678302
268,67,0.0,0.0025739619
268,68,0.0,0.0023476435
268,69,0.0,0.0026761587
268,70,0.0,0.0024163723
268,71,-0.172790659952141,0.0021849526
268,72,0.0,0.0025821258
268,73,0.0,0.0019845301
268,74,0.0,0.0026396126
268,75,0.0,0.0020661722
268,76,0.0,0.0024718326
268,77,0.0,0.0035371734
268,78,0.0,0.0016206484
268,79,0.0,0.0021763179
268,80,0.0,0.0021244846
268,81,0.0,0.0022448385
268,82,0.0,0.0029248064
268,83,0.0,0.0016246382
268,84,0.0,0.0022684382
268,85,0.0,0.002201696
268,86,0.0,0.0025173286
268,87,0.0,0.001825809
268,88,0.0,0.0025458373
268,89,0.149587868387611,0.0023153136
268,90,0.0,0.0014807791
268,91,0.0,0.0026592058
268,92,0.0,0.0014801929
268,93,0.0,0.0030705524
268,94,0.0,0.003299519
268,95,0.0,0.0016729706
268,96,0.0,0.0023741927
268,97,0.0,0.0016635121
268,98,0.0,0.0015445952
268,99,0.0,0.0027627717
268,100,0.0,0.0025064466
268,101,0.0,0.0023440607
268,102,0.0,0.0025936496
268,103,0.0,0.0022410108
268,104,0.0,0.0034900568
268,105,0.145254882041037,0.0021516676
268,106,0.0,0.0033196914
268,107,0.0,0.002214775
268,108,-0.162925330977025,0.0014866535
268,109,0.0,0.0020642555
268,110,0.14303225053476,0.0027435087
268,111,0.0,0.002643174
268,112,0.0,0.0020572785
268,113,-0.162560290899621,0.0022964505
268,114,0.147360496398288,0.0017761523
268,115,0.0,0.0015208614
268,116,0.138805481537147,0.0024685157
268,117,0.0,0.0024492075
268,118,0.0,0.0027718935
268,119,-0.14586434626708,0.0015574349
268,120,0.0,0.0027806358
268,121,0.0,0.0018737977
268,122,0.0,0.0026156125
268,123,0.0,0.002984479
268,124,0.0,0.00229936
268,125,0.0,0.0025530085
268,126,0.0,0.0022662962
268,127,0.0,0.0035352833
268,128,0.0,0.0030249902
268,129,0.0,0.0014972365
268,130,0.0,0.0033841268
268,131,0.0,0.0026351055
268,132,0.0,0.0017779972
268,133,0.0,0.0017426959
268,134,0.0,0.0022990843
268,135,0.0,0.0018909071
268,136,0.0,0.0030142292
268,137,0.0,0.0026905765
268,138,0.0,0.0026625916
268,139,0.0,0.0025339113
268,140,0.0,0.0032296358
268,141,0.0,0.0015191915
268,142,0.0,0.0024062628
268,143,0.158218152153339,0.0020520706
268,144,0.0,0.0016063089
268,145,0.0,0.0025640386
268,146,0.0,0.003363639
268,147,0.0,0.002388442
268,148,0.0,0.0032327324
268,149,0.0,0.002601358
268,150,0.0,0.0019823033
268,151,0.0,0.0024181101
268,152,0.0,0.0025224388
268,153,-0.162419731055832,0.0027788384
268,154,0.0,0.0017992812
268,155,0.0,0.0025128946
268,156,0.0,0.0016535078
268,157,0.0,0.0031086286
268,158,0.0,0.0024916385
268,159,0.0,0.0031719944
268,160,0.0,0.0023555458
268,161,0.146470731751509,0.0017422782
268,162,0.0,0.0020212238
268,163,0.0,0.0022494132
268,164,0.0,0.0016517979
268,165,0.0,0.0026204046
268,166,0.0,0.0026517399
268,167,0.0,0.003549403
268,168,0.0,0.002582098
268,169,0.0,0.001992852
268,170,0.0,0.0033798479
268,171,0.0,0.0019179182
268,172,0.0,0.002994996
268,173,0.0,0.0025474182
268,174,0.0,0.00305537
268,175,0.0,0.0017080102
268,176,0.0,0.0025097746
268,177,0.0,0.0032286681
268,178,0.0,0.0019674483
268,179,0.0,0.0024833935
268,180,0.0,0.0020572832
268,181,0.0,0.0027770754
268,182,0.0,0.0014922223
268,183,0.0,0.0024496429
268,184,0.0,0.0020116135
268,185,0.0,0.0028007645
268,186,-0.140821256064997,0.0025323788
268,187,0.0,0.0025592055
268,188,0.0,0.0015572659
268,189,-0.153073302498486,0.0016341484
268,190,0.0,0.0025579035
268,191,0.0,0.0036209505
268,192,0.0,0.0014808993
268,193,0.0,0.0017593028
268,194,0.0,0.003338574
268,195,0.153564824772449,0.002227514
268,196,0.0,0.0027447925
268,197,0.0,0.0017346335
268,198,0.0,0.0017590644
268,199,0.0,0.003579115
268,200,0.0,0.0019384376
268,201,0.0,0.001577077
268,202,0.0,0.0021177996
268,203,0.0,0.00241407
268,204,0.0,0.0014882185
268,205,0.0,0.0018033902
268,206,0.0,0.002204353
268,207,0.0,0.003333699
268,208,0.0,0.0021885145
268,209,0.0,0.0026558652
268,210,0.0,0.0024814364
268,211,0.0,0.002283053
268,212,0.0,0.003048927
268,213,0.0,0.0014843512
268,214,0.0,0.0020939386
268,215,0.0,0.0026454898
268,216,0.0,0.0023199362
268,217,0.0,0.0024156761
268,218,0.0,0.0020552464
268,219,0.158291754233226,0.0024234438
268,220,0.0,0.0015147869
268,221,0.0,0.0025501861
268,222,0.0,0.0035977773
268,223,0.0,0.0026908386
268,224,0.0,0.0023868978
268,225,0.0,0.0014946945
268,226,0.152754636875079,0.0027938392
268,227,0.0,0.0021335678
268,228,0.0,0.0019316436
268,229,0.0,0.0014645499
268,230,0.0,0.0034849267
268,231,0.0,0.0023566703
268,232,0.0,0.0025743027
268,233,0.0,0.0026533813
268,234,0.0,0.0026365058
268,235,0.0,0.0016697897
268,236,0.0,0.0025646002
268,237,0.0,0.0026139505
268,238,0.0,0.0022427621
268,239,0.0,0.0019561606
268,240,0.0,0.00357468
268,241,0.0,0.002351801
268,242,0.0,0.0027670912
268,243,0.0,0.0025217272
268,244,0.0,0.001715133
268,245,0.0,0.0022446988
268,246,0.16219058761184,0.0031560804
268,247,0.0,0.0032511852
268,248,0.0,0.0027089645
268,249,0.0,0.0024844022
268,250,0.0,0.0023317868
268,251,0.0,0.002979794
268,252,-0.149844808353309,0.0026285532
268,253,0.0,0.0023902752
268,254,-0.155556234773322,0.0017418517
268,255,0.0,0.00199957
268,256,0.0,0.002305653
268,257,0.0,0.002388453
268,258,-0.15869460738117,0.0027957377
268,259,0.0,0.0023579495
268,260,0.0,0.0021419446
268,261,0.0,0.0020529563
268,262,-0.15101804042447,0.0015435657
268,263,0.0,0.0035846638
268,264,0.0,0.0026232642
268,265,0.151657394485658,0.0035358467
268,266,0.0,0.003399781
268,267,0.0,0.002441165
268,268,0.0,0.030703487
