Var1,Var2,betas_dgp,cov_dgp,beta_2x2
1,1,0,1,1
1,2,0.123205440804368,-0.0870066010010238,-0.0470409605187843
1,3,0,-0.0424671150976752,-0.140959285250373
1,4,0,0.013181959704564,0.0364320131999097
1,5,0,-0.0158435665771117,0.00457708097058668
1,6,0,-0.0548778964422067,-0.290993996743078
1,7,0,0.0342090217092711,0.0666992287352576
1,8,0,-0.0308908417291814,-0.18246294357793
1,9,0,-0.0505583490747611,-0.0441655321492369
1,10,0.116392839669027,-0.127423855978743,-0.105646907741404
1,11,0,-0.0328180743819981,-0.0144090196710073
1,12,0,-0.0217136649703871,-0.155090762214203
1,13,0,0.017053689902374,0.0554398907111379
1,14,0,-0.0528399837149807,0.0384455560226174
1,15,0,-0.0664850079246418,0.028072570995241
1,16,0,-0.0331942314355138,-0.183940164259182
1,17,0,0.00147180089739336,0.0955641290445575
1,18,0,0.0118988698909945,0.148754310521025
1,19,0,0.0148570816568229,-0.0397357661917427
1,20,0,0.0379894697657564,0.113058825256482
1,21,0,0.00855238521548746,-0.0844680169061077
1,22,0,-0.0262404737130952,-0.167281655915214
1,23,0,0.00938332962797193,0.0539573580848457
1,24,-0.118526298528328,-0.0615342864925837,-0.0515878221030072
1,25,0,-0.0163599004359877,0.0802593088312692
1,26,0.114905379583008,0.0386453936476815,0.227954029289373
1,27,0,-0.0947289473565195,-0.0857275230598345
1,28,0,0.0763357680317067,0.159782179274134
1,29,0,-0.00289263215003688,0.107903763846929
1,30,0,-0.0430768748393314,-0.0271560370408717
1,31,0,-0.0609606107715768,0.0878075199520708
1,32,0,-0.114509471253636,-0.0468739445192525
1,33,0,-0.0382848440661013,-0.0875758616675
1,34,0,-0.030979298422752,0.0269343827383239
1,35,0,-0.15644332268044,-0.174430909337678
1,36,0,0.0370138950134022,-0.0992343398159162
1,37,0.123740240036999,0.100198651750955,-0.127751901489814
1,38,0,0.0333219626114679,0.00719527489312826
1,39,0,-0.0315974028317317,0.0791764790060859
1,40,0,-0.00858373517881045,-0.0943426579855696
1,41,0,-0.0407597309735045,0.0749044598024235
1,42,0,0.0433618559146265,0.16557880836196
1,43,0,-0.0228789279806231,-0.0144202307560193
1,44,0,0.0255965605599529,-0.0245156164486174
1,45,0,0.103947424183479,0.20846441789795
1,46,0,0.0985136766108386,0.154605921033857
1,47,0,-0.0181814127195734,-0.057143221794424
1,48,0,0.026501101834604,0.0936209034602052
1,49,0,0.0694810287709714,0.087402006647063
1,50,0,-0.0676966093441691,-0.117536121625486
1,51,0,0.140879055090921,0.21815777200386
1,52,0,-0.00760707141846646,0.067078040574946
1,53,0,0.0270284034147968,0.0446085773273827
1,54,0,-0.154680777890076,-0.042917506439446
1,55,0,-0.0672178325987426,-0.150927924024477
1,56,0,0.0754768493356029,0.0460354563590356
1,57,0,0.0432399691594109,0.149659035979179
1,58,0,0.0439347165721058,0.202923985650012
1,59,0,0.0192722627591122,0.142474979481101
1,60,0,-0.0157266361636884,0.0545169426425667
1,61,0,0.0274570618699111,0.24905733107536
1,62,0,0.035091040068611,-0.0293832083867001
1,63,0,-0.0532706053075728,-0.09719339128382
1,64,0,-0.0392718430644685,-0.21159056407995
1,65,0,0.0837190964420172,0.0590073296794094
1,66,0,0.00490386552160703,0.0989234367850321
1,67,0,-0.00421051534890131,0.0379762203404273
1,68,0,0.0409710551644107,-0.110588909492048
1,69,0,-0.0469101450974629,-0.0346590240083771
1,70,0,-0.121564088325625,-0.122139790504322
1,71,0,-0.0580042136743159,-0.140118472902114
1,72,0,-0.0153867283403788,0.0296446307375994
1,73,0,0.00259618837151749,-0.072171968351794
1,74,0,0.0317213505589194,-0.0155754408545696
1,75,0,-0.0578974124146671,-0.266910987996687
1,76,0,0.0492605108059496,-0.0145281904894216
1,77,0,0.0354187993245864,0.195653934855107
1,78,0,0.0295866898600089,0.0194534259302878
1,79,0,0.0426548603709474,-0.0636204053176318
1,80,0,-0.13606512106236,-0.14857916069264
1,81,0,0.00741679415928079,0.17317235749388
1,82,0,0.0571366822171812,0.125075198135226
1,83,0,-0.0110755269868626,-0.00779641770411654
1,84,0,-0.0486946639933916,-0.087587034768448
1,85,0,0.0267945200874649,0.0561224764501809
1,86,0,-0.0220428120261586,-0.0724501827650128
1,87,0,-0.0134745535267297,0.060283614908012
1,88,0,-0.01859340924967,-0.0103426183524255
1,89,0,-0.0658521889831859,-0.0195619297696406
1,90,0,-0.00631235908979058,-0.035741357085252
1,91,0,-0.0468907646365681,-0.034780562486482
1,92,0.119130504009888,0.0462162098542082,-0.0865616549429329
1,93,0,0.0477508776097699,0.0913022085337376
1,94,0,-0.0662979612309077,-0.125542340298567
1,95,0,-0.0991423686513227,-0.0967465095850763
1,96,-0.116356973137078,0.0433353256711008,0.0252758185723229
1,97,0,-0.0782747097859517,-0.0203874553156518
1,98,0,-0.0237380996639459,0.0248771656429642
1,99,0,-0.0185493316678065,-0.0324115888739905
1,100,0,-0.184676890305553,-0.078180013916562
2,1,0,-0.0870066010010238,-0.0512371686401192
2,2,0,1,1
2,3,0,-0.0286325246314956,-0.00851379446479631
2,4,0,0.00493041449353014,-0.0360802567815228
2,5,0,0.0152167170309966,0.0100962070064726
2,6,0,-0.0252149158848758,-0.186302206241686
2,7,0,-0.0393012353264191,-0.0395701225108329
2,8,0,0.0430752769379985,-0.0421334474875062
2,9,0,0.0367391213132697,0.0191460826188215
2,10,0,-0.0049703753553644,-0.0422927647372098
2,11,0,0.0272172980184387,-0.0831255618393467
2,12,0.123220888809254,-0.00722554492259177,-0.0252030203260377
2,13,0,-0.0580048188903156,-0.0420017767207353
2,14,0,0.0334253891193051,-0.0656625562926612
2,15,0,-0.0500066045233858,0.00105073253648616
2,16,-0.124476920494077,-0.0754179429020526,-0.0797652710104841
2,17,0,-0.0274774302227222,-0.242948887976446
2,18,0,-0.0310123926171611,-0.132693022790762
2,19,0,-0.0574994623142368,-0.0492958657820394
2,20,-0.126199293526883,-0.10597151297119,-0.0266462420258211
2,21,0,-0.0265149680791263,-0.0303165319645554
2,22,0,-0.0053320072678761,0.0868766994140881
2,23,0,-0.0267553040167801,-0.048906290282304
2,24,0,-0.00298627456625637,-0.158971094841728
2,25,0,-0.112113823553083,-0.00161705682418416
2,26,0,0.0131793880502824,0.0756984155206762
2,27,0,0.0224634370104997,-0.0609170408376393
2,28,0,-0.0443161405718234,0.0349356337082816
2,29,0,-0.00301310133287813,0.0809306165503325
2,30,0,0.0179248476985523,-0.00544652729843597
2,31,0,0.0597000651553495,0.0297532794639947
2,32,0,-0.057183052672649,0.0368194876284903
2,33,0,-0.000110064848519739,-0.152801601122164
2,34,0,0.0993219410305997,-0.0249994666873746
2,35,0,0.0585853802226869,-0.00230625312592229
2,36,0,-0.00730630378139268,0.145223083656453
2,37,0,0.0370915803902495,0.0754425586419534
2,38,0,-0.0013252829770628,0.208325234754369
2,39,0,0.0582385314644517,0.191703471437802
2,40,0,-0.00512180898187425,-0.029351330058404
2,41,-0.121457244626467,-0.0106560101490268,0.187954986513978
2,42,0,-0.00181531063254707,0.012352677650992
2,43,0,-0.0109400342899806,-0.0467057037304799
2,44,0,-0.0837824278877855,0.00645448675905506
2,45,0,-0.0276924748729791,-0.0133769789510656
2,46,0,0.0681147523827154,0.154405315025208
2,47,0,0.0268516645896034,0.158515691994437
2,48,0,-0.0322961169165703,0.092502956984428
2,49,0,0.0481136651899839,0.104389858112914
2,50,0,0.0262302273300616,0.104150763198311
2,51,0,-0.160889707795222,-0.0405453251395595
2,52,0,0.0154986015821764,0.00141154007142889
2,53,0,-0.0658287862187918,0.111793172538631
2,54,0,-0.00651902217539291,-0.028619455161071
2,55,0,0.0707466166932232,0.143946858157058
2,56,0,0.0299937861631278,0.023425073708994
2,57,0,0.0398280284424286,0.138521395002877
2,58,0,0.0199134481667228,-0.128055248327838
2,59,0,-0.123445257809966,-0.0252848986605957
2,60,-0.124633165335211,0.00145211868295149,-0.136845891550646
2,61,0,0.0380681168985619,0.0441974163501327
2,62,0,0.0375874270838771,0.0963423660662882
2,63,0,-0.0768052009036371,0.0183021251029274
2,64,0,-0.0239341846790726,-0.0308768936870723
2,65,0,0.0197570217468826,0.0463323899891279
2,66,0,-0.021593873331551,-0.0496545316115685
2,67,0,-0.0367357631660509,0.0446367485240179
2,68,0.127346884455885,0.0175818439122777,-0.00629678586697795
2,69,0,0.00310143725421201,-0.134311864514963
2,70,0,-0.082088492237161,0.0242566113188395
2,71,0,-0.0130822119060297,-0.13120107383487
2,72,0,0.0365706382239353,-0.136018139197901
2,73,0,0.0275903192574735,-0.00704862424891484
2,74,0,-0.0141840472298468,0.116961994782831
2,75,0.129438822661962,0.0591431079116354,-0.0444060567900407
2,76,0,0.0283566786601242,0.0156451228043621
2,77,0,0.0025818850662435,-0.0312193702260526
2,78,0,0.00808639197921578,0.00861949316451758
2,79,-0.126501373712274,0.0187935423159208,0.0951371822446279
2,80,-0.131340102373495,0.0145994312875705,-0.0240801339634447
2,81,0,0.0464730466734678,0.107371903226649
2,82,0,0.0482697699021613,-0.0114347119070724
2,83,0,0.000801334967059325,-0.0497179202947761
2,84,0,0.0150346390484962,-0.0440097465637639
2,85,0,-0.140301537996807,-0.0950478759130035
2,86,0,0.00610491897151405,-0.143548212135726
2,87,0,0.0777694393811128,0.277503839265562
2,88,0,-0.000103594054956807,0.13416693723544
2,89,-0.122631699638404,0.0176710898563031,0.0834034338846633
2,90,0,-0.0725358448476292,-0.108519811409915
2,91,0,0.042291937838988,-0.253768982411135
2,92,0,0.116524622065804,0.00819435920035244
2,93,0,0.0383126470779361,0.0393159582994855
2,94,0,-0.0500494036671897,-0.209140465017796
2,95,0,0.0253287123464627,-0.11420867514519
2,96,0,0.055770405349096,0.0252418414609972
2,97,0.123726247999811,0.00524557290591533,-0.0744940199017642
2,98,0,-0.018908032620439,0.0559959341214089
2,99,0,0.0432438921871341,-0.0771640601260453
2,100,0,-0.00368314252025751,-0.124967617706728
3,1,0,-0.0424671150976752,-0.135980137125962
3,2,0,-0.0286325246314955,-0.00754042814149124
3,3,0,1,1
3,4,0,0.0315471050703497,0.145951788168561
3,5,0,0.0564400374385085,-0.024004558768563
3,6,0,0.108055798747566,-0.0422966166772651
3,7,0,0.0484876547369263,0.123150050491962
3,8,0,0.0128758397919921,0.034449992558866
3,9,0,0.0306246055436553,0.0977709389779982
3,10,0,0.106418296557986,0.0454378348723415
3,11,0,-0.173730429791227,-0.185223746854042
3,12,0,0.0089507484084848,0.0145775266680052
3,13,0,-0.00643188796454378,0.000142068281206456
3,14,0,-0.0276592928006192,0.0400670764633901
3,15,0,-0.0613198550358504,-0.0487691153177905
3,16,0,0.0952937251002077,0.0915173559503622
3,17,0,0.00193513432180181,-0.0528082994286941
3,18,0.12963182098065,-0.0400476054417572,0.0149402013068797
3,19,0,0.0761645860338174,-0.041575720536294
3,20,0.126883683658948,0.122854433769483,-0.0488735558285425
3,21,-0.120983315724539,0.0326921084771203,-0.0110755799675122
3,22,0,-0.0347382500184187,-0.136989507932132
3,23,0,0.0594569937938363,-0.00311327232105124
3,24,0,-0.00997004173415091,0.0263960830567023
3,25,0.122783222391042,0.0121423150666954,0.0696146041538539
3,26,0,-0.0734600158744187,-0.00697688778182043
3,27,0,0.00526347038381639,-0.0350886360007281
3,28,0,-0.0525306275979458,-0.0062278124422299
3,29,0,-0.0019718535207882,-0.0975251228023992
3,30,0,-0.00287434399333861,-0.038939281112648
3,31,0,-0.0721953909355424,0.0718141728018444
3,32,0,-0.0301557024777785,0.00419963942464555
3,33,0,-0.0518291161071285,-0.0199369217850231
3,34,0,-0.00930535726971648,-0.0116837015372609
3,35,0,0.133225413798289,0.218837833244256
3,36,0,-0.0600173368662204,0.152414340208212
3,37,0,0.0201530355764713,0.0263517902175326
3,38,0,0.0315375493882523,-0.120252083150224
3,39,0,-0.0319301701055254,0.0517498965271413
3,40,0,-0.0123247520895983,-0.0541889501925358
3,41,0,0.0141607551156865,0.0877071002959187
3,42,0,-0.00500606898541589,0.00437148064103637
3,43,0,0.0652422894982702,0.00309209354763411
3,44,0.123876879506634,0.0267867616874645,-0.0197343262807943
3,45,0,0.00080394742953872,-0.139133683443464
3,46,0,0.0013637840406984,-0.039502189324314
3,47,0,-0.0379910248809537,0.140828400544768
3,48,0,-0.0169991464288448,0.0383460580268461
3,49,0,0.0485641932174096,-0.0629441063102068
3,50,0,0.0376376618462161,0.101217710529562
3,51,0,0.00342393281318771,0.0178015270924004
3,52,-0.123873672552425,0.00305438891226711,-0.149245028843051
3,53,0,0.0281618127413942,-0.0631648206594324
3,54,0,0.0441756580453524,0.140880351428126
3,55,0,-0.155350696115791,-0.085027720221187
3,56,0,-0.00587372897220127,-0.0151982590836432
3,57,0,-0.0683100225273055,-0.128773027014668
3,58,0,-0.0322478519475765,-0.036365690996634
3,59,0,0.0289411079050776,-0.113372689983849
3,60,0,-0.0122483788404143,0.0174759665330792
3,61,0,-0.0274832057566095,-0.177100826086317
3,62,0,-0.10464356414593,-0.0591053461404181
3,63,0,0.0438516337458611,-0.0205279979196049
3,64,0,-0.0133316216828036,-0.0231930850640485
3,65,0.126094443093925,-0.154844775124687,0.023576985203172
3,66,-0.121961971432572,0.0851689372675496,-0.0825367405667903
3,67,0,0.0577968708407113,-0.0376420364418995
3,68,0,0.00262632914406832,0.228277739875964
3,69,0,0.0131616213734717,0.0171596792821308
3,70,0,0.0490393838127431,0.0271223267556143
3,71,0,0.0137533146047607,0.038748230918323
3,72,0,0.0784390751794317,0.110459292789731
3,73,0,-0.076824560575954,-0.00363923449754903
3,74,-0.116922527117755,0.0345125209133044,0.0139841492896623
3,75,0.130140781052221,-0.0274216354096806,0.167048258102419
3,76,0,-0.204950362458767,-0.134919971586846
3,77,0,-0.0544724600483762,0.0788326529299039
3,78,0,-0.0488703530323203,-0.136782905301554
3,79,0,0.0529718918222125,-0.0994268600919302
3,80,0,0.0974506437751501,0.103195363988529
3,81,0,-0.0184381809259761,-0.0151093320042835
3,82,0,-0.168016923526422,-0.161695886777096
3,83,0,-0.00200447862107473,-0.0516508294198387
3,84,0,-0.0244414531214579,-0.0790041330846715
3,85,0,-0.00257991782203058,0.0320178245074025
3,86,0,0.041050646670056,0.0295585641149547
3,87,0,0.062451932201271,0.0747745346849277
3,88,-0.123404900666359,-0.05833273892098,0.0437522134306607
3,89,0,0.038559295556832,-0.104787225284997
3,90,0.129798316774319,0.0559085683691049,-0.0230345680172871
3,91,0,0.0867665372133372,0.0595493146935706
3,92,0,0.0239372505282788,-0.167608574100004
3,93,0,-0.170977381948606,-0.118274650592537
3,94,0,0.0344298392785061,-0.0786173232399756
3,95,0,0.0143592039150894,0.160415533045481
3,96,0,-0.00809373222602446,0.0326508940353475
3,97,0,0.00491270442935886,0.105828651239074
3,98,0,0.0436265139705441,0.066597435018858
3,99,0,-0.0416420523309679,0.0439048920422063
3,100,0.1179911831698,0.0498208667755412,0.043436992106414
4,1,0,0.013181959704564,0.0448584307169751
4,2,0,0.00493041449353017,-0.0407869831933675
4,3,0,0.0315471050703497,0.186289570037286
4,4,0,1,1
4,5,0,-0.0104637871980703,-0.0444348777214047
4,6,0,-0.0239452864606075,-0.0561911501563011
4,7,0,0.0729975394078109,0.132697234627015
4,8,0,-0.0258071042544559,0.0924620585398127
4,9,0,-0.00890226522684943,0.180984852757129
4,10,0,0.000597988920523503,-0.122648125306396
4,11,0,-0.0320071703321572,-0.0357820621441593
4,12,0,-0.0940096003358677,-0.0558511635694931
4,13,0,-0.0336722225916334,0.117110259067863
4,14,0,-0.055896525181441,-0.0076203665190567
4,15,0,-0.0100265489339332,-0.142134392775536
4,16,0,-0.00426240071964877,-0.0502211886581144
4,17,0,-0.0102565938540234,-0.00807133332621691
4,18,0,-0.0243885282422999,-0.0496202524859484
4,19,0,-0.0541389308405949,-0.0404001065441087
4,20,0,0.0535555803651036,-0.0834078621749557
4,21,0,-0.0378202131609724,-0.0823581631706862
4,22,0,-0.17200911193428,-0.0327445633664101
4,23,0,0.0147125746931276,-0.11922040976196
4,24,0,0.0146961006105785,-0.0599283054529521
4,25,0,-0.0746925803332306,-0.0588367051199115
4,26,0,0.000639720289706645,0.0850145906195073
4,27,0,-0.0329839367652571,0.0280086170238138
4,28,0.123576883479229,0.0248827627546759,0.0624437229145835
4,29,0,0.0489888896553384,0.11428903784984
4,30,0,0.0299467212662888,0.126344114525467
4,31,0,-0.0237831421838184,-0.0490194695109493
4,32,0,-0.0673561793519699,-0.0112003103306839
4,33,0,0.00212045301606007,-0.117810756954909
4,34,0,-0.0530622091502071,0.0785520751278906
4,35,0,0.0471000361302216,0.149833485807605
4,36,0,-0.0469575460215802,-0.160115048689493
4,37,0,0.060840955021426,0.260579175049041
4,38,0,0.0890348873999668,0.0385052657619768
4,39,0,0.0187518174419982,-0.0333277753552027
4,40,0.119402770424812,-0.0328155744451048,-0.0980982223625068
4,41,0,0.0176118454953787,0.0605036697913081
4,42,0,0.0168422509994742,0.0664094420922324
4,43,0,-0.00810821536990544,0.0437852824286194
4,44,0,0.062109019786411,0.0550577083555621
4,45,0,0.00875683209794797,-0.164076541142487
4,46,0,0.0334231808344247,0.101502358364301
4,47,0,0.0307501609936729,0.0163165390960735
4,48,0,0.0245201214784426,-0.162352949554846
4,49,0,0.0344367137014213,0.110483240676156
4,50,0,-0.00691580358766157,-0.0220327007269763
4,51,0,0.0418292887420383,-0.250465988620712
4,52,0,-0.0170020648723605,0.12171179627878
4,53,0,-0.00673275870127528,-0.0780103016948617
4,54,0,0.079658873067297,0.0170129216529436
4,55,0,-0.019146373606731,-0.0593542174830889
4,56,0,0.0400565810302604,-0.144086959129007
4,57,0.124831818235891,0.0405486754657302,0.0315590357583169
4,58,0,0.0102237846230848,-0.220439374498114
4,59,0,-0.0441024913727538,-0.141295519497287
4,60,-0.119647798812953,-0.00391990427915301,-0.0774058897980457
4,61,0,-0.0251957021204884,0.0576296026692517
4,62,0,0.0229339905951582,0.0613987471106056
4,63,0,0.000545640465466877,0.0173926734345217
4,64,0,-0.137315064389151,-0.171870809487775
4,65,0,0.0452506845402423,-0.0296536312007571
4,66,0,0.0536711187588524,-0.162168047047632
4,67,-0.114333996890174,0.0304167002410911,-0.0575063357617799
4,68,0,-0.00202394074956585,0.00518806108533755
4,69,0,-0.0228471187373142,0.163975372554545
4,70,0,0.0467403851547154,0.0804018466608332
4,71,0,-0.0362245153117887,-0.0396065835618397
4,72,0,0.0175623632193938,-0.061013748351809
4,73,0,-0.0253867188768405,-0.0737592339226095
4,74,0,-0.000498673687936715,-0.162096779402751
4,75,0,0.0115607574706843,0.0897949491030533
4,76,0,-0.0922616887216548,0.0634852015485834
4,77,0,0.0505419495726571,0.0222051952704305
4,78,0,0.0361853368846463,-0.051365110249599
4,79,0,0.0185258997801144,0.0848982232923154
4,80,-0.126086456222073,-0.0275392544360849,0.0334126155709231
4,81,0,0.0577767391390569,-0.0826640060250238
4,82,0,-0.00643680528282179,-0.103895356452249
4,83,0,-0.0343923979788132,-0.0260720201583544
4,84,0,-0.0220149822245809,-0.113941974417876
4,85,0,0.0243933475711478,-0.113459338290495
4,86,0,0.0271335625042605,-0.030477010097675
4,87,0,0.0295789529637642,-0.0644202251892145
4,88,0,-0.0655551931366747,0.101213252506543
4,89,0,-0.0431493230423856,-0.0954311026696482
4,90,0,0.0386567998189503,0.0160370615124584
4,91,0,0.0637338410062129,0.229470735093128
4,92,0,0.0900028472451711,0.0580717476974547
4,93,0.123201570274182,-0.00559468408800728,0.174393401825538
4,94,0,0.00290720927158902,-0.0495083814866271
4,95,0,-0.166257697620724,0.023457800675243
4,96,0,0.0108830041888753,0.331400997442913
4,97,-0.118777158461372,0.0432943501120952,-0.0408296874366112
4,98,0,0.00873031837748694,0.0747016552287865
4,99,0,0.0398551254195284,0.139597948222064
4,100,0,-0.0110292850688441,-0.168134760382359
5,1,0,-0.0158435665771117,0.00405979981958475
5,2,0,0.0152167170309966,0.00822177011141294
5,3,0,0.0564400374385086,-0.0220713026628841
5,4,0,-0.0104637871980704,-0.0320095160414079
5,5,0.244049593806267,1,1
5,6,-0.126672113391333,0.0338678344245532,-0.169907434499027
5,7,0,-0.00910015415524219,-0.100912757199761
5,8,0,-0.0388281394583453,0.0163232669087578
5,9,0,0.0046095084003961,0.140720879327386
5,10,0,0.0693376849905235,0.0785450251533183
5,11,0,0.00520307366437947,0.228555692990523
5,12,0,-0.0990518678377327,-0.141767362634278
5,13,0,0.0308598821650907,-0.0129388766289634
5,14,0,0.0275533764091118,-0.0419974958891373
5,15,0,-0.0238664063553142,0.0440319047527428
5,16,0,0.013626700877671,0.0362666345048845
5,17,0,0.0148127623009172,-0.0603132733035414
5,18,0,0.0128294831440177,0.00163818886066973
5,19,0,0.0408069653989086,-0.0893438078693236
5,20,-0.125248495218201,-0.0768641577903642,0.0416387650285396
5,21,0,0.0135889731458672,0.0623620044886205
5,22,0,0.0238521234642944,-0.0517759939114667
5,23,0,-0.11635760816648,-0.0197622848518572
5,24,0,-0.00629886911080047,-0.0745329993153251
5,25,0,-0.006446692462632,0.110673701454496
5,26,0,-0.0102154512638733,0.0877791586792461
5,27,0,0.0884723276673231,0.0407499494418521
5,28,0,-0.098121994831918,-0.130314899299213
5,29,0,-0.00695189404681758,-0.0908537092293775
5,30,0,0.055681743867412,0.0142348578598872
5,31,0,0.0206523281226974,-0.0406346791016129
5,32,0.122332548468206,0.0141061425749642,0.110905403329423
5,33,0,0.0386165036882109,-0.0770727981799937
5,34,0,0.0232207358603106,0.0170549356587946
5,35,0,-0.0021735172540329,0.0335445546230947
5,36,0,0.0435112015134733,-0.0364983301558165
5,37,0,0.0144379015087758,0.0733896794291408
5,38,0,0.00494235132867955,0.124439913675622
5,39,0.117784697606357,-0.0221374359022577,-0.241537758722646
5,40,0,0.0904671237541958,0.0750771891067162
5,41,0,-0.0720070228776612,0.039349174526651
5,42,0,0.000379420464989719,0.0205904590021151
5,43,0,0.0438782750418469,0.167462357013707
5,44,0,0.014375154374382,-0.00240720231042242
5,45,0,-0.0172386745010649,-0.0718584375390396
5,46,0,0.0191826775975081,0.120014462735851
5,47,0,0.00894213109316682,0.135405225251111
5,48,0,-0.120063377718788,0.0095075236473515
5,49,0,0.0173415925785322,-0.0671781481092607
5,50,0,-0.00500630401043812,-0.0235375237050646
5,51,0,-0.0126121932072385,0.0390346424310495
5,52,0.122277275035978,0.0871928826755962,0.195069781302883
5,53,0,-0.0159558598705609,-0.0772358813906419
5,54,-0.124391534046938,0.0168519934547587,0.138313380880924
5,55,0,0.0194018528382679,0.145804347077447
5,56,0,-0.0622055452059858,0.0183712673959593
5,57,0,-0.0217053960293233,-0.0641881861674715
5,58,0,0.0383392335094163,0.00752527731467603
5,59,0,-0.115415740554605,0.081461832807999
5,60,0,0.0293571158523636,0.0834720457801844
5,61,0.123258214114864,0.01035963691588,0.0482325442238701
5,62,0,-0.161652531694338,-0.0809162395825038
5,63,0,0.00932392888841093,-0.0312734631168293
5,64,0,-0.0273570419825598,0.175054539450213
5,65,0.124469425835253,-0.0246807713232789,-0.036699584659907
5,66,0,0.0678172249582794,0.0336775634838134
5,67,0,0.048971273330733,0.0579959225912384
5,68,0,-0.0190850570423276,0.135992691649572
5,69,-0.119838619227175,-0.00220850494428443,-0.104708711906271
5,70,0.120294534629281,0.067966966845787,0.0647703276028861
5,71,0,-0.00979301563361607,-0.116093843882209
5,72,0,0.011930244424988,0.0137632464882427
5,73,0,-0.023529872292157,0.0401531422494779
5,74,0,-0.00857014261294274,0.0238469155029808
5,75,0,-0.0166390351790364,-0.0354096999537088
5,76,0,-0.0239749731620663,0.0903757713103964
5,77,0,-0.00936951281100728,0.010084619458739
5,78,0,0.0027412174165254,-0.172971266479714
5,79,0,-0.0289842509305591,0.00183574212748853
5,80,0,0.0850335820571658,-0.0366721989399492
5,81,0,-0.0152419877278716,0.157527209109939
5,82,0,-0.0409032762297738,-0.177080376686071
5,83,0,-0.0349205886846291,-0.0447146726311404
5,84,0,0.019190656295891,0.0449492835478039
5,85,0,-0.0920235988250476,-0.107671439942091
5,86,0,-0.00255326961650042,-0.105137191470566
5,87,0,0.0253313667862563,-0.0580865820810302
5,88,0,-0.0241292148621005,-0.15140090181378
5,89,0,0.0145199553742659,0.037699557044245
5,90,0,-0.0317352734929032,-0.120733344877593
5,91,0,-0.0080590196481797,0.140499639907524
5,92,0,0.0101212668119172,-0.00597436111368718
5,93,0,-0.0188133128950383,-2.70220568493721e-06
5,94,0,0.109794277657464,-0.0518538799362981
5,95,0,0.0615931194141284,-0.0333136817080581
5,96,0,0.00950082351151598,0.0119949921911312
5,97,0.122794081867574,-0.0130392295826605,0.0737050188846928
5,98,0,-0.00323834790899957,0.050942447477106
5,99,0,0.0170652989019678,-0.0341842605453476
5,100,0,-0.0143852477460729,-0.0029830438795632
6,1,0.120265980134419,-0.0548778964422067,-0.389900771616418
6,2,0,-0.0252149158848758,-0.229181269807608
6,3,0.114712746454437,0.108055798747566,-0.0587481112585712
6,4,0,-0.0239452864606075,-0.0611472712159592
6,5,0,0.0338678344245532,-0.25666486559401
6,6,0,1,1
6,7,0,0.0448228678252698,0.0473959029096929
6,8,0.121994183767846,0.0856591281222268,0.199990831183199
6,9,0,0.0929885012523474,0.147509354749501
6,10,0.120576257609653,0.0177990520492447,0.0193839988215986
6,11,0,-0.160128822847203,-0.139350144170712
6,12,0,0.0866981576258789,0.0780200950976862
6,13,0.124779147616788,-0.012135948747552,-0.0501802674502383
6,14,0,0.0281313109208237,0.0716499083126633
6,15,0.126651018067116,-0.0292840348416109,0.0621800522269562
6,16,0,0.0740213042457106,0.178488776311813
6,17,0,-0.00984123712235633,-0.0531714370209643
6,18,0,-0.174563777128391,-0.113645155330137
6,19,0.115424758311828,0.0815127708121866,0.108148716023359
6,20,0,0.111831838407937,-0.0662931158416471
6,21,0,0.157187420354696,0.137276917011635
6,22,0,-0.0607421407710627,0.0525422769189182
6,23,0,0.0459708827109592,0.141047487767021
6,24,0,0.0539976318931833,0.189638190871191
6,25,0,-0.00842666731382887,0.0313045055558453
6,26,0,-0.198169364940105,-0.346340009785571
6,27,0,-0.0297733360222958,0.106393178943796
6,28,0,0.0454099849608094,-0.0308058407951346
6,29,0,-0.172260255018587,-0.237525671708316
6,30,0,-0.136163837504607,-0.0882287484462118
6,31,0,-0.0918241256316545,-0.078930330799251
6,32,0,-0.0987349382089178,-0.16352958035023
6,33,0,0.0108614600519232,0.131402717293819
6,34,0,0.0561292367231303,0.0654878769292796
6,35,0,0.100675240663073,0.012033908140298
6,36,0,-0.0663862048989851,-0.0810236961701189
6,37,-0.128187739914311,0.0566719353413547,-0.0379202440266181
6,38,0,0.0570941183099454,-0.0700543921984416
6,39,0,0.0366817857274144,-0.00443181582639177
6,40,0,-0.100321465270954,-0.122917932348808
6,41,0,0.0245311060020708,-0.128391812635479
6,42,0,-0.0630527445294468,-0.318819622889008
6,43,0,0.0577269026830054,0.0897746510681718
6,44,0.123171916279299,0.108882933435069,0.00512543992022529
6,45,0,0.00306881021773808,0.0089080644619245
6,46,0,0.0563866386443523,-0.0145183356795714
6,47,-0.12408534517998,-0.0469004770332853,-0.225875761783545
6,48,0,-0.00786963729286521,-0.124887844803247
6,49,0,0.0780371249878983,-0.085362250219633
6,50,0,0.0891459623486133,0.09638350247857
6,51,0,-0.0425514997694312,-0.138336847927336
6,52,0,-0.0187845825439802,-0.0334502579493209
6,53,0,0.0146389822109744,0.0725483530107654
6,54,0,0.0724936067818117,-0.0490881516455898
6,55,0,-0.0766876542357982,0.140074914843504
6,56,0,-0.0556830704330659,0.0379262535852434
6,57,0,-0.132661090561566,-0.0363624635100585
6,58,0,-0.152957281220665,-0.120518520278651
6,59,0,0.0531995710211309,-0.136997921933223
6,60,0,-0.0698982261970873,-0.220748526720327
6,61,0,0.013020036175504,0.0563660241984149
6,62,0,-0.00514450690562831,0.131820185815359
6,63,0,0.0112716398861954,-0.0359051608835477
6,64,0,-0.0354269262223055,-0.00307364227558618
6,65,0,-0.0768602614252915,-0.045092096932239
6,66,0,0.109224509688093,0.0929770219543001
6,67,0,0.0200109549440036,0.0924364848350394
6,68,0,-0.0379718303278175,-0.00818408631358875
6,69,0,-0.0147324281578179,0.0420181704147954
6,70,0,0.0261941722006047,0.0191611352545294
6,71,0,0.0175502775092827,-0.0573466401541209
6,72,0,0.0566121415459834,0.114239767712163
6,73,0,-0.24379376042007,-0.0130542150252141
6,74,0,0.0836561913985387,0.0117757482561437
6,75,0.129400170977251,-0.0388584195557788,-0.0606032323687234
6,76,0,-0.239434215905132,-0.0948531885043681
6,77,0,-0.124562349368648,-0.217360002662091
6,78,0,-0.115740559744403,-0.0613736843505542
6,79,0,0.0170692267947241,-0.135528348029316
6,80,0,0.197484944482592,0.180112332174792
6,81,0,-0.211538792952997,-0.248601961104138
6,82,0,-0.09126059699634,-0.0780285943431843
6,83,0,0.0179886131760046,0.0140402998641978
6,84,0,-0.00534808371157053,0.130813386006451
6,85,0,0.0212091346209363,-0.084872640227464
6,86,0,0.0276755312475642,0.00164699333578744
6,87,0,0.00559381155401882,-0.0970460480101894
6,88,0,-0.0336961275093301,0.0695798402811836
6,89,0,0.0684419544143364,0.143051504611236
6,90,-0.129059655608005,0.141945207424397,0.206467221917994
6,91,0,0.11590321651192,0.216446223580896
6,92,0,-0.0331013788421774,0.08116455349141
6,93,0,-0.132212476214011,0.020784282697111
6,94,0,0.0600755150409998,0.0226543563971093
6,95,0.118801020049882,0.0929239869361676,0.0252997771628244
6,96,0,-0.00934435997540713,-0.121347429612501
6,97,0,-0.162790777528777,-0.151845384953176
6,98,0.127361360978833,0.0419932817806767,-0.116671916430827
6,99,0,-0.06203779642355,0.0300930591841492
6,100,0,-0.00231083927747209,0.0100713883680095
7,1,0,0.0342090217092712,0.0852911616714185
7,2,0,-0.0393012353264191,-0.0464559847672168
7,3,0,0.0484876547369262,0.163243548210826
7,4,0,0.0729975394078109,0.13781109514216
7,5,0,-0.00910015415524225,-0.145483340776945
7,6,0,0.0448228678252697,0.0452328501229968
7,7,-0.535725632682443,1,1
7,8,0,0.0251465661650554,-0.110774062428715
7,9,0,0.0555121969907258,0.0882497012368778
7,10,0,-0.00835906915310089,0.107099323703972
7,11,0,-0.151817641886385,-0.154642080509286
7,12,0,-0.0615485879868816,-0.0726775070210197
7,13,0,-0.153951061634853,0.109620255792786
7,14,0,-0.00810013720399961,-0.0145105129612263
7,15,0,-0.0510849195769575,-0.0918754535847759
7,16,-0.12067651825969,-0.0569611358991764,-0.147044351071668
7,17,0,0.00567386959575154,0.0111645189259828
7,18,0,-0.251364065179127,0.10836235737793
7,19,0,-0.0673076117725317,-0.161070809717276
7,20,0,0.0794913505328691,0.036285822300131
7,21,0,0.057786251186223,-0.0843423735452957
7,22,0,-0.069886265253614,-0.140852617559624
7,23,0,-0.159830179682032,-0.161459226857957
7,24,0,0.00214096271261408,0.0428261238972166
7,25,0,-0.13574350974222,-0.0576978002042063
7,26,0,-0.025411993136634,-0.265649854945117
7,27,0,-0.226821772733676,-0.162950384357326
7,28,0,-0.00910934815938222,0.0499404631581988
7,29,0,0.0872491337478402,0.0712793523437435
7,30,0,0.0118538226135826,0.0425042596534992
7,31,0,-0.0122733053370038,0.0667075601863938
7,32,0,-0.166233401145493,-0.0471406267627168
7,33,0,-0.000558935194291744,0.088881471363539
7,34,0,0.0870433595625044,0.0546846985214769
7,35,0.120670750225822,0.0425334216063005,-0.0709741744258971
7,36,0,-0.0724885115854517,0.0205527999613072
7,37,0,0.0350368131171476,0.0119748919958624
7,38,0,0.0259314277155295,-0.0584725396863185
7,39,0,0.0682853052551033,-0.210556913312209
7,40,0,-0.0181830576397951,0.0218536650334204
7,41,0,-0.0609048147440018,-0.0658789986266281
7,42,0.120985240092947,-0.147813170467339,-0.240368327898244
7,43,0,-0.0435714892351043,0.0814056081910591
7,44,0,0.116540875926951,0.0704570524546801
7,45,-0.118511620984111,-0.041799569893253,0.158914138861969
7,46,0,0.139669052528256,-0.0105473257720712
7,47,0,0.0198481925844009,-0.10937403225887
7,48,0,-0.12563711457444,-0.0312717429369207
7,49,0,0.0639938556513932,0.0251238995775865
7,50,0,0.0330938408787478,-0.17791318344545
7,51,0,0.00181826412275642,0.0568464012428841
7,52,0,-0.0983632618914946,-0.101152184835383
7,53,0,0.0230185426513911,0.0747333653040409
7,54,0,-0.0532978729640262,-0.192449887887547
7,55,0,-0.0796228804480716,-0.0830181098473119
7,56,0,-0.00308970326632496,0.0342073300444809
7,57,0,0.0369123015364294,-0.0250127188185347
7,58,0,0.0331661065041725,0.0951420688995662
7,59,0,0.0925078934533587,0.2128067928052
7,60,0,-0.143829679348363,-0.11088640810771
7,61,0,0.120284701940271,0.10769581578223
7,62,0.119689067732805,0.0307956362421105,0.025705619832966
7,63,-0.123991101746309,-0.193000948081385,0.0926696467673494
7,64,0,-0.0852618197563889,-0.245624385780064
7,65,0,-0.104073746033692,-0.0546141352523991
7,66,-0.117600594442258,0.0326428603945444,0.155223776409344
7,67,-0.115461776056768,-0.0167442379915473,-0.0771380530259259
7,68,0,0.0110304315935357,0.0329004354572003
7,69,0,0.00155306142445917,0.0281922818838441
7,70,0,0.0666411993911126,-0.135785042157708
7,71,0,-0.0106140377962614,-0.0311569126751951
7,72,0,0.0410238104866161,0.065217613988456
7,73,0,0.00722488014047237,-0.10406955636124
7,74,0,-0.121787254002126,-0.0520423807668419
7,75,0,0.0362609035700077,-0.0479470987232345
7,76,0,0.0170637256441241,-0.0703710348620616
7,77,0,-0.131282607785178,0.00630373604277966
7,78,0,-0.138639844053513,-0.114743709986817
7,79,0,0.116778065878528,0.0981553263391941
7,80,0,0.0712451706660982,-0.0130677420412281
7,81,-0.12526175258947,0.019137772135986,-0.0826744528974428
7,82,0,0.0585618741735485,-0.0121998715181655
7,83,0,0.0402723978995592,0.0742310691530387
7,84,0,-0.0206281033502517,-0.348344051933003
7,85,0,0.0375961033472513,-0.00259253788137498
7,86,0,-0.0181941393817057,-0.0496559201595578
7,87,0,0.0742319574514813,-0.0242159340054205
7,88,0,-0.0897142375218797,0.0430726237452548
7,89,0,0.0141560154869992,0.0044590273358421
7,90,0,-0.153349195763184,0.0941765832517018
7,91,-0.124040717578146,0.076480604640346,-0.072652578314315
7,92,0,0.0981928423876274,-0.0934623092657908
7,93,0,0.00593928872984554,-0.0359637000728863
7,94,0,-0.028344325089715,-0.0574425877323045
7,95,0,-0.0448891776795655,-0.0527370346580384
7,96,0,0.113131203928558,-0.0451274707114222
7,97,0.119948764531514,0.0431223016949104,-0.0286532645449436
7,98,0,0.0603995813770508,-0.0107263129972939
7,99,0,0.0649835513223918,0.0978893965207003
7,100,0,-0.178801339012233,-0.090990509799522
8,1,0,-0.0308908417291814,-0.307587814069149
8,2,0.124315601893178,0.0430752769379984,-0.0652097451637824
8,3,0,0.012875839791992,0.0602007352500362
8,4,0,-0.0258071042544558,0.12658932994709
8,5,0,-0.0388281394583454,0.0310231223992311
8,6,0,0.0856591281222268,0.251613807172485
8,7,0,0.0251465661650554,-0.146032430776581
8,8,-0.167527252109721,1,1
8,9,0,0.0797150310022991,0.0931599729584893
8,10,0,0.0142530521999411,0.0344719738222848
8,11,0,0.00799917637169233,-0.0633510615445358
8,12,0.117776336018951,0.0818941933735204,0.103771879542796
8,13,0,-0.146999509326228,-0.17405883659908
8,14,0,-0.00825150717922531,-0.0527657375956351
8,15,0,-0.0277808576568289,-0.0669215509501287
8,16,0,0.0144045847172154,0.10897819462378
8,17,0,-0.00150993597780935,0.18376608437538
8,18,0,-0.0213338708339735,-0.185948376597727
8,19,0,-0.0148681617845883,-0.0947317804534088
8,20,0,-0.0263666358246693,-0.15341948176775
8,21,0,-0.0137304189027882,-0.0291962054818936
8,22,0,-0.00019422562097464,0.316584778546658
8,23,0,-0.0203682519446721,0.0659606037420568
8,24,0,0.049104065932183,0.0848471281198622
8,25,0,-0.0212015183315329,-0.065620959039156
8,26,0.113809706768119,-0.0399333451654077,0.0693126718629592
8,27,0,0.022957693176097,0.264412361778215
8,28,0,-0.0103866614742104,-0.245630583571719
8,29,0,-0.00449944943113215,-0.0290535171970434
8,30,-0.119572567330572,0.0081048419300479,-0.137675329559188
8,31,0,0.0233098753146768,-0.117845658396
8,32,0,-0.00170008311758086,-0.0728265237492203
8,33,0,0.067398016994153,0.0787471414866538
8,34,0,0.122381656220853,0.107929657532028
8,35,0,0.0591746245879666,-0.036868889595578
8,36,0,-0.00999746407190826,-0.0135129989254888
8,37,0,-0.0330784959650902,0.0498468047712658
8,38,0,-0.0181633443675613,0.0274459528377189
8,39,0,0.0909980931497616,0.136762877135295
8,40,0,-0.0373345227181234,-0.165952138207148
8,41,0,-0.0339589158232778,-0.192557002052944
8,42,0,-0.115361300949432,-0.0550710053632093
8,43,0,-0.0412586032068715,-0.132416812754598
8,44,0,0.0121755833680477,-0.00941848715136662
8,45,0,-0.0527064845077889,-0.0538574317562931
8,46,0.120677228493633,-0.10135119196603,0.0438586687738392
8,47,0,-0.0280505949787763,0.0885827840646912
8,48,0,-0.0152115943439291,-0.0783479372820138
8,49,0,-0.0536472086473857,-0.125250251287871
8,50,0,0.0413152707808458,0.143416220341402
8,51,0,-0.0844876107208794,-0.0528560111930917
8,52,0,-0.0751125204642983,-0.156968090663067
8,53,0,-0.0277928941352251,0.0949449881482845
8,54,0,0.0324516616956387,0.199141386388137
8,55,0,0.013786497001794,0.0965742421904745
8,56,0,0.0218286433630835,-0.0951964600685452
8,57,0,0.0322524170158127,0.125908488700397
8,58,0,-0.0271313752259726,-0.246142262689616
8,59,0,0.0404259658770434,-0.0978132139548082
8,60,0.119126210673161,-0.0135539881904701,-0.0592472965407039
8,61,0,0.0043030797307274,0.101101984801458
8,62,0,0.0137260506049153,0.167561199073214
8,63,0,0.0648203528552801,-0.0226396446284176
8,64,0,-0.0207694481725341,0.150579837647687
8,65,0,0.00733410336725592,-0.0411686444225084
8,66,0,-0.0635444314989212,-0.293679661246824
8,67,0,-0.0541552750036509,-0.0473839926492007
8,68,0,-0.00789792339846131,-0.0418969307863934
8,69,0,0.0327144473278072,0.233254110220208
8,70,0,-0.114412214705499,0.321952112024859
8,71,0,0.0625637215532854,-0.0875388647995369
8,72,0,0.00930569600840375,0.0518043114162075
8,73,0,-0.00220974960758846,0.195116641759899
8,74,0,0.00441685769816295,0.156212025181164
8,75,0,0.0593392991207499,0.136463450433997
8,76,0,-0.021828480410346,0.00352719952187614
8,77,0,-0.0795173191813211,-0.271587124052208
8,78,0,0.0118925563836007,0.0361371032975659
8,79,0,0.0673229548564411,0.104522895544589
8,80,0,0.0228306648715909,0.0511992257044295
8,81,0,-0.135718474820106,0.0633195754857036
8,82,0,0.00734281120614174,-0.0263629767540077
8,83,0,0.0570695863975241,0.1348125325312
8,84,0.113431967267257,0.0448316459683886,0.208138629183428
8,85,0,0.0157500366901323,-0.199865638481334
8,86,0,0.0819438612279971,0.0730276640990535
8,87,-0.113555997909243,-0.0197803476363094,-0.221575715429166
8,88,0,0.0737418210108928,0.0268482843382154
8,89,0,0.037131109759836,0.00582195492786269
8,90,-0.123393961745457,0.0362371462015956,0.19817114420774
8,91,0,0.0605188261451659,0.164357245078011
8,92,0,-0.0162397500665013,0.261297551648013
8,93,0,0.0127197952401886,0.213054495872779
8,94,0,-0.0690427508104669,-0.0188565768213531
8,95,0,0.0138250137488068,0.0126494157795833
8,96,0,0.0375529000973971,-0.0684093079069191
8,97,0,0.00343381706540605,-0.212196386548427
8,98,0,-0.0306949644101544,0.0727103802650462
8,99,0,-0.00667267693982806,0.0576504713745178
8,100,0,0.0225364885099052,0.0190734469421613
9,1,0,-0.050558349074761,-0.0526270516188708
9,2,0,0.0367391213132697,0.0209457810295123
9,3,0,0.0306246055436553,0.120768472248686
9,4,0,-0.00890226522684946,0.175148690631621
9,5,0,0.00460950840039608,0.189046259091522
9,6,0,0.0929885012523475,0.131182248415488
9,7,0,0.0555121969907259,0.082234792028219
9,8,0,0.0797150310022991,0.0658507123046936
9,9,0,1,1
9,10,0,0.00501943310539228,0.0741005910601122
9,11,0,0.0440177746124738,0.162237485295754
9,12,-0.121208353479226,0.024908295633781,-0.0829814764839908
9,13,-0.12277782428949,-0.020473567659056,0.174310330486597
9,14,0,-0.0123374483959874,-0.0326317642826727
9,15,0,-0.134581151772128,-0.0555392941523143
9,16,0,-0.00686169278530444,0.0678746712699762
9,17,0,-0.0792021723451219,0.0223274261255736
9,18,0,-0.0393784760635453,-0.166472252806028
9,19,0,-0.0270032131572174,0.124851794465975
9,20,0,-0.0338639097555408,0.0862767695721425
9,21,0,0.0108621208628698,0.112365286522895
9,22,0,0.0215935974602523,0.159103739187868
9,23,0,0.00126319080602529,-0.0342499541554819
9,24,0,0.0337350468406451,-0.0301934994278252
9,25,0,-0.168393182505111,0.0109890808087513
9,26,0,-0.158801936228678,-0.0261079886877657
9,27,0,-0.0480387350961903,-0.143969225415217
9,28,0,-0.0714238814249713,0.0104102810616023
9,29,0,0.0609815916359801,-0.07314928673301
9,30,0,-0.0224141412672662,-0.0271001312897887
9,31,0,0.0893403616180776,-0.113875808119644
9,32,0,0.0298420919332465,0.0569872933976141
9,33,0,0.0789232899503847,0.0422398253763172
9,34,0,0.146657745265519,-0.0139886138036658
9,35,0,0.0493015629683753,0.0691987572844223
9,36,0,0.0156456778275812,0.158568462440171
9,37,0,-0.0280304469883762,-0.110810521622676
9,38,0,-0.16118814393935,-0.0410610349724355
9,39,0,0.0293005253719941,0.0871369408391319
9,40,0,-0.112937092388097,0.0279389385664987
9,41,0,-0.121396674839558,-0.139724281862608
9,42,0,-0.0392984101016037,-0.0805017883943688
9,43,0,0.0120741325536129,0.193490675276807
9,44,0,0.0212243707216352,0.0197889072855288
9,45,0,-0.0864758589819696,-0.113442203857778
9,46,0,-0.0962139886871601,0.0736506472928485
9,47,0,0.000303946897925512,0.0143214163854816
9,48,0,0.00889327749938526,0.0843134828866108
9,49,0,-0.0360459695266077,0.0680572432544616
9,50,0,0.0708038617871518,0.145783885432255
9,51,0,-0.0300494595271706,-0.0577237687505629
9,52,0,-0.0239577220348673,0.0120026030563989
9,53,0,0.0267077125122541,0.083763482230368
9,54,0,-0.0384942165359319,0.136398449976961
9,55,0,0.0288109694904424,-0.0194681055093484
9,56,0,0.0197028742660282,0.0177519524037076
9,57,0,0.0176572712741305,-0.0247792227956296
9,58,0,0.0550672848150154,-0.0592832637506326
9,59,0,0.0234090252450293,0.0870712948739749
9,60,0,-0.0339650456257483,0.078143630482334
9,61,0,0.0486687492008498,0.016041566296414
9,62,0,0.0577986120911652,0.115438054501409
9,63,0,0.041736785169412,0.0775943096722446
9,64,0,-0.024275652084247,0.0103829085090949
9,65,0,-0.146561269543819,-0.216474231136547
9,66,0,-0.00505323753787041,-0.102213355425078
9,67,-0.117152756678545,-0.0194240970426571,0.190446278687328
9,68,0,-0.0332015541006358,-0.00904735988707183
9,69,0,0.0312594992906848,0.0430157858035921
9,70,0,0.010448449627847,-0.0849569824578482
9,71,0,0.0400433233595232,0.0572195876641845
9,72,0,0.0131218358316425,-0.118107057722659
9,73,0,0.0550475969296084,-0.0153221734512816
9,74,0,0.00352392015476124,0.0933599798877706
9,75,0.127324731405181,0.0118398807685518,0.00636145421560321
9,76,0,-0.00634899663469529,-0.0716449246861077
9,77,0,0.0115249695934321,-0.0192709219371963
9,78,0,-0.0471050931080506,-0.0826909139426559
9,79,0,0.0415817386266243,-0.179847413947335
9,80,0,0.046290144134465,0.196401159678206
9,81,-0.127096257509734,-0.117493532264325,-0.103773428473048
9,82,0,-0.0289458414600993,-0.166431492350649
9,83,0,0.0145144900981255,-0.0777219910452112
9,84,0.11673738926775,0.0168884047416216,-0.141130430659808
9,85,0,-0.0445279318650827,-0.126054237985895
9,86,0,-0.0139260290302834,0.0822550925545808
9,87,0,0.00128634264873473,0.0437034913482679
9,88,0,0.0410242502128372,-0.0789931077498973
9,89,0,0.0694903250132757,0.103859958889791
9,90,0,-0.139443675735373,-0.104430139602921
9,91,0,0.0120168797436921,0.132769277849326
9,92,0,0.0831981977618901,0.155097531612989
9,93,0,-0.0279694762452212,0.100461219986597
9,94,0,-0.00462859776178348,-0.306481766068724
9,95,0,0.0773395130143294,-0.0245938002787596
9,96,0,0.0474714754824949,0.022989762157874
9,97,0,0.07210640376942,-0.0720931065511028
9,98,0,-0.0339135700569987,0.103883510776412
9,99,0,0.0388053614683211,0.00338439736788461
9,100,0,0.0288955416612835,0.0809308285128803
10,1,0,-0.127423855978743,-0.158385693929801
10,2,0,-0.00497037535536437,-0.0582125061166071
10,3,0,0.106418296557986,0.0706146815431271
10,4,0.151933469594433,0.0005979889205235,-0.149334162336217
10,5,0,0.0693376849905235,0.132758342129451
10,6,0,0.0177990520492447,0.0216886475526017
10,7,-0.143329974868697,-0.0083590691531008,0.125563286007581
10,8,0,0.0142530521999411,0.030657085438622
10,9,0,0.00501943310539228,0.0932299093161301
10,10,0.240946854231879,1,1
10,11,0,0.020791176107447,0.143259931447142
10,12,0,0.0228733587913071,-0.0123941779019727
10,13,0,0.0549573876303025,0.121793620722433
10,14,0,-0.0746609298887371,0.0419628195924183
10,15,-0.119683633650435,-0.0874191462328307,-0.0340184668292037
10,16,0,0.123542238431419,0.0275908149305319
10,17,0,-0.0147699955784158,-0.0436321036051402
10,18,0,0.0227390280726536,0.148299741721414
10,19,0,-0.106125465428491,0.108459179701497
10,20,0,0.0214169555895287,0.00262287475166542
10,21,0,-0.0334374102276217,-0.0296073111144536
10,22,0,0.00630824807681701,-0.0717976759600975
10,23,0,0.0324715487945807,0.107295458706446
10,24,0,0.0282273839220087,0.0403358821223277
10,25,0.115368314913263,0.0274841952858208,0.0558968183234861
10,26,0,-0.005480488234006,-0.0625163942717193
10,27,0,0.0755654194032783,0.150168844184364
10,28,0,-0.0432979747579799,-0.163852649597808
10,29,0,0.0100276838135447,0.0372016748126941
10,30,0,0.0399201015383062,-0.0767415553295544
10,31,0,-0.0241091841879897,-0.0861571296580466
10,32,0,0.0032212255437051,0.130672903248321
10,33,0,-0.0956836291529226,0.12929830249853
10,34,0,-0.0449037839276995,0.200018166490382
10,35,0.117588392642532,0.10834680994794,-0.0622428811197791
10,36,0,-0.022893082650377,0.0115855110516738
10,37,0.121135816644218,-0.0130101417974399,-0.0258495966622423
10,38,0,-0.0224280363307757,-0.0641614923176424
10,39,0.112116531893521,-0.0182100360031451,-0.107482224586634
10,40,0,0.0184420919947527,0.168939163618916
10,41,0,0.0255443566185527,0.0096205149946892
10,42,0,-0.0419775739792738,-0.214935420199163
10,43,0,0.0506628349715531,0.121935418792679
10,44,0,-0.00867300819791937,-0.0798948720317042
10,45,0,-0.00242097769988792,-0.0676076996742229
10,46,0,-0.060400755484421,-0.17154635740348
10,47,0,-0.0410033514053355,0.0056311857722498
10,48,0.111307382484468,0.0012840811463372,-0.0358453831227845
10,49,0,-0.118521725263387,-0.131034308457339
10,50,0,0.0297743774530218,0.130893536653522
10,51,0,-0.14039764543713,0.0560258777026428
10,52,0,0.0144306136583367,-0.0673608316674356
10,53,0,0.0107676193955213,-0.0583912048267912
10,54,-0.118405426831141,0.0470281713928968,0.0050139105588199
10,55,0,-0.00407023174694321,-0.173626011972972
10,56,0,0.0215572403154798,0.10907536312757
10,57,0,-0.0264196797682248,-0.331270216756796
10,58,0,0.000925524101415152,0.00409843599082424
10,59,0,-0.00199378260820271,0.305319220272699
10,60,0,-0.011681313413759,0.102446664109276
10,61,0,-0.0456513369484335,0.0779741209733565
10,62,0,-0.164697170329962,-0.285768583420941
10,63,0,0.0652115452412166,0.0627298457667331
10,64,0,0.0203494706367688,0.0605763500110141
10,65,0,-0.0342676663688772,-0.0879185086413139
10,66,0,0.0216781571894373,0.116277387755765
10,67,0,0.0102924624734503,0.0583696331927668
10,68,0,0.0242007832057563,0.180738167686394
10,69,0,0.0546679950916769,-0.0247253533120529
10,70,0,0.0124380423145508,0.065625741711518
10,71,0,0.0682273511873912,0.117906035467338
10,72,0,-0.0660076231873663,-0.0779922148825304
10,73,0,-0.0117974582234215,0.289537557815373
10,74,0,0.0261726533426099,0.0143574989916944
10,75,0,0.0502755964850656,-0.00259687299021366
10,76,0,-0.0166509592341267,0.0184648566056204
10,77,0,-0.0960980355002983,-0.184780838149605
10,78,0,-0.00860593290458905,0.122395222484831
10,79,0,0.00805555807129514,-0.0310405044980321
10,80,0,0.0692351851535022,0.201768475042556
10,81,0,0.00338621799328509,-0.0421850835697597
10,82,0,-0.0502071720030949,-0.07102231148902
10,83,0,0.012758456703313,-0.0687283762665331
10,84,0,0.00573130707605303,0.21686370875672
10,85,0,0.0245078403597987,-0.0151182082013799
10,86,0,0.0305739012512229,-0.0841892147269614
10,87,0,0.0185371864752854,-0.025697056095258
10,88,0,0.0180978282558073,-0.117128365676265
10,89,0,0.0459271846281104,0.0031720466129126
10,90,0,0.030116436199145,0.0620875525177678
10,91,-0.120872279114407,0.0411339168467951,-0.0672079264413991
10,92,0,-0.0280669220961975,-0.257654483939266
10,93,0,-0.0572522837378223,-0.136637578548387
10,94,0,0.0379278116823734,0.00890581402883018
10,95,0,0.0129253779958397,0.100258254625518
10,96,0.11390794909558,-0.0238958361218984,-0.224796323327714
10,97,0.116884849015383,0.0464080431579163,0.189315760959534
10,98,0,0.015177028433524,0.0820504730935276
10,99,0,-0.00464245274916155,0.0787059551538292
10,100,0,0.0677500246939706,0.0600268343660674
11,1,0,-0.0328180743819982,-0.0183811550768819
11,2,0,0.0272172980184387,-0.097356290244234
11,3,0,-0.173730429791227,-0.244936351366326
11,4,0,-0.0320071703321573,-0.037071727533149
11,5,0,0.00520307366437953,0.328711110576424
11,6,0,-0.160128822847203,-0.132670914291237
11,7,0,-0.151817641886386,-0.154270480164277
11,8,0,0.0079991763716923,-0.0479399760257654
11,9,0,0.0440177746124738,0.173685674186522
11,10,0,0.020791176107447,0.121900066357181
11,11,0,1,1
11,12,0,-0.0229232729686379,-0.0619211481917979
11,13,0,0.01524286030236,-0.0812606789068067
11,14,0,-0.106920917388735,0.0259062382974523
11,15,0,-0.0158552007927072,-0.0120310330457909
11,16,0,-0.0570956810571977,-0.0552309503377474
11,17,0,0.0628733518952842,0.150914926856639
11,18,0,0.131080558959956,-0.00342997976339773
11,19,0,-0.0636702619758139,0.0110219190063173
11,20,0,-0.129625128963977,-0.0336674467776209
11,21,0,-0.0979042125744649,-0.109396648297641
11,22,0,0.0513510952119554,0.109060905336889
11,23,0,-0.140885421974942,-0.0238862113075389
11,24,0,0.0125083114630342,0.0226794720582168
11,25,0,-0.0122051197475045,0.0463040786670219
11,26,0,0.0637017044018138,0.195543120917546
11,27,0,0.0752902398014706,0.153855780704422
11,28,0,-0.15417404788291,0.0216846501973097
11,29,0.12074409372848,0.0591103115136575,-0.100479264066867
11,30,0,-0.0441547313866289,0.153912666011115
11,31,0,0.152954844444429,0.0489664087464646
11,32,0,0.0837592540606686,0.151457635851185
11,33,0,0.0646110659809846,0.05694240688451
11,34,0,0.0617438005657271,0.0877233874460353
11,35,0,-0.0640105144755956,-0.0592254901369482
11,36,0,0.0852052199139608,-0.180276681743499
11,37,0,-0.0722009065242818,-0.102008108989623
11,38,0,-0.0816723965282715,0.128616990350265
11,39,0,-0.00682402124973624,0.0486041381570624
11,40,0,0.0182973963273966,0.0823974053658734
11,41,0,-0.0276026208669091,0.0880476437370167
11,42,0,0.00891170121909608,-0.00934814224986014
11,43,0,-0.0651439351455748,0.148360310809254
11,44,0,-0.0920434097121894,-0.0482514207307318
11,45,0,-0.0651429318454035,-0.152105336877787
11,46,0.119417740671192,-0.0825679059682288,-0.0235839894073777
11,47,0,0.0651121785997411,0.328049906556515
11,48,0,0.0139053526956674,0.0636297322062073
11,49,0,-0.220050376277339,-0.0441691962644656
11,50,0,-0.00422076101654753,-0.0234500909929849
11,51,0,-0.0581733351945919,0.00634717072951769
11,52,0,-0.0022893914706263,-0.0535398854962884
11,53,0,-0.0548716138030812,-0.0713171039016793
11,54,0.118547515294736,-0.0951771465191484,0.0649749087023341
11,55,0,0.0804859246826986,0.0829653469285814
11,56,0,0.0081622563491907,-0.134053594366405
11,57,0,0.141702671603691,0.0620649488570258
11,58,0,0.0630013454151847,-0.0122476753403416
11,59,0,-0.0605777819577804,0.00453413705066903
11,60,0,0.0591968045720083,0.191002303352658
11,61,-0.117467439685003,-0.0742816824252702,0.0504694718565196
11,62,0,-0.0177513269198281,0.0155130022932247
11,63,0,0.0395045610096663,0.0367873875986552
11,64,0.113369214890827,0.0478050217017395,0.267133890879345
11,65,0,0.00838534571220374,-0.101397221657147
11,66,0,-0.118841551823793,-0.0341791737377595
11,67,0,-0.0316339498933338,0.182972518766745
11,68,0,0.0253877493217531,0.000914497204433482
11,69,0,0.0641012419166134,0.0479893491458559
11,70,0,-0.0246207893996491,0.116081177456773
11,71,0,0.0577005341793192,0.245228764374362
11,72,0,-0.134438296812138,-0.076557278229876
11,73,0,0.184466233400263,0.126665422212829
11,74,0,-0.130693119846975,-0.0869965918409362
11,75,0,0.0741338550169911,0.0998312196289845
11,76,0.115623250856497,0.138941438055949,0.16327760598586
11,77,0,0.0519752409712555,-0.0609810163248118
11,78,0,0.0788156347609081,-0.0779946318353909
11,79,0,-0.049599408833036,-0.0588339978365199
11,80,-0.124226593295405,-0.0919163784247517,-0.0140862118699105
11,81,0,0.0355102425981042,0.181312044569126
11,82,0,0.0304717032951615,0.0407417965262261
11,83,0,-0.120040021613703,-0.0470573519412327
11,84,0,0.0407344775619947,0.151610474048218
11,85,0,0.00833445476089729,0.185394410112816
11,86,0,-0.0993268779999194,-0.0396737766049929
11,87,0,-0.0336635675531422,-0.0443266897767633
11,88,0,0.120055685699276,-0.208113124297669
11,89,0,-0.049859223793008,0.131467797727162
11,90,0,-0.171408979200295,-0.0218226785298551
11,91,0,-0.0867222530255051,0.025498917982995
11,92,0,-0.0744333237177675,0.0414956873225696
11,93,0,0.0987010008019218,0.114775861438795
11,94,0,0.0127027986778326,0.063385376733446
11,95,0,0.0176934908565923,-0.00938344663844545
11,96,0,0.00292241221112252,-0.0607472314568708
11,97,0,0.107105470768139,0.112721607133173
11,98,0,-0.178391505088624,-0.118481513900689
11,99,0,0.0844571893022075,-0.0193230963393351
11,100,0,0.0366239495568395,0.196378676723604
12,1,0,-0.0217136649703871,-0.249965348375562
12,2,0,-0.00722554492259171,-0.0372938763028212
12,3,0,0.00895074840848478,0.0243554375866875
12,4,0,-0.0940096003358675,-0.0731080495471012
12,5,0,-0.0990518678377327,-0.257604896386448
12,6,0,0.0866981576258789,0.0938491380561928
12,7,0,-0.0615485879868816,-0.0916032078165092
12,8,0,0.0818941933735204,0.0992154055789768
12,9,0.124424968576018,0.0249082956337809,-0.112240466707394
12,10,0,0.0228733587913071,-0.0133245466558107
12,11,-0.119638466727109,-0.0229232729686379,-0.0782338159539423
12,12,-0.553639615653083,1,1
12,13,0,0.00643444164748479,-0.0283990567760082
12,14,0,0.0375292263035611,0.216178470419152
12,15,0,0.0186506062446369,0.0522165803767943
12,16,0,0.0712127743706224,0.142147349081682
12,17,0,0.049343505919529,0.0105417370230841
12,18,0,0.00662841042300937,-0.0537473809313975
12,19,0,0.0576632637831263,0.0872559796776365
12,20,0,-0.0148190705781501,-0.095310791196784
12,21,0,-0.0272110240807276,0.0814199904589925
12,22,0,0.0687387111391812,0.126506503626456
12,23,-0.121338279054869,0.032520104292265,0.184328328093237
12,24,0,0.0282086688617159,0.189671902729918
12,25,0,-0.000110134699134808,-0.112514801357717
12,26,0,-0.00426125892728957,0.0214817575819847
12,27,0,0.0551015736300133,-0.0597277444730851
12,28,0,-0.00357088347697962,-0.0972461625299267
12,29,0,-0.142137930236489,-0.161812380003329
12,30,0,-0.0075928344188346,0.00844432373058648
12,31,0,0.00151617232730675,-0.123830358291141
12,32,0,0.0086086885332499,-0.119112011012888
12,33,0,0.018994759657604,0.209189513893291
12,34,0,0.0255633872675346,0.156657818380019
12,35,0,-0.0228643367419988,0.0453230806888153
12,36,0,0.0103150485644885,-0.0376570399256248
12,37,0,-0.144485045940101,-0.134350949128591
12,38,0,-0.0145824797691539,-0.0831848976732838
12,39,0,0.0585831579672167,0.203208027503033
12,40,0,-0.00327519424099539,-0.0924390236397009
12,41,0,0.0176601401420083,-0.256650718081554
12,42,0,-0.0177442264537981,0.167497817871615
12,43,0,-0.119945981566756,-0.140226360088492
12,44,0,-0.04117737901654,-0.213155474683176
12,45,0,-0.0345092767131144,-0.158350639459448
12,46,0,-0.0567276592403169,-0.208892527772203
12,47,0,-0.0469353835724351,-0.195300225907456
12,48,0,-0.0293493821114889,0.0182041931655989
12,49,0,-0.119785870792484,0.00721613053014441
12,50,0,0.0440218672353703,0.260251365938865
12,51,0,0.00180890307954425,-0.164558184473579
12,52,0,-0.00322650814477641,-0.0640952689552339
12,53,0,-0.0211798819138981,-0.0458107000620177
12,54,0,0.0419193326476797,0.0747878951133565
12,55,0,-0.0266044144706724,-0.0887585293435531
12,56,0,-0.0136163305121797,0.013659786725638
12,57,0,-0.00672566914340135,0.0260111421597628
12,58,0,-0.0418331182702559,-0.110758853262618
12,59,0,-0.08352099173066,-0.293013327040161
12,60,0,0.0208181938910576,0.146619585346005
12,61,0,-0.00561061404236812,-0.185855910604464
12,62,0,0.0382520973580767,0.0359123933805729
12,63,0,0.0781816731190455,0.172339618731657
12,64,0,0.0367202408908367,0.0184234190614755
12,65,0,-0.065589732253404,-0.00945764665525418
12,66,0,0.034115620091229,-0.0614959764927019
12,67,0,-0.139141867422737,-0.0208080854963332
12,68,0,-0.0499757395868644,0.0570360024801053
12,69,0,0.0781951181409395,0.234296552700878
12,70,0,0.0258180472154778,0.0886419697470094
12,71,0,0.11121792595978,-0.0915673997776273
12,72,0,0.0510378438821444,0.229360347682878
12,73,0,0.0356025669261742,0.145372303220435
12,74,0,0.0624184969693707,-0.057990604330653
12,75,0,0.0118212539633811,0.268762907359633
12,76,0,-0.0132777230071371,0.00090184287560757
12,77,0,-0.141475531981201,-0.277339697134862
12,78,0,-0.00618950509019188,0.104632078560757
12,79,-0.12209122509747,-0.0410353425563561,-0.0427376316534876
12,80,-0.126761263792119,-0.0530948026740929,0.146694758367963
12,81,0,-0.143535570344843,-0.134057618049242
12,82,0,0.0321978568964152,0.199310095131535
12,83,0,0.074504217133657,0.0956209040029897
12,84,0.114538362985698,0.106063659782237,0.119779064692672
12,85,0,0.0137083270897727,0.00252159793193222
12,86,0,0.0584135069102906,0.0752255047071903
12,87,0,-0.0151750583961381,-0.253367268121538
12,88,0,0.0500507385909115,0.0339163133371084
12,89,0,0.004248021013746,-0.0569247766413156
12,90,0,0.0382181033955322,0.0189994552658272
12,91,0,0.0438657990276026,0.00970435450959292
12,92,0,-0.054459494128328,-0.0888340306753531
12,93,-0.123860938098083,0.00337846995140673,0.0309475268301461
12,94,0,0.0645744096955773,0.159235290219039
12,95,0,0.0545595261309448,0.156598871351249
12,96,0,-0.0145805690787522,-0.0845922311858216
12,97,0,0.0229250124976267,0.159110760161522
12,98,0,0.0285427314830661,0.107969591316612
12,99,0,-0.161878253654303,-0.105218007770675
12,100,0,0.0743010047574946,0.06905580637127
13,1,0,0.017053689902374,0.089964721505445
13,2,0,-0.0580048188903156,-0.0625761146882931
13,3,0,-0.00643188796454374,0.000238982012905739
13,4,0,-0.0336722225916334,0.154341924134111
13,5,0,0.0308598821650907,-0.0236717530643482
13,6,0,-0.012135948747552,-0.0607732946399584
13,7,0,-0.153951061634853,0.139109717300836
13,8,0,-0.146999509326229,-0.167552727520226
13,9,0,-0.020473567659056,0.237381805416075
13,10,-0.146832199078919,0.0549573876303026,0.131830304169555
13,11,0,0.0152428603023601,-0.103369390602935
13,12,-0.12632792728621,0.00643444164748477,-0.0285930123799292
13,13,-0.927581802476197,1,1
13,14,0,-0.00711131273788001,0.152014836387393
13,15,0,0.0790134482782465,0.27860419556602
13,16,0,0.0261084664627175,-0.0837748799444107
13,17,0,0.00168160051155024,0.0548386958066398
13,18,0,0.0837426914160607,0.092373615082252
13,19,0,0.0722179754974192,0.0286444692409119
13,20,0.123376803743149,-0.0140882074293988,0.10000176512885
13,21,0,-0.00295344736149806,0.100183657529922
13,22,0,0.0399007933369899,0.00456315986242688
13,23,0,0.064598346758344,0.00954425862316018
13,24,0,-0.00845851895380955,-0.0345761947035191
13,25,0,0.0366249842717252,0.0228143425341908
13,26,-0.116407829967264,0.0017739050302212,-0.00167669552776605
13,27,0,0.0208521497887953,-0.0439226585953321
13,28,0,0.031636595568415,0.0695398612407451
13,29,0,0.00235740387404436,0.134251259611973
13,30,0,-0.0215079383625808,-0.182609755809642
13,31,0,-0.0468697429571574,-0.0865622200501219
13,32,0,0.00604870813148302,0.0232078891829408
13,33,0,-0.0287137863023287,-0.053306474289734
13,34,0,-0.189656533114991,-0.275448281711869
13,35,0,-0.0586507089723204,-0.247993743641156
13,36,0,0.0440875713552966,-0.023558025394904
13,37,0,0.0112529241898647,0.0980905281112854
13,38,0,-0.0101389185090558,-0.0165911913118552
13,39,0,-0.162875781768271,-0.0157420540983391
13,40,0,0.0274243226736923,0.109688612026125
13,41,0,0.0455794103504225,0.0567197065587336
13,42,0,-0.0355906796380018,-0.0560370777026564
13,43,0,0.0323372021159723,0.221171473119856
13,44,0,-0.0106314532380714,-0.00921810064986183
13,45,-0.119509820396961,0.0935924597452252,-0.0383626456214488
13,46,0,-0.044241113759812,0.168901945840697
13,47,0,0.0208717715438307,-0.107613830371827
13,48,0,0.0437734998839464,-0.0512111778245855
13,49,0,0.045449420385384,0.201063963658502
13,50,0,-0.0371613360297215,-0.0760923705163377
13,51,0,0.0943627718552511,0.114027324220496
13,52,0,0.0221313673184019,0.217810661488698
13,53,0,0.0473003891296672,0.00090970286521401
13,54,-0.122532648848847,0.0233085686038506,0.154216573822137
13,55,0,0.0384646105564658,-0.233372001546044
13,56,0,0.0351227770652757,-0.00266078873581693
13,57,0,-0.0163311430053059,-0.128834910695874
13,58,0,0.0239562404998081,-0.0765333166633257
13,59,0,-0.0226339178988348,0.0451495829423129
13,60,0,0.048968544592164,0.161443497759229
13,61,0,-0.0163297030324545,0.0129985512734661
13,62,0,-0.00101432708739431,-0.133189074208274
13,63,0,0.0274810112299853,0.101468678051826
13,64,0,0.0637413143366558,-0.0538987284876295
13,65,0,0.00353502737704789,-0.107550937471277
13,66,0,0.058228564413174,0.017261932355725
13,67,0,0.0730371530173646,-0.00864858746728911
13,68,0,0.00559688055312247,-0.185294866875237
13,69,0,-0.0255426189667654,-0.13582411607074
13,70,0,-0.00598485368131352,-0.0257060037810485
13,71,0,-0.0316005550427979,0.0112098221385447
13,72,0,-0.0192086060745363,-0.020957583704079
13,73,0,0.0121230543175267,-0.0771421182558243
13,74,0,0.0705528690771816,-0.130569221876684
13,75,0.126543879715993,-0.0566473395561298,-0.0882459704047046
13,76,0,0.0211666292520992,0.113948876676027
13,77,-0.12119073827402,0.0425658916615708,0.227591359884761
13,78,0,0.0240072707481804,0.0739166479127913
13,79,0,-0.0792238054054797,-0.0659711372756425
13,80,0,-0.0168427272250308,0.214167786893948
13,81,0,-0.066319162028836,-0.103252340594911
13,82,0,-0.034415572580906,-0.0474555234251138
13,83,0,-0.0129210343257357,0.0526720308556029
13,84,0,0.00967862079425611,-0.1279545870048
13,85,0.121960672701733,0.0315023190354886,-0.141252452179172
13,86,0,-0.10318299772902,-0.0991085401811315
13,87,0,-0.0560801057124568,-0.0831737647343072
13,88,0,0.0175631737989443,0.00237192291647728
13,89,0,-0.0390091290989928,0.0205703509825815
13,90,0,0.0412134712242626,0.0163314077002084
13,91,0,-0.0756988112845669,0.0764155591841847
13,92,0,-0.060403579920631,-0.0805248871852562
13,93,0,-0.00848344936654935,0.0653298629959412
13,94,0.117085762274877,0.00619028135866153,-0.298069650568021
13,95,0,-0.0115076468854961,0.232124165260266
13,96,0,-0.0629801373229178,0.00920319881088612
13,97,0,-0.119968831279631,0.0266508640354991
13,98,0,0.0331983040001866,-0.00031331694221175
13,99,0,-0.0494670163270132,0.0781396717761254
13,100,0,0.0474252836803376,-0.177784625523129
14,1,0,-0.0528399837149807,0.0613967638654182
14,2,0,0.0334253891193052,-0.096273814340676
14,3,0,-0.0276592928006192,0.0663292678258032
14,4,0,-0.055896525181441,-0.00988358015416662
14,5,0,0.0275533764091118,-0.0756147822904909
14,6,0,0.0281313109208237,0.0853974510903828
14,7,0,-0.00810013720399962,-0.0181216977402963
14,8,0,-0.00825150717922533,-0.0499869799510605
14,9,-0.133307862602605,-0.0123374483959874,-0.0437335082588951
14,10,0,-0.0746609298887371,0.0446997232695036
14,11,0,-0.106920917388735,0.0324313722866924
14,12,0,0.0375292263035611,0.214199225392986
14,13,0,-0.00711131273788002,0.149601323745178
14,14,0,1,1
14,15,0,0.00137981426023846,0.140405361928975
14,16,0,0.0470847290593665,0.12914440263066
14,17,0,0.00056673832455112,0.086806031886022
14,18,0,-0.0185639107370022,0.0606638315067732
14,19,0,0.0320594614838613,0.0653379509811489
14,20,0,-0.0150289749767158,0.0357741229066556
14,21,0,-0.0115300266222014,-0.043811122350259
14,22,-0.120079229122568,0.0894100620328836,-0.0487863502675104
14,23,0,0.00544751431772334,0.217839928003645
14,24,0,0.0196248898614856,0.234286588922025
14,25,0,0.0736388067511311,0.124061107278716
14,26,0,0.0265763437618202,0.271908179777781
14,27,-0.126022006253679,0.0656353147962743,-0.0446189669233382
14,28,0,0.0403451174536034,0.18111762179511
14,29,-0.123037711595779,-0.0675428631643053,-0.138063084024597
14,30,0.120572266739125,0.0564836673550788,0.115841204428828
14,31,0.125432371721434,0.0230069437741621,-0.0461085717920452
14,32,0,0.0231210328324002,-0.0923792736361733
14,33,0,0.0423457771144914,0.353093059335807
14,34,0,0.00417444776520439,0.173261025547198
14,35,0,0.0208436966245017,0.151857571935034
14,36,0,0.0455175596549353,-0.072116699824027
14,37,0.123585001845182,-0.0654415801569951,-0.133349121682704
14,38,0,0.00981861444905602,-0.0388155566467032
14,39,0,0.00277069928374888,0.0518326025987603
14,40,0.11987617839209,0.051915117487322,-0.144618420670026
14,41,0,0.0469269682571826,-0.144600387247969
14,42,0,0.0211993979374165,0.0670380132930934
14,43,0,0.114878318623422,0.296344062684744
14,44,0,-0.0379915795416057,-0.149510118254973
14,45,0,0.024225289820494,-0.10505779487462
14,46,0,-0.0308044067892501,0.0557498683410214
14,47,0,-0.00483258750628577,-0.117561904154706
14,48,0.113557851433215,-0.126821560662812,-0.0727153548881752
14,49,0,-0.0133149693764354,-0.0420287017673857
14,50,0,0.0252226152090196,0.353395538240956
14,51,0,-0.120196662560126,-0.133275174461769
14,52,0,-0.000744126135199452,-0.0493863712244386
14,53,0,0.016242140516442,0.112518294082042
14,54,0,-0.0067971705455105,-0.0200287503060836
14,55,0,0.00428018111592898,0.0558178187442085
14,56,0,-0.101225511115615,0.065454446505631
14,57,0,-0.0475483100412654,-0.0721159147607591
14,58,0,-0.0113765507322102,-0.0572749382063232
14,59,0,-0.0247197877802179,-0.256932930408632
14,60,0,0.0639762638648697,0.267351353919977
14,61,0,-0.0263405889240308,-0.200860129337787
14,62,0.118989906218477,0.0124542099225683,-0.0631459499491235
14,63,0,-0.0484661368917729,0.142846294945288
14,64,0,0.0500632660560763,-0.0437527383187792
14,65,0,0.0121765196379072,-0.0353138151850531
14,66,0,0.0125421172602396,0.0986190564712991
14,67,0,0.0461202583375774,-0.0420806942492062
14,68,0,0.0481364840493533,0.00292570881535101
14,69,0,0.0232467347203827,0.225381949797273
14,70,0,0.0238971845594788,0.0474942411307919
14,71,0,0.0619347353505714,-0.0844907937860318
14,72,0,0.0398181395658938,0.232747144705065
14,73,0,-0.0149432710418495,-0.0420628872858373
14,74,0,-0.000842601135019655,0.0898463867310533
14,75,0,0.0336653164020602,0.075630136927277
14,76,0,-0.030798087359342,0.00973022809726424
14,77,0,-0.00872026272936405,-0.0157097837080978
14,78,0,-0.0415378739101075,-0.111817876600802
14,79,0.121922768497505,-0.0434150707131167,-0.176208667894566
14,80,0,0.00934885611291987,0.120306181565409
14,81,0,0.0287646098900066,-0.106844264304692
14,82,0,0.00431064555162149,-0.012834970407347
14,83,0.133180408163161,0.040310023531374,0.055525816222611
14,84,0,0.0584786025108607,0.030266476134884
14,85,0,-0.0236376731499595,-0.00868939033959823
14,86,0,-0.00151503377622944,-0.0546095650315761
14,87,0,0.0462454491850581,-0.108334078876215
14,88,0,0.00730465406548831,0.256095485366232
14,89,0,0.0581791385538085,0.0556830496192309
14,90,0,0.0168792556000296,0.125750258725244
14,91,0,0.0358955898326717,-0.0253093258152673
14,92,0,-0.0647854712719651,-0.246425351308916
14,93,0,-0.0303727270005878,-0.148421011675855
14,94,0,0.0139273327581491,0.0278698968837704
14,95,0,0.0192541505220508,0.0113036650744034
14,96,0,0.00253576264993682,-0.130142135637326
14,97,0,0.0525474148395588,0.0920291610755855
14,98,0,-0.00933005245073941,-0.175375646986823
14,99,0,-0.0323723747077906,-0.0128202513649474
14,100,0,0.118757347085289,0.255749416359408
15,1,0,-0.0664850079246418,0.0342341570040099
15,2,0,-0.0500066045233859,0.00117641536497557
15,3,0,-0.0613198550358504,-0.0616510589793722
15,4,0,-0.0100265489339333,-0.140771818778459
15,5,0,-0.0238664063553143,0.0605381154783184
15,6,0,-0.0292840348416109,0.056592446191069
15,7,-0.127585525029064,-0.0510849195769576,-0.0876180791534129
15,8,0,-0.0277808576568289,-0.0484115511257019
15,9,0.128734174591387,-0.134581151772128,-0.0568397596881316
15,10,0,-0.0874191462328307,-0.0276715205345526
15,11,0,-0.0158552007927071,-0.0115011695032577
15,12,0,0.0186506062446369,0.0395086325128682
15,13,0,0.0790134482782465,0.209370373175453
15,14,0,0.00137981426023846,0.107216545003167
15,15,0,1,1
15,16,0,0.0482425351165004,-0.0174074361994059
15,17,0,-0.0110774164035637,0.119477157161214
15,18,0,0.0663510131443383,0.0196485752751928
15,19,0,0.10120438603574,0.091342136800371
15,20,0,0.00970718379271023,0.112903365368229
15,21,0,-0.0116029205714116,0.214359965874488
15,22,0.123629348074321,0.00216713115843165,-0.0390107498868805
15,23,0,0.0311569184205969,-0.0396443698773954
15,24,0,-0.0150742234180422,-0.0508524357204511
15,25,0,0.104083127222225,-0.0132413221431954
15,26,0,0.0486055524768721,0.143370084415753
15,27,0,-0.015175041328681,0.00810385231200292
15,28,0,0.0669116393944132,0.139479291264096
15,29,0,0.0175058817467753,0.106271263042871
15,30,0,0.0217785577137185,-0.0898351911125461
15,31,0,-0.0762339707315127,-0.129844896817969
15,32,0,-0.0926463822142446,-0.109402390556989
15,33,0,-0.0264986490223939,-0.194621221020691
15,34,0,-0.196253332417745,-0.190175889043433
15,35,0,-0.0512113740075522,0.0366088772879991
15,36,0,0.0437210950023469,0.035972032087911
15,37,0,-0.101919466255257,-0.0811653711739534
15,38,0,-0.00159184991573718,0.151639235023954
15,39,0,-0.148219707730853,0.139960620784845
15,40,0.123420294188662,0.0105076136702461,0.105503349318659
15,41,0,0.0542128696475291,0.0169690772124521
15,42,0,0.062446488915917,-0.0672804709533249
15,43,0,-0.0104596367005455,0.0331265454624992
15,44,0,-0.0198576974118924,-0.0110187809942134
15,45,0,0.107962020124051,0.077567820924318
15,46,0,-0.047262454045737,0.0783855283846853
15,47,0,0.00665922777382059,0.0350079282388736
15,48,0,0.0251405764678767,0.0266426421076562
15,49,0,0.0510343825209988,0.110742046563325
15,50,0,-0.0846519503350621,-0.0541489595499292
15,51,0,0.0739920716839075,-0.0167584952939396
15,52,0,-0.0298057474999202,-0.0675847082224715
15,53,0,0.0976520762136179,-0.0303717761237626
15,54,0,0.0377088584643905,0.136916417449327
15,55,0,0.0330525880901765,-0.0326761020356413
15,56,0,0.039461575413976,0.129942444303599
15,57,0,0.0171874886909523,-0.142411384755979
15,58,-0.125052184894239,-0.0129251814573011,0.0271744348065881
15,59,0,-0.00170692847524894,0.0405062669414957
15,60,0,0.0398493386244849,-0.0115207878053097
15,61,0,-0.038680478661012,0.00212296345445839
15,62,0,0.0123959192751363,-0.143936032016512
15,63,0.126911169135532,0.0119924507904633,-0.0992879923472039
15,64,0,0.0992593628777298,0.269870388066729
15,65,0,-0.0848226280935364,-0.0576405095739328
15,66,0,0.044386086643425,0.149269102669125
15,67,0,0.0363459981226007,0.0774806514374633
15,68,0,0.074142117189457,-0.146987205749755
15,69,0.119818661918035,-0.0161560460448477,0.0699501721826965
15,70,0,-0.0188529738402925,-0.056403733692702
15,71,0,-0.143898519457709,-0.166919702253471
15,72,-0.126667530973346,0.0509371178023609,0.109918568203837
15,73,0.126823630860229,-0.0245804470732474,-0.00903036162244228
15,74,0,0.0648103017390456,0.060283850752372
15,75,0,-0.0203028685787205,-0.217274302104762
15,76,0,0.00352232551225607,0.0492856223275709
15,77,0,0.0680137407462414,0.0239613896322551
15,78,0,0.0642727963732826,-0.0238157385369683
15,79,0,-0.0517352704327103,0.09729995042326
15,80,0,-0.0383872774004563,0.0947070050015965
15,81,-0.128211744594556,0.0405660298076087,0.110270445092895
15,82,0,0.00885581675183697,-0.0677207285752625
15,83,0,0.00443731783419548,-0.0476073165774623
15,84,0,-0.0138940739032946,0.106759869267996
15,85,0,0.084151857025246,-0.0624022870212108
15,86,0,-0.0193252261092471,-0.0453746417335175
15,87,0.117890724775877,-0.0209539952791053,0.00814266137833686
15,88,0,0.00045446191819966,-0.0601626359276036
15,89,0,-0.00263647239719781,0.124068726171205
15,90,0,0.0824016650577685,0.0983303881392903
15,91,0,-0.00317961470712947,0.127989267678598
15,92,0,-0.191019904028249,-0.0822326956455468
15,93,0,-0.000859994241910858,0.0534561609030924
15,94,0,0.00563536422203978,0.112263059759457
15,95,0,-0.0357155124404614,0.0123899961703592
15,96,0,-0.0438448823218084,-0.222894429626702
15,97,0,-0.0398987259568222,-0.18481481466082
15,98,0,0.0399941098599002,0.0446579023702354
15,99,0,-0.0578872184614037,-0.133487239592582
15,100,0,0.0765328602968676,0.0228329226172608
16,1,0,-0.0331942314355138,-0.307694350988168
16,2,0,-0.0754179429020526,-0.122503319320385
16,3,0,0.0952937251002077,0.158695507139003
16,4,0,-0.00426240071964873,-0.0682290044932261
16,5,0,0.0136267008776709,0.0683965481139241
16,6,0,0.0740213042457107,0.222835202607067
16,7,0,-0.0569611358991764,-0.192357037844285
16,8,0,0.0144045847172154,0.108140435223495
16,9,0.122089424641353,-0.00686169278530448,0.0952851276545974
16,10,0,0.123542238431419,0.030785649416127
16,11,0,-0.0570956810571978,-0.0724247665914566
16,12,0.116489235718128,0.0712127743706224,0.147532546915688
16,13,0,0.0261084664627175,-0.086358858425381
16,14,0,0.0470847290593665,0.13527551824742
16,15,0,0.0482425351165005,-0.0238781301982209
16,16,0.872476532589644,1,1
16,17,0,0.00733797827809046,0.050833002443299
16,18,0,0.0376400338727837,0.043170123689164
16,19,0,0.0741627398105788,0.0372994630955703
16,20,0,0.00765207753517159,-0.0320039750386405
16,21,0,-0.0174930779646328,-0.0913671040123574
16,22,0,0.0939844234715789,-0.00939848679643075
16,23,0,0.103247641661153,0.214868566352123
16,24,0,0.0146782207749819,0.278081693339626
16,25,0,0.0492688157072212,-0.0516144663501629
16,26,0,-0.0157415235394198,-0.17364754229518
16,27,0,0.0504193533496769,-0.0822939410261323
16,28,0,0.035260385045138,-0.0237980891459062
16,29,-0.124463606010541,-0.0283403243955227,-0.0933739100027794
16,30,0,0.0378991010488669,-0.0864863552675017
16,31,0,-0.0908919875739231,0.0995451583192972
16,32,0,-0.0133730894082243,-0.199573707983484
16,33,0,-0.0965660089733086,0.12365923551996
16,34,0,-0.0714349166451115,-0.147218311890027
16,35,0,0.0530000889253397,0.137317568913395
16,36,0,0.0872536202147788,0.0564156622573727
16,37,0,-0.166535154752704,-0.183161877287903
16,38,0,0.0274264092045722,-0.119726061874516
16,39,0,-0.0192658115797904,0.177517852898464
16,40,0,-0.0264520783203091,-0.11025851431313
16,41,0,0.06983735624624,-0.212854732782691
16,42,0,-0.0109831724937385,0.0543020927639081
16,43,0.123391119589441,0.0734095205624368,0.105267272392393
16,44,0,0.00532995610151934,-0.122380209917483
16,45,0,0.0729962826215977,-0.205440464094164
16,46,0,-0.0736195101018934,-0.0614718232687227
16,47,0,-0.185446486564614,-0.106231806466764
16,48,0,0.00180474445124894,0.10644355132125
16,49,0,-0.0404790857904391,-0.00931396906433972
16,50,0,0.02581767052948,0.0900594473898722
16,51,0,0.0173311986178419,-0.119494878605809
16,52,0,-0.0449803371771445,0.0876779588559669
16,53,0.124626305127459,0.112041558434499,0.0876916757427788
16,54,0,0.0563786115328261,0.0436725450631094
16,55,0,-0.0232971849975675,-0.175408266216265
16,56,0.121455402349918,-0.0154951786079816,0.158752109289097
16,57,0,-0.14379179986418,0.0782341401446125
16,58,0,-0.1631409678942,-0.0468779136136474
16,59,0,0.0589152338148438,-0.224989698740684
16,60,0,0.0235234101869558,-0.101246929350049
16,61,0,-0.0683872154321317,-0.2155509623513
16,62,0,-0.00267816347955161,0.144708781000867
16,63,0,0.0797471332668352,-0.0387564488732504
16,64,0,0.10510530089018,-0.0114404220019744
16,65,0,-0.0439183017049917,-0.0803248217093926
16,66,0.118268554654816,0.0538629619937313,0.166789129537153
16,67,0,0.0295725285170353,-0.0727567868501273
16,68,0,0.0484169715868206,0.0249247910617253
16,69,0,0.0169492694336159,0.0326227535386694
16,70,0,0.0178241918295112,-0.0615949867360627
16,71,0,0.0758447851773441,-0.0114189982872906
16,72,0,0.0325558794366197,0.0343695219813385
16,73,0,-0.050676034092119,0.0317175572152076
16,74,0,0.119239400195756,0.223497947669275
16,75,0,0.0153346809807388,-0.0734035189210526
16,76,0,-0.197982369738125,0.0439961010735776
16,77,0,-0.0585437723174358,-0.0908779941468318
16,78,0.120649906233025,0.00858526919866758,-0.140397607989981
16,79,0,-0.0455379111601694,-0.0490639082300693
16,80,0,0.0347576670902733,0.118442643824642
16,81,-0.125973227453027,-0.0117769998174078,-0.406413890984609
16,82,0,-0.0557265237832721,-0.0753077060154352
16,83,0,0.0394370771384774,-0.025858864893697
16,84,0,0.0174517815604347,0.0692917152137669
16,85,0,0.0561029839803326,0.00394953627355758
16,86,0,0.039113920631737,0.0148554537167828
16,87,0,-0.0120334672921433,-0.142561083199711
16,88,0,0.0114621032222236,-0.0643263084610957
16,89,0,-0.0527313279285974,0.111161399988063
16,90,0,0.0896681964035961,0.0498216092654879
16,91,0,0.0279747009924952,0.0619696391595059
16,92,0,-0.114893960132591,0.0452350032627626
16,93,0,-0.0983719060576886,-0.0258782399501928
16,94,0,0.0783649151133952,0.138434517275055
16,95,0,-0.0429518644057521,0.0442116936201353
16,96,0,-0.0575064627763864,0.03573892951727
16,97,0,0.0562120560509023,0.167239960006161
16,98,0,0.055833242686701,-0.0713570130637463
16,99,0,-0.121949530154867,0.107365000087201
16,100,0,0.170769118193864,0.0727459796600991
17,1,0,0.00147180089739333,0.129636887034791
17,2,0,-0.0274774302227221,-0.302579611914679
17,3,0,0.00193513432180176,-0.0742598528155289
17,4,0,-0.0102565938540234,-0.0088923810547001
17,5,0,0.0148127623009172,-0.092242393218107
17,6,0,-0.00984123712235635,-0.0538321865576672
17,7,-0.121252269627513,0.00567386959575153,0.0118437841660165
17,8,0.120836259393082,-0.00150993597780934,0.147878351472098
17,9,0,-0.0792021723451219,0.025418316124619
17,10,0,-0.0147699955784158,-0.0394803212403005
17,11,0,0.0628733518952843,0.160482440606267
17,12,0,0.049343505919529,0.00887262216240196
17,13,0,0.00168160051155023,0.0458427783888399
17,14,0,0.000566738324551105,0.0737367950766852
17,15,0,-0.0110774164035638,0.132904938531896
17,16,0,0.00733797827809052,0.0412227059711476
17,17,0.858212134568021,1,1
17,18,0,0.0678221875871004,0.234177418881206
17,19,-0.112816138725485,0.0233055980299706,-0.00779414065396486
17,20,0,0.004900165842152,-0.0604802633642584
17,21,0,-0.0670407719617728,0.02464978009936
17,22,0,0.0465989098903506,0.130572047270858
17,23,0,-0.0603537239968982,0.107595119993825
17,24,0,0.0569155912195645,0.0727237697974278
17,25,0,0.0393949732218326,-0.141361908162498
17,26,0,-0.00395662713180334,0.357605939614457
17,27,0,0.00101522573780163,0.139537814032554
17,28,0,-0.0188350719595652,-0.0434723574514312
17,29,0.124735830987009,0.0739719066650081,0.128770073903638
17,30,0,-0.0319495897986455,0.117987807271827
17,31,0,0.106431730126379,0.108461292221365
17,32,0,0.0900157136405724,-0.165240927878657
17,33,0,-0.0025405973053234,0.0309184830006545
17,34,0,0.0367073519925543,-0.0350917450090685
17,35,0,-0.0424951883184642,-0.0136090115123101
17,36,0,0.0751750593795385,-0.0512068618261627
17,37,0,-0.0156434290155523,-0.0224503338203588
17,38,0,-0.058412764866567,0.00657612965554922
17,39,0,0.0185936985962629,-0.191562612507094
17,40,0,0.0297303627445475,0.0305153306197731
17,41,0,-0.0311782806949001,-0.185997948214032
17,42,0,-0.0376455889389232,0.0669104293451503
17,43,0,-0.0316254910582986,-0.130201494327142
17,44,0,-0.0453852137320177,0.0286500116629362
17,45,0,-0.00469963715722401,-0.0235501537846504
17,46,0,-0.0401206469128688,0.00259304952618101
17,47,0,0.0307117688720154,0.0371001083037288
17,48,0,-0.0100925980471962,-0.0171124750097146
17,49,0,-0.0251482281955832,0.0697534726100121
17,50,0,-0.0189512754935573,-0.00113087079777223
17,51,0,0.0218425475082363,-0.0678496273692478
17,52,0,-0.00397198259434196,-0.0717210259604389
17,53,0,-0.0213721614787362,0.20173120695438
17,54,0,0.0169684785664459,-0.00547134516604822
17,55,0,-0.014494311176388,-0.023006445063905
17,56,0,-0.0156634513755909,-0.116875857624473
17,57,0,0.0449052811872999,0.304066292662898
17,58,0,0.0233915059344718,-0.0562703513328903
17,59,0.111630952944822,0.0385828141987611,0.0905150733399402
17,60,0,-0.0119431052764534,-0.0120913427419301
17,61,0,0.0131518443999775,-0.127631484084618
17,62,0,-0.00172072429660297,-0.0709254606892769
17,63,0,0.0277153988173127,0.285464340509763
17,64,0,0.00857926343151338,-0.000693607714439442
17,65,0,-0.146548376746201,-0.204383521257432
17,66,-0.118527229905677,0.0281721006808804,-0.0212818883228104
17,67,0,-0.0277463118458272,0.108903721910291
17,68,0,-0.003970991528615,-0.262956589966244
17,69,-0.117984174157044,0.0590780906991656,0.000699268332249328
17,70,0.118433034487293,0.0553926183685414,0.137661447932423
17,71,0,0.0470615337946919,0.0575267350176885
17,72,0,0.0632809577382774,-0.0120561712575816
17,73,0,0.0561193535037316,0.0581609483167823
17,74,0,-0.153709227313626,0.0402692569813892
17,75,0.126475704637235,0.039824764459625,0.206918785007633
17,76,0,0.0414654402632553,-0.00152489381948418
17,77,0,-0.0719621998125631,-0.0106588281706918
17,78,0.120913789941186,0.0282778120912218,0.0497402430624289
17,79,0,-0.0483885842294827,-0.141301423519994
17,80,0,-0.0172868493254382,0.0587747830048052
17,81,0,-0.121500878509984,0.0398111849980431
17,82,-0.118014288533033,0.0198589674461795,0.0907451815654187
17,83,0,-0.0468395167696861,0.129549236314083
17,84,0,0.0063163884983525,-0.179492067691006
17,85,0,-0.00985388831332801,0.228605563251102
17,86,0,0.0158196734215215,0.323931203184647
17,87,0,0.0491992411226828,-0.114514628346313
17,88,0,0.0235447045324647,-0.0419455799785141
17,89,0.119824410510394,-0.0277852847688768,0.0130038533103231
17,90,0,-0.00749158642341764,0.19006642643998
17,91,0,-0.0579610193036123,0.170116057341103
17,92,0,-0.0191230336650504,0.166727271393293
17,93,0.125397162292991,-0.00385642491444918,0.190748425256178
17,94,0,0.0785721186379938,0.331936089469727
17,95,0,0.0453522026310554,-0.091086298999466
17,96,-0.117814897313649,-0.106169062208322,-0.216570247125863
17,97,0,0.0409451108550021,0.107936346524889
17,98,0,-0.170447440236917,-0.127371631945719
17,99,-0.118167814069078,0.00355922809742013,0.0741295098894001
17,100,0,0.12314648196681,0.138577654215707
18,1,0,0.0118988698909945,0.211879611307242
18,2,0,-0.0310123926171611,-0.173523681855851
18,3,0,-0.0400476054417572,0.0220594292510111
18,4,0,-0.0243885282422999,-0.0574007638924985
18,5,0,0.0128294831440177,0.00263067714758138
18,6,0,-0.174563777128391,-0.120809328294953
18,7,0,-0.251364065179127,0.120702102490182
18,8,0,-0.0213338708339735,-0.157114964089753
18,9,0,-0.0393784760635453,-0.198992126371103
18,10,0,0.0227390280726536,0.140896706368859
18,11,0,0.131080558959956,-0.00382977095494259
18,12,0,0.0066284104230094,-0.0474988435915459
18,13,0,0.0837426914160607,0.0810807344647097
18,14,0,-0.0185639107370022,0.0541065833501036
18,15,-0.131604104934329,0.0663510131443382,0.0229494997866891
18,16,0,0.0376400338727838,0.0367586834373519
18,17,0,0.0678221875871004,0.245884376973782
18,18,-0.297482311259955,1,1
18,19,-0.116599400515438,0.0301663838669335,-0.0100966367217333
18,20,0,-0.0603314392765777,0.0105128188041147
18,21,0,-0.183867302380149,-0.0889634743291666
18,22,-0.125818921167432,0.041015097708486,-0.044585850611836
18,23,0,0.0215532506679546,0.0295923931998845
18,24,0.124035957072882,0.0482137424894804,0.192503262720123
18,25,0,0.0711170167648345,0.0220578582722942
18,26,0,-0.0351415591204486,0.0316885371043653
18,27,0,0.101592087105395,0.00955385176947948
18,28,-0.129997137697763,0.0317258648480298,0.052973236915062
18,29,0,0.0322441420445894,-0.0963541548976719
18,30,0,0.0087700939645539,0.0490958201641229
18,31,0,0.0437185738284572,0.041913355837156
18,32,0,0.0927137454900581,-0.0826242181244262
18,33,0,0.0154371944999731,0.152002628931122
18,34,0,-0.1451601096929,-0.102966386405709
18,35,0,-0.0810633197498508,-0.205355621187152
18,36,0,0.143133392120857,0.129159747628235
18,37,0,-0.0333295333455369,0.0145701318099334
18,38,0.123914671044446,-0.0396634906080628,-0.070433175669858
18,39,0,-0.0882519542301353,-0.14467705284472
18,40,0,0.0254802383347018,-0.0505171900941946
18,41,0,0.0378779772910425,0.0436351096032683
18,42,0,0.0561730791980361,0.0268272658766566
18,43,0,-0.0212635301741166,0.122604741881768
18,44,0,-0.098581239166417,0.108265760053166
18,45,0,0.0900289556693111,0.178909937442145
18,46,0,-0.14091431347338,-0.061959589419736
18,47,0,0.00761220937655234,0.0290573431078472
18,48,0,0.0781050910759599,0.0923476974291669
18,49,0,-0.0797049765978327,-0.103333278717651
18,50,0,-0.158446070526718,-0.322606335831805
18,51,0,0.0665938948176366,0.250837445791723
18,52,0,0.0118780991477925,0.132574026286963
18,53,0,0.0405014688848698,0.0995991164781814
18,54,0,-0.00457153991645739,-0.077246268532291
18,55,0,0.10737447051688,-0.0121973608724277
18,56,0,0.0651742046521946,-0.0172644581942711
18,57,0,0.0724156450021852,0.00410002870444895
18,58,0,0.0523416400123942,0.0262906380357752
18,59,0,0.0201182803956613,-0.00680671013398326
18,60,0,0.0776494169051655,-0.151613056623422
18,61,0,-0.0690152117396473,0.0799521819543823
18,62,0,-0.0282039086255188,-0.180799425762271
18,63,0,0.112148187807216,-0.0315654477359927
18,64,0,0.0440523464389255,-0.0295297656566438
18,65,0,0.0634408468505057,-0.0581138027308331
18,66,0,-0.0294992461699276,0.175935706615958
18,67,0,-0.0578145897615194,0.0281978319693387
18,68,0,0.0504585771885133,0.0527105711130877
18,69,0,0.00124998216848698,-0.188134230907059
18,70,0,-0.136969624548699,-0.0840757205446095
18,71,0,0.0217029693158756,-0.00315823759591887
18,72,0,-0.00563608681470358,-0.0173871426705991
18,73,0,0.0718100917601756,-0.0222463252594812
18,74,0,0.014781891378413,-0.149176365576641
18,75,0,-0.0686257056357671,0.00102623051613695
18,76,0,0.0423279946287057,0.0390295556512633
18,77,0.125187359611043,0.0774378743493742,0.0998862835270506
18,78,0,0.109824701114996,-0.0199902301869375
18,79,0,-0.132740458745155,-0.228366425226041
18,80,0,-0.210120446312955,0.0148450764651552
18,81,0,-0.0733639263162248,-0.0522072879772445
18,82,-0.121971869013269,-0.0126791820293148,0.0995814440346315
18,83,0,-0.0632901989193706,-0.066731475643048
18,84,0,-0.0233444243292026,0.0305684371281605
18,85,0.125982684892923,0.0574611482190259,0.251827241307138
18,86,0,0.0278670228343756,0.142543605875792
18,87,0,-0.0712654311065834,-0.170133152633715
18,88,0,0.0590004488791708,0.0757425665361914
18,89,0,-0.0244303995416279,-0.123783883965761
18,90,0,0.0412363280723607,0.00861710478937959
18,91,0,-0.0984519667170169,0.0790038398266917
18,92,0,-0.0488090786232753,-0.0970202561212317
18,93,0,-0.0149516194806882,-0.14610051803641
18,94,0,0.0376280036502829,0.241135523755127
18,95,0,-0.0438545307606552,-0.00400879755061197
18,96,0.121765791257809,-0.174941646630762,-0.192700555798183
18,97,0,0.0167984596618493,0.216646725779128
18,98,0,-0.154145584484581,0.00783805281967071
18,99,0,-0.0121897410904442,0.0284764451498587
18,100,0,0.149028668308904,0.0438414970781029
19,1,0.129509990386682,0.0148570816568229,-0.0586914162994682
19,2,0,-0.0574994623142368,-0.0668489445745718
19,3,0,0.0761645860338175,-0.0636577078701431
19,4,0,-0.0541389308405948,-0.0484634807235131
19,5,0,0.0408069653989086,-0.14877893031589
19,6,0,0.0815127708121866,0.119218677734528
19,7,0,-0.0673076117725317,-0.186048692628948
19,8,0,-0.0148681617845883,-0.0830030878383684
19,9,0.134365779798961,-0.0270032131572174,0.154761244977257
19,10,0,-0.106125465428491,0.106856304807981
19,11,0.129196865064255,-0.0636702619758138,0.0127617974863389
19,12,0,0.0576632637831263,0.0799639647510354
19,13,0,0.0722179754974192,0.0260725736703018
19,14,0,0.0320594614838613,0.0604309156165806
19,15,0,0.10120438603574,0.110633516292071
19,16,0,0.0741627398105787,0.0329346176197537
19,17,0,0.0233055980299706,-0.0084864791641515
19,18,0,0.0301663838669335,-0.0104700829036924
19,19,0,1,1
19,20,0,0.0182431657639912,-0.00413227517850643
19,21,0,0.0627790366620994,0.165024214689034
19,22,0,0.0452802070580558,0.171296368028562
19,23,0,0.0320184206762353,-0.17234408492136
19,24,0,-0.0307256585519146,-0.0815921049265296
19,25,0,0.0365623133228034,0.075322781609254
19,26,0,-0.0227443416689451,0.0145929614841766
19,27,0,0.0365707895360004,-0.125991769401469
19,28,0,0.0708159539660999,0.125683108120396
19,29,0,-0.0416185046929333,0.0652912936836841
19,30,0,-0.0225264702725458,-0.103454916448066
19,31,0,-0.0826595673754044,-0.109192657565099
19,32,0,-0.0123081057209784,0.0284835263655887
19,33,0,-0.0143139640144494,0.138199267094385
19,34,0,-0.0775277452020576,-0.0166738781444423
19,35,0,-0.126776469835111,0.0533028527142737
19,36,0,0.000315217782358284,0.227641718884549
19,37,0,-0.00107596683459126,-0.303989717011207
19,38,0,-0.0043193512498998,-0.052325328912097
19,39,0,-0.0483720341684033,-0.148830029664106
19,40,0,0.0245121107189605,-0.0687708531775524
19,41,0,0.0501505230078488,0.0312462197751133
19,42,0,0.038573887862165,0.0232094946555726
19,43,0,0.0190949201521072,0.0742831163178446
19,44,0,0.01199188986053,-0.151044041195131
19,45,0,0.0739961170906775,0.0517536690731595
19,46,0,-0.0328799486128012,-0.336219009139126
19,47,0,0.00628706827315716,-0.0986010629576574
19,48,0.106551886551199,0.0109038284827957,0.0552774369879652
19,49,0,0.0634683561838217,0.00588366391425916
19,50,0,-0.00156180358966343,-0.0713999118531611
19,51,0,0.078816620962587,0.00180066579774611
19,52,0,-0.00414845428448141,0.0450729620052954
19,53,0,0.0670056700401351,0.0476092477044183
19,54,0,0.0362812048533719,-0.174068641261798
19,55,0,-0.0315548536006538,0.27386109768268
19,56,0,-0.0130892719293887,0.0740179045059613
19,57,0,-0.0449267413163909,-0.079175097045383
19,58,0,-0.0132972256270851,0.0911577403869357
19,59,0,-0.00279109992976069,-0.0466702092588794
19,60,0,0.0126545198045671,-0.0904000793587139
19,61,0,-0.0287647130650598,-0.00510001310017455
19,62,0,0.0122404647344517,0.0443560020962567
19,63,0,0.0367363555433652,0.047518939823057
19,64,0,0.0576611340152904,0.35471436016349
19,65,0,-0.142692608058542,-0.152294933752925
19,66,0,0.131056408359462,0.062762074498739
19,67,0,0.0600898396660545,0.175009624126689
19,68,0,-0.00967139705067811,0.0352076285247426
19,69,0,-0.0925499624060703,-0.196741161175462
19,70,0,0.01353581729715,-0.0461365714881781
19,71,-0.109096315944823,-0.0453693743804482,0.203033488120342
19,72,0,0.0558511055319112,0.0233733674066083
19,73,0,-0.0793406518275852,-0.119378118078347
19,74,0,0.0774219797212744,0.125807076959132
19,75,0,-0.0554191140979038,-0.0782817501048626
19,76,0,-0.0532867925147498,-0.136907282616066
19,77,0,0.017486829451263,0.100827508250595
19,78,0,0.00256254692216915,0.0705081208958608
19,79,0.11440072908208,-0.113083929551319,-0.0163223632323225
19,80,0,0.0598363436152366,0.104187265671374
19,81,0,-0.0288356360573137,0.147255648977946
19,82,0,-0.0517315754217319,-0.138643755966274
19,83,0,-0.023317921645907,-0.0926134339872089
19,84,0,0.000962467007198212,0.0334563897185372
19,85,0,0.0185513460897053,-0.178568266627666
19,86,0,0.000380005298345771,0.140794820548836
19,87,0,-0.0188568558332391,0.0151821985518387
19,88,0,-0.00524932483412868,-0.100678222823084
19,89,0,-0.00980046613444076,0.0346310176960493
19,90,-0.116749157801753,0.0604212587938896,-0.0920214797721221
19,91,0,0.0322039063766445,0.104878999360415
19,92,0,-0.0752409569990249,-0.014261350352852
19,93,0,-0.0316978562356268,0.0334196435248986
19,94,0,0.0606800394554201,-0.0788657359895178
19,95,0,0.0071921087630399,0.013777601995161
19,96,0,-0.0256220582071982,0.0467753320691802
19,97,0,-0.0570457754574003,0.0463221343020113
19,98,0,0.0554784757318679,0.0267646707450213
19,99,0,-0.171791061333551,-0.205957006050973
19,100,0,0.031953722002494,-0.00851504157874003
20,1,0,0.0379894697657565,0.152110947591521
20,2,0,-0.10597151297119,-0.0329141792314441
20,3,0,0.122854433769483,-0.0681629150166549
20,4,0,0.0535555803651036,-0.09113854422469
20,5,0.130399797406937,-0.0768641577903643,0.0631593742906931
20,6,0,0.111831838407937,-0.0665662926296667
20,7,0,0.0794913505328692,0.0381776994880039
20,8,0,-0.0263666358246693,-0.122445284821991
20,9,0,-0.0338639097555409,0.0974146572241789
20,10,0,0.0214169555895288,0.00235382620733213
20,11,0,-0.129625128963977,-0.0355081315883244
20,12,0.131517532435279,-0.0148190705781502,-0.0795617267004861
20,13,0,-0.0140882074293987,0.0829113133513543
20,14,0,-0.0150289749767158,0.0301387796683739
20,15,0,0.00970718379271028,0.124561962306113
20,16,0.12904885610209,0.00765207753517158,-0.0257404996754885
20,17,0,0.00490016584215194,-0.0599840781879745
20,18,0.140913137941768,-0.0603314392765777,0.00993014463443887
20,19,0,0.0182431657639911,-0.003764022749846
20,20,0,1,1
20,21,0,0.0548686738634449,0.162139052025838
20,22,0,-0.0866638046768128,-0.268126395423876
20,23,0,0.0493440254184298,-0.0166208168775309
20,24,0,-0.0240602321250614,-0.18270079389197
20,25,0,0.0217713876516341,-0.0284349776590178
20,26,0,-0.0359659425182392,0.176020089851989
20,27,0,-0.0571034557278282,-0.224701701621583
20,28,0,0.0207829424290288,-0.0684081163370572
20,29,0,0.0131356172873243,0.0181906938227277
20,30,0,-0.043075091772579,0.0179383094697113
20,31,0,-0.063194473617535,-0.134295660478756
20,32,0,-0.0281131673374269,0.00709579057513018
20,33,0,-0.0824869192474986,-0.0479725397094975
20,34,0.116937018613705,-0.0256786934001858,-0.216006406354423
20,35,0.123035339898232,0.0918324247127181,0.121525507432891
20,36,0,-0.0547545540419729,0.0490156392435457
20,37,0,0.113997604322723,0.0216617320691234
20,38,-0.121287734775037,0.0580439074178615,0.114475497599425
20,39,0,-0.107303395551479,-0.134192674953057
20,40,0,-0.014445896175523,0.0317378676295549
20,41,-0.120056373613933,0.0104661822172618,0.08774500996308
20,42,0,0.0363369424764188,2.35602065071623e-05
20,43,-0.125098468518262,0.0805931922717324,0.0847258115326266
20,44,0,0.0767138723338841,-0.0751330604625559
20,45,0,0.0644965739762887,0.246132233561502
20,46,0,0.0695753979207593,0.128021073867939
20,47,0,-0.00529303021745009,-0.00225014640428405
20,48,0,-0.00290985415419904,0.117675173693276
20,49,0,0.144989053417651,0.0330353824914605
20,50,0,0.0198886670374126,-0.0762663592223268
20,51,-0.122557257471812,0.0281733857493894,-0.232320107218295
20,52,0,0.0371415077738394,0.000231162109467005
20,53,0,0.0232424259249504,-0.049736453752205
20,54,0,-0.0487813364997064,0.0687979174057248
20,55,0,-0.153585440892,-0.256598159776319
20,56,0,0.0285688849929487,-0.0159428775390015
20,57,0,-0.16593170852932,-0.176757149386656
20,58,0,-0.0375591260669571,-0.0739425788922588
20,59,-0.112928582040466,0.0606501084927418,-0.0156739404280369
20,60,0,-0.0498107496184403,0.00345499530925143
20,61,0,-0.0167744876019342,0.0676552676338592
20,62,0,-0.0221005047422513,-0.115700141311984
20,63,0,-0.0129757890738421,-0.0964166086759135
20,64,0,-0.0623116785107701,0.153767198416077
20,65,0,-0.0850218034055324,0.150751693944126
20,66,0,0.0269896704611803,-0.100077163350421
20,67,0.117724293880773,0.0356743934338208,-0.0174159393991075
20,68,0,0.0445462907921762,-0.109937668567395
20,69,0,-0.0281552199293471,0.00498646193955871
20,70,0,0.0240767905328198,-0.181073231710333
20,71,0,-0.0595728733238614,-0.135221130053627
20,72,0,0.0518922040469648,-0.269048085144218
20,73,0,-0.112102977164492,-0.0387997487498652
20,74,0,0.0563626585754431,0.0112217867659984
20,75,0,-0.0583315083946843,-0.134526457101546
20,76,0,-0.109858337863565,0.0468936064966907
20,77,0,0.012141303289256,0.147418723544439
20,78,0,-0.0483101868722585,-0.188649953770273
20,79,0,0.0557405356844185,0.0485705992544922
20,80,0,0.0725467972581399,-0.0932781513944115
20,81,0,-0.00570644853434383,0.165778248800686
20,82,0.119386119288414,-0.0494683753601918,0.0414028374611887
20,83,0,-0.0316099565983465,-0.03856335264302
20,84,0,-0.064842294104668,-0.0725913273425584
20,85,0,-0.0490281199267513,-0.259486532100694
20,86,0,-0.00843646704580983,-0.0471747826135792
20,87,0,0.0600750626809263,0.155616377857725
20,88,0,-0.107534360146863,-0.167017409296558
20,89,0,0.0207564664315485,0.291512369992795
20,90,0,0.0497900739215575,0.126493756808606
20,91,0,0.0870841292150883,0.00358543527410224
20,92,0.122025337074371,0.0268497651151327,-0.071026865898711
20,93,0,-0.159041338959896,-0.127639405691922
20,94,0,-0.0106604998989212,-0.0253196011387177
20,95,0,0.0173456459231929,-0.193057085076977
20,96,0,0.0135048016963471,-0.0209249343495549
20,97,0,-0.07104216287745,-0.0724034134110987
20,98,0,0.0417587186937273,0.0942142463853406
20,99,0,-0.0159053018313646,0.0753535738522813
20,100,0,-0.023784968485249,-0.0677585661385295
21,1,0,0.00855238521548748,-0.158646810950021
21,2,0,-0.0265149680791263,-0.0522768758593315
21,3,0,0.0326921084771203,-0.0215637227621587
21,4,0,-0.0378202131609724,-0.125627522286161
21,5,0,0.0135889731458671,0.13205142433097
21,6,0,0.157187420354696,0.192427217655598
21,7,0,0.0577862511862231,-0.123880129166175
21,8,0,-0.0137304189027882,-0.0325290223588658
21,9,0,0.0108621208628698,0.177111042648259
21,10,0,-0.0334374102276217,-0.0370918806619031
21,11,0,-0.097904212574465,-0.16106630650454
21,12,0,-0.0272110240807276,0.094880336748774
21,13,0,-0.00295344736149803,0.11595408598889
21,14,0,-0.0115300266222015,-0.0515257228288866
21,15,0,-0.0116029205714116,0.330145421142217
21,16,0,-0.0174930779646328,-0.102585494190884
21,17,0,-0.0670407719617729,0.0341285950181115
21,18,0,-0.183867302380149,-0.117308957517466
21,19,0,0.0627790366620994,0.209842632031638
21,20,0,0.0548686738634449,0.226344879776261
21,21,0.759032730245963,1,1
21,22,-0.117424797002524,-0.103804232236442,-0.123889444883067
21,23,0,0.0529596828393539,-0.0968849702898459
21,24,0,-0.145499963662491,-0.291064134100203
21,25,0,0.0202568600685502,0.222020842093754
21,26,0,-0.0130073465669426,-0.143263347260914
21,27,0,-0.049054379658542,-0.073978618632283
21,28,0.121324260003433,0.0317213341324187,0.0320343670181519
21,29,0,-0.156350979638226,-0.27970975634603
21,30,0,-0.0216570188660573,-0.0180046221317782
21,31,0,-0.175541013997218,-0.258013642533916
21,32,0.116173729311252,-0.0129102163493886,0.0219878158720984
21,33,0,-0.031596146815675,0.150744594825454
21,34,0,0.00518967001002506,-0.202440111249578
21,35,0,0.0487250337756462,0.139591058270845
21,36,0,-0.170328116456367,-0.29207553603997
21,37,0,0.0621219798789493,0.0342961737105475
21,38,0,0.0201018767950996,-0.0110439809672505
21,39,0,0.00074927103296841,-0.186795610197882
21,40,0,-0.00210698517974362,0.00312928315739718
21,41,0,0.0145346415895101,-0.100777501000949
21,42,0,-0.00303411671779326,-0.1711186202856
21,43,0,0.0550579065831032,0.10347066425046
21,44,0,0.113992193068893,0.22158866381641
21,45,0,-0.0112972313389111,0.0982791697063159
21,46,0,0.101779394287647,-0.00948378743200965
21,47,0,0.016568500228948,0.0199081260100578
21,48,0,0.0422372283462941,0.124412490446306
21,49,0,0.0736641655515968,-0.0711097694972973
21,50,0,0.0630902186384369,-0.274380627703749
21,51,0,-0.00563863562271718,0.0500189043428958
21,52,0,-0.0305545860596405,0.134798634232901
21,53,0,0.0519365476169974,-0.106528299298637
21,54,0,0.00833294230526169,-0.0265558321298906
21,55,0,-0.0313242971542946,0.111641660432932
21,56,0,-0.0234672921067783,0.255111555376158
21,57,0,-0.110409925225183,-0.303401929499839
21,58,0,-0.0621021942878781,0.00681448357241913
21,59,0,0.0189692239398186,0.00985894505338598
21,60,0,-0.034100903205446,-0.189444294175316
21,61,0,0.0111499396026124,0.139913333548496
21,62,0,-0.0462157001106856,-0.160768340190565
21,63,0,-0.042458556812207,0.100853111640879
21,64,0,0.0260453525363061,0.118192017070729
21,65,0.118203025814261,-0.0281133058930285,0.109999330580022
21,66,0,0.0929268322092621,0.108769766128869
21,67,0,0.0329778360950348,-0.0804354228242967
21,68,0,-0.0177885258898205,-0.0581341160333859
21,69,0,-0.0377238166968693,-0.285181190312143
21,70,0,0.00732818548880084,-0.0526608443432079
21,71,0,-0.0299945077452426,0.0254922993959916
21,72,0,0.0090585751310954,-0.0487552291839754
21,73,0,-0.130079026543252,-0.176262204558715
21,74,0,0.0890359063803765,-0.01475242291402
21,75,0,-0.139878644296379,-0.068606345178283
21,76,0,-0.0801161476486674,-0.119585494122899
21,77,0,-0.0554498154604153,-0.0449740110588502
21,78,0,-0.176795681327479,-0.232909806450243
21,79,-0.11922758369969,-0.0675643206735091,-0.240641437827134
21,80,0,0.172961588976061,0.203685771694906
21,81,0,-0.00177664449562945,-0.026602843361804
21,82,0,-0.0350926656216758,-0.16062200958881
21,83,0,0.0376758152463895,0.201775989581974
21,84,0,-0.125150441107806,-0.154931538402207
21,85,0,0.00464146577442142,-0.31485106133585
21,86,0,-0.133879060767587,-0.137471935818953
21,87,0,0.0048426090196491,-0.137141397186294
21,88,0,-0.0176697115930258,-0.0987737397044813
21,89,0,0.0734582930029173,0.0881970561998826
21,90,0,0.0479440014266748,0.086098317729474
21,91,0.120590149857175,0.0848092529563626,0.266266989145618
21,92,0.116350892848789,-0.0380561545393648,0.0497276068083648
21,93,0,-0.0403115532886165,-0.207507358332326
21,94,0,-0.00618085607803935,-0.0701315424802633
21,95,0,0.0658993650544226,0.0846704808463764
21,96,-0.113642075354251,0.0191551177924989,-0.309700424691058
21,97,0,-0.0789030061493037,-0.130208113251491
21,98,0,0.0819713931940197,0.230484994471278
21,99,0,-0.00178505011053516,-0.220789273051981
21,100,0,-0.12184312288651,-0.113050383381203
22,1,0,-0.0262404737130953,-0.220284492324863
22,2,0,-0.00533200726787611,0.105034017402409
22,3,0,-0.0347382500184187,-0.186999792883383
22,4,0,-0.172009111934281,-0.0350198195096672
22,5,0,0.0238521234642944,-0.0768684326081969
22,6,0,-0.0607421407710627,0.051638596452795
22,7,0,-0.069886265253614,-0.14504985879878
22,8,0,-0.000194225620974623,0.24730402619558
22,9,0,0.0215935974602523,0.175828965095199
22,10,0,0.00630824807681699,-0.0630647720860788
22,11,0,0.0513510952119554,0.112581320775546
22,12,0,0.0687387111391812,0.103360495001787
22,13,0,0.0399007933369899,0.00370298041497321
22,14,0,0.0894100620328834,-0.0402285705364865
22,15,0,0.00216713115843166,-0.0421252464888146
22,16,0,0.0939844234715788,-0.00739861771963341
22,17,0,0.0465989098903506,0.126751215146981
22,18,0,0.041015097708486,-0.0412204808855066
22,19,0,0.0452802070580558,0.152718187932706
22,20,0,-0.0866638046768128,-0.262433439377092
22,21,0,-0.103804232236442,-0.0868622079174098
22,22,0,1,1
22,23,0,0.0280706387456438,0.112878726961947
22,24,0,0.00460473185498584,0.018303839322759
22,25,0,0.0183457050399384,-0.0693523554357882
22,26,-0.116195361675095,0.0191065302618925,0.0650271184578451
22,27,0,0.0573961179094649,0.0107328866141046
22,28,0,-0.00689728877105218,-0.096018776736624
22,29,0,0.0172275122453443,0.0961670690721362
22,30,0,0.0423567528779118,-0.126437700283213
22,31,0,0.0664600469832676,-0.22873308401458
22,32,0,0.103711780771977,0.0541874205142397
22,33,0,0.0453562520634261,0.0237850609562631
22,34,0,0.0106041584873581,-0.0193748385247884
22,35,0,-0.0270320280784142,-0.00780663277880551
22,36,0,0.149237498965695,0.259489471280646
22,37,0,-0.225165551482638,-0.174589159400911
22,38,0,-0.0731610025269315,-0.0637680884423897
22,39,0,0.0313780197636874,0.00725729920361329
22,40,0,0.00356909913918842,-0.167238515558542
22,41,0,0.0201836473480848,-0.357884528213813
22,42,0,-0.00730131267420454,0.0592127669085748
22,43,0,0.0111718619788207,0.120654361030867
22,44,0,-0.0718379809463682,-0.0287229603514126
22,45,0,-0.0489416634484901,-0.0122692441831358
22,46,0,-0.0607719245454736,-0.149858577149096
22,47,0,-0.0191579334734759,-0.028963820217747
22,48,0,-0.114882202394242,0.00853958831319685
22,49,0,-0.0397455978170261,-0.0219712204331313
22,50,0,-0.0166985220657713,0.0225748233926962
22,51,0,-0.0221773276897359,0.198172040530888
22,52,0,0.0101949768023031,-0.208566848479975
22,53,0,0.0373639875228896,0.0275576564675134
22,54,0,-0.0514932756263476,0.10653532694713
22,55,0,0.0183551373847455,0.175781119363356
22,56,0,-0.11172030760388,-0.0568298600912169
22,57,0,-0.118405153988237,0.00486264585663371
22,58,0,-0.0019823002005978,-0.0314151264832988
22,59,0,-0.00675796680812283,-0.0565399487907081
22,60,0,0.0220187090590576,0.141350881047926
22,61,0,0.00116202608738238,-0.0813280099509027
22,62,0,0.0227620617779783,0.086983682111909
22,63,0,0.0752844983075207,0.0246929500051896
22,64,0,0.0976299664307923,0.272470845556531
22,65,0.122385589242428,-0.0261997357535216,-0.092533983525347
22,66,0,0.00414980648970321,-0.034985070943853
22,67,0,-0.00735761539829484,0.20928597387899
22,68,0.124271492563667,0.0312321028396161,-0.0379827309501815
22,69,0,0.0258015793526545,0.199355403140585
22,70,0,0.0488974542511436,-0.0492473436050798
22,71,0,0.0658468337184977,0.0731245657500288
22,72,0,0.0410262828685771,0.0247624853602255
22,73,0,0.0929830381996721,0.0367021867575634
22,74,0,0.0403935439132464,0.16373517218247
22,75,0,-0.0358493477710306,0.0489060374005492
22,76,0,0.0535484162777544,-0.0386876796979344
22,77,0,-0.0223580791849803,-0.230357003450269
22,78,0,0.0010959146904809,0.15820537372975
22,79,0,-0.0378364458541738,0.102135036930149
22,80,0.128168275377582,-0.0512177673647776,-0.0064363673796851
22,81,0,0.0105411789284134,0.286353251315576
22,82,0,0.0302528517214791,0.0527033328007138
22,83,0,0.0682813887420249,-0.119650035874543
22,84,0.115809704079024,0.0805297811281147,0.0813094764228372
22,85,0,-0.066175698070122,-0.0887260503851215
22,86,0,0.0224903531591521,0.0501809713868741
22,87,0,-0.124838763328689,-0.189328777194912
22,88,0,0.0886332265103368,0.111121231739596
22,89,0,0.0534935585614755,-0.0955426648187119
22,90,0,-0.117320041230224,-0.0952773508590344
22,91,0,-0.153474055839505,0.00626873307173957
22,92,0,-0.0602539000515695,0.430749429779302
22,93,0,-0.0354025235710276,0.18107090896814
22,94,0,0.0228479588573814,-0.030027414192983
22,95,0,0.0370328135705589,-0.0955109081974144
22,96,0,0.0175006676043433,0.0851017229490613
22,97,0,0.0635878821335611,-0.18366623617
22,98,0,0.0168059816281473,-0.0182137552130526
22,99,0,-0.0538571562010139,0.00932895979864128
22,100,0,0.134684373218973,0.100175956549099
23,1,0,0.00938332962797195,0.0807296862795704
23,2,0,-0.0267553040167801,-0.0671797474969893
23,3,0,0.0594569937938364,-0.00482856311259231
23,4,0,0.0147125746931275,-0.144867942431342
23,5,0,-0.11635760816648,-0.0333352501117093
23,6,0,0.0459708827109593,0.157499027933739
23,7,0,-0.159830179682032,-0.188913171325271
23,8,0,-0.0203682519446721,0.0585427016953862
23,9,0,0.00126319080602527,-0.0430048076983972
23,10,0,0.0324715487945808,0.107079113395194
23,11,0,-0.140885421974942,-0.0280150558587724
23,12,0,0.032520104292265,0.17111212845641
23,13,0,0.064598346758344,0.00879984276416136
23,14,0,0.00544751431772332,0.204089535873707
23,15,0,0.0311569184205969,-0.0486392262723099
23,16,0,0.103247641661153,0.192181916820111
23,17,0,-0.0603537239968982,0.118670145309463
23,18,0.132833816069047,0.0215532506679546,0.0310844414711469
23,19,0,0.0320184206762352,-0.174576576230749
23,20,0,0.0493440254184298,-0.0184832760165697
23,21,0,0.0529596828393538,-0.0771791426217984
23,22,0,0.0280706387456438,0.128250505268826
23,23,0,1,1
23,24,0.120946542085437,-0.0268778934697749,0.28829136593503
23,25,0,0.00994218599842978,0.0705929809390148
23,26,0,-0.00950235321032227,0.092952918935254
23,27,-0.128756839911415,0.043493383692094,0.169174341074723
23,28,0,0.0435657505302541,-0.169066350099573
23,29,-0.125707782362353,-0.123268299169867,-0.202968360563963
23,30,0,-0.0157671106703207,0.104708648917267
23,31,0.128154409579353,-0.0924817105021054,0.0557517356673986
23,32,0,-0.0173208893457061,-0.0533025709592977
23,33,0,-0.0538852261460651,0.184623116525176
23,34,0,-0.0729310746329852,0.207069596394649
23,35,-0.122569261887246,0.0589622955939114,-0.12617820230904
23,36,0,-0.127580776803542,-0.247350114145898
23,37,0,0.0318821189053679,-0.189791479165954
23,38,-0.120828276978377,0.0306351958577425,0.0384376861114308
23,39,0,-0.0266760621601298,0.0734821049824324
23,40,0,-0.00624887115119488,-0.104627971826853
23,41,0,-0.00304635474002997,-0.207278877177895
23,42,0,0.0642262824815409,-0.00574131542931396
23,43,0,0.0424210502593466,0.0366012930447936
23,44,0,0.0410058686913123,-0.0984444660056605
23,45,0,0.0117998004123264,0.00500340379570129
23,46,0,-0.0090079351361051,0.0960232547019297
23,47,0,-0.09934796016825,-0.191536922135929
23,48,0,0.0296368935950694,0.0779111572186331
23,49,-0.121500684120236,0.0345912967004977,-0.0862893514354227
23,50,0,0.0235258196886212,0.242849195691577
23,51,0,0.040546004934338,-0.142966024373319
23,52,0,0.00874465012017691,-0.0533898884013212
23,53,0,0.0452230584701572,-0.0431738422609007
23,54,0.12342090442767,0.0543730173942801,0.0196396558982765
23,55,0,-0.0273483169012061,-0.10292581812719
23,56,0,0.0617957891802264,0.000909723887976942
23,57,0,-0.192872040049936,0.106517521099666
23,58,0,-0.0765936929116403,-0.115378109857426
23,59,0,0.00621963214997319,0.0958079361255921
23,60,-0.122728978349974,0.00317728267528647,0.0136182924327859
23,61,0,-0.0501807847425942,0.0646756832844365
23,62,0,0.055174944082117,0.0158548139401944
23,63,0,0.052504533094473,0.162314705795916
23,64,-0.118029728428244,0.0441448692828091,-0.122060401510201
23,65,0,0.014553145923655,-0.136920944508952
23,66,0,0.0819199482766994,0.205510294138189
23,67,0,0.0646755984986989,0.16316810865683
23,68,0,0.0432447146441824,-0.00417213192906781
23,69,0,-0.0197699517790771,0.165411297286106
23,70,0,-0.0113089872093431,-0.0415307620820788
23,71,0,-0.000408116152649634,-0.130444387531091
23,72,0,0.0197901392623514,0.092215314331922
23,73,0,-0.0572345023113293,0.0813798444708267
23,74,0,0.17801366585823,0.192773194303373
23,75,0,-0.0671572857121545,-0.14816543376353
23,76,0,-0.0546001393094084,0.0402668821736098
23,77,0,-0.0031344708307688,-0.156184170870551
23,78,0,-0.00655725816179941,-0.0427136495586574
23,79,0,0.0126039775273004,-0.129383127171096
23,80,0,0.075676648234833,0.106220224197066
23,81,0,0.00763109162619852,0.0991013163104636
23,82,0.118933865122552,-0.0705636178637971,0.0878801460349691
23,83,0,0.0385588944143548,0.113870594700182
23,84,0,0.0045828684143959,0.126026280106477
23,85,0,0.0133335328974151,0.163770033520328
23,86,0,0.0376609117234408,-0.031287662808643
23,87,0,-0.13716114636329,-0.213907213208407
23,88,0,0.0176436264107552,0.147917562153143
23,89,0,0.00341931869084507,0.193624167442809
23,90,0,0.105714804009884,0.158749349803971
23,91,0,0.0173005978922136,0.132153134109223
23,92,-0.121563085119441,-0.0136914276916334,0.0967289054667201
23,93,0,-0.040332339561863,0.123854393048754
23,94,0,-0.0433641516927171,-0.000725503587477285
23,95,0,0.0427525905964498,-0.129361525276207
23,96,0,-0.13184327706247,-0.100250459577376
23,97,0,-0.0524736689655902,0.126658668928383
23,98,0,0.126044811160416,0.0411810897408684
23,99,-0.119088586941612,-0.0716985295770032,-0.133876995418838
23,100,0,0.057000974303478,0.0259059792483827
24,1,-0.127947185377637,-0.0615342864925835,-0.0849163530589279
24,2,0,-0.00298627456625633,-0.240244450222223
24,3,0,-0.00997004173415092,0.045040358733321
24,4,0,0.0146961006105785,-0.0801152573733602
24,5,0,-0.00629886911080043,-0.138317367323664
24,6,0,0.0539976318931832,0.232969935213301
24,7,0,0.00214096271261413,0.0551276769708225
24,8,0,0.0491040659321829,0.0828489175666362
24,9,0,0.0337350468406452,-0.0417092152779865
24,10,0,0.0282273839220087,0.0442870281112607
24,11,0,0.0125083114630342,0.0292643388167323
24,12,0,0.0282086688617159,0.193710545161961
24,13,0,-0.00845851895380956,-0.035072882576687
24,14,0,0.0196248898614856,0.241486154354455
24,15,0,-0.0150742234180423,-0.0686401858563995
24,16,0,0.0146782207749819,0.273636222737184
24,17,0,0.0569155912195645,0.0882443353154662
24,18,0,0.0482137424894804,0.22246547795823
24,19,0,-0.0307256585519146,-0.0909283435636021
24,20,0,-0.0240602321250614,-0.223526270365386
24,21,0,-0.145499963662491,-0.255090206685978
24,22,0,0.00460473185498587,0.0228797212789134
24,23,0,-0.0268778934697749,0.317170793514834
24,24,0,1,1
24,25,0,0.00891874682599432,-0.0947195267578033
24,26,0,-0.123864884423804,-0.190504000002502
24,27,0,-0.0130901417948805,0.145940493106357
24,28,0,0.00594743942486462,0.0479015502792349
24,29,0,0.0230612507449678,-0.190502500064023
24,30,0,-0.00867149750385395,-0.0721911962927635
24,31,0,0.052909094283336,0.289189003221867
24,32,0.118579950628123,0.00311635027829375,-0.113250237864677
24,33,0,0.0266866954483665,0.221978970328273
24,34,0,0.00936127157532674,0.106228615997866
24,35,0,-0.041102398376252,-0.0731829529056229
24,36,0,0.0811300066112745,-0.0747115375666437
24,37,0,-0.0247651307985519,0.0473732193506206
24,38,0,-0.0200258457851073,-0.0290865751665975
24,39,0,0.038735736089729,0.249827551741406
24,40,0,-0.0016128999663789,-0.21237038697433
24,41,0,-0.0398900636285169,-0.27288385410013
24,42,0,-0.0480607628780696,-0.0535087134331195
24,43,0,-0.0285196925041335,0.0659372772583794
24,44,0,-0.0182073246647396,0.0585184506014301
24,45,0,0.0168928431859079,-0.126117010410572
24,46,0.121460890326777,-0.0472099741569445,-0.0522309902830603
24,47,0,-0.094369023555163,-0.125976746750588
24,48,0,0.0291388513686963,0.0341055150976685
24,49,0,-0.0657181958772875,-0.146632625491792
24,50,0,-0.0302275787648393,0.0143643577273469
24,51,0,-0.107771856435049,-0.0644781638606071
24,52,-0.118526372729627,0.0242214727997533,0.132031331244598
24,53,0,0.0129626515714916,-0.13945175472413
24,54,0,-0.00756940856362536,-0.0190452285988346
24,55,0,-0.063536727466653,-0.112952577163423
24,56,0,-0.0346741618224025,0.00025608043095361
24,57,0,0.0524646931126208,0.277465161150293
24,58,0,0.0276760432480724,-0.0621562409223394
24,59,0,0.0592393611404231,-0.170170642012829
24,60,0,-0.00173938172238942,-0.0117834084348742
24,61,0,0.0215539366389687,-0.00806072480276851
24,62,0,0.00926227635015756,-0.118684827332945
24,63,0,0.037346308131129,-0.0442769617336755
24,64,0,-0.106055654714894,-0.247031191057424
24,65,0,0.0256456615101764,0.0223075640646172
24,66,0,-0.0147260504274162,0.319200409728091
24,67,0,-0.00827865993025844,0.00809852763536108
24,68,0,-0.0197595659117062,0.0946540142440944
24,69,0,0.0130541255359792,0.323119087775183
24,70,0,-0.0616712708112178,-0.0941739346217177
24,71,0,0.0493396719239501,-0.209254140441711
24,72,0,-0.0175163393486757,0.18530228708836
24,73,-0.122953743431343,0.0372032201293392,0.0981629690973548
24,74,0,-0.00646630275764611,-0.154130241468336
24,75,0,0.00266676178549241,0.115707852256946
24,76,0,0.0131509014021296,-0.01359545867358
24,77,0,-0.0259829569153738,0.00409644080488704
24,78,0,0.0213143054344256,-0.0642563909423908
24,79,0,0.0056933092766411,-0.101192548251221
24,80,0,-0.0236499000124098,0.123915141051336
24,81,0,-0.126786556334128,-0.309603389973033
24,82,0,0.0460505525179253,0.100886184845861
24,83,0,0.00964229063271019,-0.00218531419925343
24,84,0,0.0411630765341206,0.0785019953726332
24,85,0,0.011971477120061,0.353060960256808
24,86,0,0.0569686460595122,0.245553336621107
24,87,0,0.0151515878210795,-0.303186579714454
24,88,0,0.0192887922467965,0.0893886932726903
24,89,0,0.0486084124944764,0.0225512294074509
24,90,0,0.047393383094804,0.206470967552635
24,91,0,-0.0383510361484979,0.00711084788731248
24,92,-0.118760783624177,-0.00402510546367232,-0.047489008052819
24,93,0,-0.00900290012025269,-0.0496382183147025
24,94,0,0.0452707521970911,-0.00641596533469337
24,95,0,-0.00613178086268263,0.0357442127191948
24,96,0,0.0080020198721623,0.0486331639833004
24,97,0,0.0602078538796167,0.177606906985694
24,98,0,-0.107925736558017,-0.161141763279921
24,99,0,0.0210834503504558,0.150802934937625
24,100,0,0.0672841894796683,0.1212730934333
25,1,0,-0.0163599004359877,0.0934702258639788
25,2,0,-0.112113823553083,-0.00172899690743538
25,3,0,0.0121423150666954,0.0840420135097608
25,4,0,-0.0746925803332306,-0.0556500187290913
25,5,0,-0.00644669246263203,0.145313608396181
25,6,-0.116850464963329,-0.00842666731382887,0.0272091302875779
25,7,0,-0.13574350974222,-0.0525477245486836
25,8,0,-0.0212015183315329,-0.0453342046790408
25,9,0,-0.168393182505111,0.010740232220338
25,10,0,0.0274841952858208,0.043421598093109
25,11,0,-0.0122051197475044,0.0422725804338939
25,12,0,-0.000110134699134821,-0.0813005823510242
25,13,0,0.0366249842717251,0.0163732902280435
25,14,0,0.0736388067511311,0.0904720008980282
25,15,0,0.104083127222225,-0.012645376922677
25,16,0,0.0492688157072212,-0.0359340663306521
25,17,-0.114573602390527,0.0393949732218325,-0.121360285047043
25,18,0,0.0711170167648346,0.0180352268969009
25,19,0,0.0365623133228033,0.0593897132463903
25,20,-0.129085703866654,0.0217713876516341,-0.0246135788227565
25,21,0,0.0202568600685502,0.137667863934469
25,22,0,0.0183457050399384,-0.0613343104056034
25,23,0,0.00994218599842984,0.05494862259599
25,24,0,0.00891874682599435,-0.067015190389085
25,25,0,1,1
25,26,0,0.000369262507316328,-0.0271198338433504
25,27,0,0.0256059512080729,0.0711454575490497
25,28,0,0.119773877858344,0.0505507212694967
25,29,0,-0.019742762796994,-0.0332906907345435
25,30,0,0.0214852591751752,0.00537196991675447
25,31,0,-0.0444896374187411,-0.0946656467569715
25,32,0,0.0383699372362468,0.132276611698683
25,33,0,-0.121487881425185,0.0633078902407737
25,34,0,-0.114165943768392,0.0808175603537765
25,35,0,0.0463625153603527,0.0144132110587197
25,36,0,-0.0511078585574675,-0.11968303873498
25,37,0,-0.00170003563683562,0.0536741434050457
25,38,0,0.00343355765464248,0.0445204230080673
25,39,0,-0.176952351532836,-0.162869158428686
25,40,0,0.0359516647543158,0.021987624641058
25,41,0,0.0359768905503362,0.0965582542303747
25,42,0,0.00859415130313401,0.0361401669679257
25,43,0.121055699503041,0.080834714787194,0.29738422251372
25,44,0,-0.0311906093390251,0.0425100035383894
25,45,0,0.104236278693234,0.102203287400915
25,46,0,-0.0477986900820746,-0.116011768885841
25,47,0,-4.48084998426144e-05,0.182671140013624
25,48,0,0.00961615510677797,0.0986824123933558
25,49,0,-0.0115642466626291,0.0965835661187487
25,50,0,-0.0240464212840733,0.0224415941114634
25,51,0,0.00998490375037506,0.0620543853757945
25,52,0,-0.0377782143023556,0.0346152049757265
25,53,0,0.0755181791597182,0.0194543291352391
25,54,0,0.0470555602307893,-0.135163237162069
25,55,0,0.0298789907798704,0.00742125409060994
25,56,0,0.000217312573467636,-0.0735682616368147
25,57,0,-0.0319202450662848,-0.165541157391035
25,58,0,-0.00781213143830298,-0.0278180509063791
25,59,0,0.0323351825102472,0.0270021597721251
25,60,0,0.0910961559833288,0.0452465994408821
25,61,0,-0.178280709919546,-0.162126467538967
25,62,0,-0.00757354066519262,-0.175545357770722
25,63,0,0.06370823389811,0.170346855821395
25,64,0,0.0767114032243962,0.0670932176008435
25,65,0,0.0873331720076106,0.0267159756664989
25,66,0,0.000191264068678074,-0.0437620295056363
25,67,0,0.0529437586569945,0.0413653070137784
25,68,0,0.0620601305182002,0.102031114783645
25,69,0,-0.00980305635548137,-0.152314733320215
25,70,0,-0.135152889124442,0.0309764381457231
25,71,-0.115390905061641,-0.0110953668585058,0.0536034397753726
25,72,0,0.0473699623998558,0.083278745399371
25,73,0,-0.0473901143606506,-0.0851043271365769
25,74,0,0.016683181763902,0.091501174418498
25,75,0,-0.00991705499212442,0.0218903798710476
25,76,0,-0.0451016497014121,-0.0752561583873098
25,77,0,0.0164983093200676,-0.113542118254661
25,78,0,0.0122880102242426,0.000826922335279785
25,79,0.12100136979116,-0.0456460763124866,-0.172251494713626
25,80,0.125629721079954,-0.0508841303261348,0.152527543466289
25,81,0.12358893588714,0.040801324573576,0.0902363318560299
25,82,0,-0.0237059570415295,-0.146669923395748
25,83,0,-0.0107341954231456,-0.027436975302089
25,84,0,-0.0618715378565537,0.00455917784266176
25,85,0,0.0544435377174634,-0.10128796858376
25,86,0,-0.0149962846029968,-0.0281767895350696
25,87,0,0.0447586236503299,-0.118143910710482
25,88,0,-0.00944174620322424,-0.0163162887677331
25,89,0,0.00295589124107975,-0.0120887578510826
25,90,0,0.0709437674805334,0.0900808627228396
25,91,0,0.0136621944611628,0.0927215366033131
25,92,0,-0.21101333287471,-0.196206682534739
25,93,0,-0.0610672319392975,-0.112872469816952
25,94,0,0.00487232694357913,-0.112982556474331
25,95,0,-0.0525601361239194,0.0285578788815288
25,96,0,-0.0257395488771189,-0.102682509112694
25,97,0,0.0199766222009231,0.0723289283602901
25,98,0,-0.0105940374346624,0.0651483157138434
25,99,0,-0.0479497241774263,-0.0817949517983163
25,100,0.112252428750335,0.128629709692729,0.0230339678354488
26,1,0,0.0386453936476815,0.267599194976072
26,2,0,0.0131793880502824,0.0815859503716072
26,3,0,-0.0734600158744187,-0.00849019140743333
26,4,0,0.000639720289706674,0.0810531861468928
26,5,0,-0.0102154512638732,0.116175063599976
26,6,0,-0.198169364940105,-0.303438113169598
26,7,0,-0.025411993136634,-0.243873097862142
26,8,0,-0.0399333451654078,0.0482676017666075
26,9,0,-0.158801936228678,-0.0257208533451559
26,10,0,-0.00548048823400601,-0.0489522084042201
26,11,0,0.0637017044018138,0.179945796872198
26,12,0,-0.00426125892728957,0.0156463651950679
26,13,-0.120883639268228,0.00177390503022127,-0.00121294710139659
26,14,0,0.0265763437618202,0.199875916276952
26,15,0,0.0486055524768722,0.138012563005486
26,16,0,-0.0157415235394198,-0.121860573406992
26,17,0,-0.00395662713180334,0.309462881655532
26,18,0,-0.0351415591204486,0.0261168089289741
26,19,0,-0.0227443416689451,0.0115981298719661
26,20,0,-0.0359659425182392,0.153583218539827
26,21,0,-0.0130073465669426,-0.0895433988395984
26,22,0,0.0191065302618925,0.0579690833892909
26,23,0,-0.0095023532103223,0.0729319749248111
26,24,0,-0.123864884423804,-0.135861838712179
26,25,0,0.000369262507316359,-0.027336737161091
26,26,0,1,1
26,27,0,0.0272411755821457,0.0869684082342489
26,28,0,-0.0240121503830148,-0.0944661322909941
26,29,0,0.0115020329288993,0.158621093494024
26,30,0,0.0499401158476198,0.111335776383897
26,31,0,0.0605013192537622,0.0541575089631025
26,32,0,0.0332931684785367,-0.0515015856089386
26,33,0,-0.0174022561342563,-0.17090754623523
26,34,0,-0.0102291558709689,-0.0551624718571774
26,35,0,-0.0429930374626095,0.109269040924779
26,36,0,0.0316924845679862,0.0849681630346698
26,37,0,-0.101560569571089,-0.0694130293655563
26,38,0,-0.0163228198746572,0.0424302825573167
26,39,0,0.0622314013132064,-0.00208363675157632
26,40,0,0.0503431838735379,0.0448384700017643
26,41,0,0.0235362342374664,0.0637635680284964
26,42,0,0.0489153281111261,0.189696990437163
26,43,0,-0.0170026571621577,-0.0128289657917025
26,44,0,-0.0303692075011848,-0.177739598499306
26,45,0,-0.00953332857196872,-0.0605655624791366
26,46,0,0.0216170210057192,-0.0176801631958145
26,47,0,0.0153899588892364,-0.0655594200751911
26,48,0,-0.00257906432807044,-0.00461463418027629
26,49,0,-0.0151308507322232,0.159962106747578
26,50,0,-0.0241371557121634,0.203080207422592
26,51,0,-0.0103500502190618,-0.225569898254166
26,52,0,0.0331060739463212,-0.0308287841937652
26,53,0,-0.0243422319239498,0.0234633716585817
26,54,0,-0.0605004411169345,0.184393482291604
26,55,0,0.0288074102867201,0.0497410206037473
26,56,0,0.0244954102085024,-0.10209593348477
26,57,0,0.0302958605818216,0.141222224620771
26,58,0,0.0134894272950065,-0.0380150753948471
26,59,0,-0.143980283960554,-0.0844867729898646
26,60,-0.116236921664961,0.04133389487663,0.253582529484243
26,61,0,0.00579089299643469,-0.106087259549232
26,62,0,-0.0193911454579688,-0.102656736073103
26,63,0,-0.0596450984480747,0.0311676283646031
26,64,0,0.0473206548357856,0.115651030532066
26,65,0,0.0197793469455773,-0.131267201387598
26,66,0,-0.0512395831413434,-0.0630076154686216
26,67,0,-0.0236893401136153,0.0416223864075969
26,68,0,0.043141628786592,-0.190578490924964
26,69,0,0.0432271788474653,0.205747354838918
26,70,0,-0.0230647371543135,0.100410842698532
26,71,0,-0.0149303047215386,-0.0829945004360832
26,72,0,-0.0252234367976691,-0.113937947838554
26,73,-0.119197568265862,0.0563179369213022,0.255020691272045
26,74,0,-0.0468974852131169,0.0833963590150359
26,75,0,0.0182936059832409,0.00861255356229916
26,76,-0.114008813393335,0.104564807930774,0.132295960006443
26,77,0,0.0531359872769352,0.124755782393453
26,78,0,0.0447608378651806,0.0138863853211098
26,79,0,-0.0898651807781309,-0.045295321777649
26,80,0,-0.0546605322269462,-0.0374272278329896
26,81,0,0.109133822502186,0.273249113638476
26,82,0,0.0900466065334247,0.114232140674807
26,83,0,0.0241673943650706,-0.0818895637147302
26,84,0,0.0161365082003607,0.0348471429108626
26,85,0,-0.00938791042660896,-0.08080550606091
26,86,0,0.00560119743899068,0.0688279436168065
26,87,0,0.0127535772185974,0.0409621276242626
26,88,0,0.0696347538681916,0.0575167279192054
26,89,0,-0.020426456581573,0.0119963524922577
26,90,-0.120401162634877,-0.043025987135562,-0.0812064357436211
26,91,0,-0.0402039847441471,0.00643119508372291
26,92,0,-0.0303467972859049,0.00676009758954717
26,93,0,-0.0286185375000453,0.0736304015474462
26,94,0,0.000515530241988539,0.0991324068522451
26,95,0,0.016891183314424,-0.124898308431771
26,96,0,0.0385386659625595,-0.000732572397838249
26,97,0,0.046845084022986,0.0777928166830833
26,98,0,0.0142759123840322,0.0364176428651702
26,99,0,0.0164954070123499,-0.0606154137182288
26,100,0,-0.00782513707876192,0.0960370613573759
27,1,0,-0.0947289473565196,-0.131812095339798
27,2,0,0.0224634370104997,-0.08599334542802
27,3,0,0.00526347038381641,-0.0559267636454362
27,4,0,-0.0329839367652571,0.0349756462182492
27,5,0,0.0884723276673232,0.0706392431970326
27,6,0,-0.0297733360222958,0.122089610538877
27,7,0.130732354881488,-0.226821772733676,-0.195932806706873
27,8,0.130283818967323,0.0229576931760971,0.241169450884566
27,9,0,-0.0480387350961903,-0.185771498359316
27,10,0,0.0755654194032783,0.154012391400676
27,11,0,0.0752902398014706,0.185442998737505
27,12,0,0.0551015736300134,-0.0569793150878143
27,13,0,0.0208521497887952,-0.0416172839167912
27,14,0,0.0656353147962742,-0.0429590990219455
27,15,0,-0.0151750413286811,0.0102176037547621
27,16,0,0.050419353349677,-0.0756414588131834
27,17,0,0.00101522573780166,0.158158746930841
27,18,0,0.101592087105395,0.0103132104176779
27,19,0,0.0365707895360003,-0.131154792600073
27,20,0,-0.0571034557278283,-0.256794280186973
27,21,0,-0.0490543796585419,-0.0605622717181408
27,22,0,0.057396117909465,0.0125318712305794
27,23,0,0.0434933836920938,0.173854883379457
27,24,0,-0.0130901417948805,0.136322222168365
27,25,0,0.0256059512080728,0.093929992586677
27,26,0,0.0272411755821457,0.11390924673236
27,27,0.688748395070434,1,1
27,28,0,-0.036465627940004,-0.158592245462583
27,29,0,-0.0774221004164277,-0.1804181250805
27,30,0,0.0518967580738375,0.105459846615673
27,31,0,0.0732167524688431,0.06803173071735
27,32,0,0.0874788267871949,0.0346261060087219
27,33,0,0.0559179305817918,0.0358721622316695
27,34,0,0.00432652381762029,0.257231034923342
27,35,0,0.0272951243034795,-0.0850481647251093
27,36,0,-0.00929038827638443,-0.19681246569942
27,37,0,-0.0196052352725541,0.0734346634265249
27,38,0,-0.0040959565510549,0.164545274561965
27,39,0,-0.0139668257166111,0.212917710552288
27,40,0,0.0770804542055266,0.085526280531486
27,41,0,0.0490894967444773,0.075641945548347
27,42,0,0.0634033534202755,-0.061647796877063
27,43,0,0.00313022999684373,-0.14874857773746
27,44,0,-0.0587957394182956,-0.0354350540837659
27,45,0,-0.0820002358215443,-0.196964050911903
27,46,0,-0.0751146247547792,-0.0947222968401138
27,47,0.127119414877188,0.0521528567168471,-0.0111007351724194
27,48,0,-0.0542656156273536,-0.105620234357926
27,49,0,-0.102597351183411,-0.179795524456568
27,50,0,0.0265408569083694,-0.00884151146403848
27,51,0,-0.0519402796778248,-0.0160951079890813
27,52,0,0.0729785387351894,0.0167989657715726
27,53,0,-0.0764724828622982,-0.217742093791965
27,54,0,0.0809259073572981,-0.0644066215147127
27,55,0,0.0207456540694132,-0.0712430367824189
27,56,0,-0.0779707713289117,-0.133454685956785
27,57,0,-0.00115170674129575,0.0841207227157596
27,58,-0.129065363915457,-0.0175045813844205,-0.216365948365524
27,59,0,-0.0941427200071439,-0.172359712158927
27,60,0,0.0769627822351316,-0.0691274547455535
27,61,0,-0.0408476678831191,0.125525437770283
27,62,-0.126439344712438,-0.0775731344801223,0.0191395611141371
27,63,0,0.132708764342676,0.0512924505685299
27,64,0,0.050341847464732,0.0429906321493096
27,65,0,0.00654873792959965,0.00422697605533695
27,66,0,-0.0443414739571321,0.0509578306185999
27,67,0,0.0430981567004554,0.0240490512820937
27,68,0,-0.00654380697152846,-0.0584143973294968
27,69,0,0.0446527407015295,0.221497013774637
27,70,0,0.0554178834225229,0.273410469661716
27,71,0,0.0933438119367547,0.0957645073863743
27,72,0,0.0164002797710818,0.0172259667516988
27,73,0,0.035080973031896,-0.0397781639486427
27,74,0.119099798516474,-0.0816080612000859,-0.102765932875016
27,75,0,0.0836357877647812,0.174981920938459
27,76,0,0.0264976660889619,0.0815077866576586
27,77,0,0.0146746509736472,-0.186398889440116
27,78,0,0.0408572705667216,0.212076094276423
27,79,0,-0.0353608289457902,-0.154634476303732
27,80,0,0.0711112021125402,0.118409976730513
27,81,0,0.0250772863844736,-0.019153444161361
27,82,0,-0.127840063153262,-0.186999367682801
27,83,0,-0.0106935117611055,0.0651717784124925
27,84,0,0.0900578327835356,0.213361776154972
27,85,0,-0.010170347454295,-0.18074379913853
27,86,-0.118376535433629,0.0551268577415098,0.0587223818347345
27,87,0,-0.0525516983862348,-0.0222660585808969
27,88,0,0.0760378744845561,0.0936644163787628
27,89,0,-0.000692882314330329,-0.0275538728272679
27,90,0,0.0318086315182327,0.181997834715545
27,91,-0.131036420830462,0.00658399266524297,-0.0592582326939614
27,92,0,-0.0260274331886203,-0.00333623923018747
27,93,0,0.00137673796009195,0.0119206019316118
27,94,0,0.0723286009553613,0.336991119834854
27,95,0,0.0815036106677928,0.140078543244719
27,96,0,-0.0829836805562009,-0.0950755495372806
27,97,0.126713688006063,0.0574714964479855,0.0335160929585314
27,98,0,-0.00413216265334246,-0.0378078602422858
27,99,0,-0.00610127114655835,-0.197902202947235
27,100,0,0.0537514514358654,0.0146806358422027
28,1,0,0.0763357680317067,0.193168688611048
28,2,-0.126782320953631,-0.0443161405718234,0.0387764525213207
28,3,0,-0.0525306275979457,-0.00780480631822471
28,4,0,0.0248827627546759,0.0613106998054475
28,5,0,-0.098121994831918,-0.177617780742591
28,6,0,0.0454099849608094,-0.0277953017232727
28,7,0,-0.00910934815938238,0.0472147548979168
28,8,0,-0.0103866614742104,-0.176155570962635
28,9,0,-0.0714238814249712,0.0105619783772118
28,10,0,-0.0432979747579798,-0.132130384265827
28,11,0,-0.15417404788291,0.0205505025711831
28,12,0.125330147057177,-0.00357088347697961,-0.0729435651162167
28,13,0,0.0316365955684151,0.0518074643234994
28,14,-0.13427766319792,0.0403451174536033,0.137110199830384
28,15,0,0.0669116393944132,0.138274046993985
28,16,0,0.0352603850451379,-0.0171991714276964
28,17,0,-0.0188350719595653,-0.0387425226494917
28,18,0,0.0317258648480298,0.0449619661400455
28,19,0,0.0708159539660998,0.102870844541568
28,20,0,0.0207829424290288,-0.061469548049824
28,21,0.126091615876023,0.0317213341324187,0.0206198494409778
28,22,0,-0.00689728877105214,-0.0881513472936025
28,23,0,0.0435657505302541,-0.13661015389325
28,24,0,0.00594743942486463,0.0351814568798315
28,25,0,0.119773877858344,0.0524756553584046
28,26,0,-0.0240121503830148,-0.0972852493303562
28,27,0,-0.0364656279400039,-0.124696812277935
28,28,0,1,1
28,29,0,-0.117765017587167,0.0092332942414403
28,30,0,0.00693695731876634,-0.0188507596875756
28,31,0,-0.218349372014982,-0.0257127632625344
28,32,0,-0.0272385479828651,-0.0472330362131233
28,33,0,0.000869181746951784,0.0105783687203496
28,34,0,-0.112936021764564,0.0996521517781772
28,35,0,-0.0625537235828548,-0.101323658493943
28,36,0,0.0496967108975345,0.0223766979272924
28,37,0,0.0127612476007808,-0.0845643175737732
28,38,0,0.092253473104167,0.0484956826175706
28,39,0,-0.0749522778122999,0.184712881017357
28,40,0,-0.106561920032478,-0.136740216866996
28,41,0,0.0467981248852612,0.0846929751175921
28,42,0,0.0644512887038397,0.128933367033399
28,43,0,0.031390621288311,0.00979449923702259
28,44,0,-0.0295217076610164,0.0544769337224309
28,45,0,0.18692235730234,0.0763186147873047
28,46,0,0.00352192431016934,0.106098460987316
28,47,0,-0.0422374097746456,0.0534409141592339
28,48,0,0.0332047150839165,0.0859582676668683
28,49,0,0.0497115154159673,0.0434379758670017
28,50,0,-0.0684107060940811,-0.0926643842982836
28,51,0,0.0978146226055751,0.0612925360249252
28,52,0,-0.179251699614245,-0.122634869461636
28,53,0,0.124833594914371,0.19772988256147
28,54,0,0.0469013114353199,-0.00275740010517231
28,55,0,0.0287032661562091,0.147193746544325
28,56,0,0.0343579101873703,0.169460678811663
28,57,0,-0.00533028866017137,0.0233420032824838
28,58,0,-0.00861084541863533,0.0838383036569272
28,59,0,0.0559214139556939,-0.00152974841102508
28,60,0,0.0531538312268417,0.230010383079405
28,61,0.1252193084409,-0.072591631470524,-0.0418012324807531
28,62,0,0.0420496782932659,0.0653726206657381
28,63,0,-0.0109212971860983,-0.0111480248957473
28,64,0,0.070064802816952,-0.0325700375247921
28,65,0,0.120619100284425,-0.0134879756440153
28,66,0,0.0107054978689361,-0.00136221016748599
28,67,0,0.0658281187196985,0.124051429907341
28,68,0,0.0228580627076776,-0.0671323819642772
28,69,0.121745306241051,-0.0380053058072211,-0.000763075299145479
28,70,0,-0.0757111263050952,-0.0847214554213154
28,71,0,-0.153030250519316,-0.087793678729726
28,72,0.128704302838042,0.0351638221491082,0.112510472033414
28,73,0,-0.171517591082896,-0.208112544865181
28,74,0,0.0781075520945434,-0.152455389970261
28,75,0,-0.0311993291791557,-0.0132946043073146
28,76,0,-0.0484210036437821,0.0624239359306117
28,77,-0.124986717634672,-0.113510358519519,0.126193885502001
28,78,0,0.0396346498039659,-0.0589707423678846
28,79,0,-0.0185427501869535,-0.0467575892086253
28,80,0,-0.139790608578777,-0.156922276543613
28,81,0.130273346901849,-0.0154790509241169,0.0104449736753188
28,82,0,0.00180880828860572,0.0707877204007809
28,83,0,0.0107625867194584,0.0512542161621949
28,84,0,-0.0671591097226418,0.0532671085570548
28,85,0,0.0470576074374837,0.0563564259607959
28,86,0,0.00548705669545513,0.00569708053716515
28,87,0,0.00266297869251158,-0.00413437212376129
28,88,0,0.000805644431889325,-0.0516121438074544
28,89,0,-0.0124145788475805,-0.145311571387313
28,90,0,0.0879155488223182,0.00780115507390528
28,91,0.129003459531433,0.029943947263969,-0.0602160511366108
28,92,0,-0.0687637421721739,-0.0149625618285587
28,93,0.129394607659822,-0.124751896759139,-0.117721412217303
28,94,0,-0.0544438549566966,-0.139857582455213
28,95,0,-0.235566446150577,-0.212586167322806
28,96,0,-0.00720484222948316,0.0864160098778573
28,97,0,-0.0666702084216853,-0.0287161966911413
28,98,0,-0.00465651788337808,-0.074341410477563
28,99,0,-0.0588870215486879,0.0191626341062635
28,100,0,0.0771028109963942,0.00557090345619958
29,1,0,-0.00289263215003687,0.149595121364551
29,2,0,-0.00301310133287818,0.103011270555783
29,3,0,-0.00197185352078824,-0.140157246426566
29,4,0,0.0489888896553384,0.128683986744567
29,5,0,-0.00695189404681758,-0.142006255135821
29,6,0,-0.172260255018587,-0.245765731364413
29,7,0,0.0872491337478403,0.0772789769527912
29,8,-0.133132138760032,-0.00449944943113217,-0.0238937933353146
29,9,0,0.0609815916359801,-0.0851070153273316
29,10,0,0.0100276838135447,0.0344020376649305
29,11,0,0.0591103115136574,-0.109199064376929
29,12,0,-0.142137930236489,-0.139187009614672
29,13,0,0.00235740387404434,0.114696279717912
29,14,0,-0.0675428631643052,-0.119855804842211
29,15,0,0.0175058817467753,0.120814546941577
29,16,0,-0.0283403243955227,-0.0773861834778305
29,17,0,0.0739719066650081,0.131601880126947
29,18,0,0.0322441420445894,-0.0937846312307821
29,19,0,-0.0416185046929333,0.0612834367406782
29,20,-0.142476773822774,0.0131356172873244,0.0187445102355311
29,21,0,-0.156350979638226,-0.206466408483445
29,22,-0.126573956595691,0.0172275122453443,0.101244539877348
29,23,0,-0.123268299169867,-0.188073060908287
29,24,0,0.0230612507449678,-0.160449133349988
29,25,0,-0.019742762796994,-0.0396301545634554
29,26,0,0.0115020329288993,0.187328668676204
29,27,0,-0.0774221004164276,-0.162676947216922
29,28,-0.135773799012142,-0.117765017587167,0.0105883702959087
29,29,0,1,1
29,30,0,-0.00982704025305652,-0.111380587254015
29,31,0,0.084933043119858,-0.0352204330142248
29,32,-0.123248026517109,0.0211554769617302,0.0392764441564025
29,33,-0.117111780849768,-0.0170323316254597,-0.331970180768331
29,34,0,0.0178710268157966,-0.0144758682527065
29,35,0,0.000102444755880901,-0.010687731579549
29,36,0,0.0454874433316198,0.0571637287689937
29,37,0,0.0230043251864528,0.00373088709272614
29,38,0,-0.138029691491595,0.0566140970587168
29,39,0,0.00873788460026023,-0.170315320240446
29,40,0,0.0061994636812315,0.273040895194828
29,41,0,-0.033050621584871,0.0137422505602767
29,42,0,-0.078951839537282,0.0647580179820938
29,43,0,-0.0419837669974205,-0.216056539030303
29,44,0,-0.00334345484653313,-0.118121780633258
29,45,0,0.00385288006160214,0.0825572679426764
29,46,0,-0.0163166967804738,0.0575007101802049
29,47,0,0.0237639362918846,0.017982859804869
29,48,0,0.0221753099674994,-0.117118398464898
29,49,0,0.0178758304145204,0.319722631468308
29,50,0,-0.0264205348214273,-0.0825280318281213
29,51,0,0.0220430020192713,0.0360639975261629
29,52,0,0.0211528729813659,-0.146575234139998
29,53,0,0.0347736028608174,-0.0225811207800186
29,54,0,-0.0572092434567102,-0.187207661958248
29,55,0,0.0193637556220914,0.0145659098677822
29,56,0,0.0622293822222055,-0.118699989520098
29,57,0,0.0612676104417807,0.114727157658997
29,58,0,0.0479679169947584,0.0462615854018137
29,59,0,0.0590571903231374,0.311313724157129
29,60,0,-0.0429455827472395,-0.0914340428440399
29,61,0,0.016084839519642,-0.0826007122081585
29,62,0,0.0243586330693307,-0.139127124258567
29,63,0,0.0110187027190081,0.131783783748049
29,64,0,-0.023839094510263,-0.0182613860940049
29,65,0,-0.0629402416931716,-0.0353812548088054
29,66,0,0.0213319579767682,-0.184956331734253
29,67,0,-0.0170710366321141,0.0297631333023333
29,68,0,0.0354874118397178,-0.0713171185963444
29,69,0,-0.0855905418343472,-0.0679664679632395
29,70,0,0.0128831585646062,-0.0447180353080335
29,71,0,-0.118370394286812,-0.00513129645271626
29,72,0,0.0277538181866642,-0.0925662668356308
29,73,0,0.0857288255453717,0.092652277248747
29,74,0,-0.0554053050930078,0.0520651547451656
29,75,0,0.0262136871672,0.00642533650134521
29,76,0,0.0791894646898079,0.0624527532099142
29,77,0,0.0917571732587023,0.0258991240562387
29,78,0.123733365073892,0.070845051810186,0.18407675159772
29,79,0,0.0295915987178248,0.318636160980693
29,80,0,-0.0261629483924291,-0.245333421754449
29,81,0,0.0374701542919986,0.10467837272132
29,82,0,0.0185705430027976,0.0898232625668113
29,83,0,-0.12385130269551,0.0260892668905362
29,84,0,-0.0134362051310154,-0.212328706881743
29,85,0,-0.000620449780289346,-0.0457746845711638
29,86,0,0.00602177795088782,0.102412934478944
29,87,0,0.0430994888630055,0.123426524868589
29,88,0.122726145909977,-0.122750851686551,-0.111987416711661
29,89,0,0.00529874778269305,-0.0185884892787145
29,90,0,-0.0743105916094505,-0.0321664169590763
29,91,0,-0.102929076094711,-0.040463877100032
29,92,0,0.0539445168652319,0.137562635832085
29,93,0,-0.0144606377506055,0.0890876808705283
29,94,0,0.0152220270451677,-0.0244192805724645
29,95,0,0.0143446845652374,-0.12323439181469
29,96,0,0.0482835501154242,0.0133451780279173
29,97,0,0.0587825760682299,-0.0606609045490705
29,98,0,-0.0236739173483245,-0.036209210334694
29,99,0,0.0617774430170478,0.153377854124109
29,100,0,0.0188066820956374,0.0224370231940584
30,1,0,-0.0430768748393314,-0.0405749188678817
30,2,0,0.0179248476985523,-0.00747140038862713
30,3,0,-0.00287434399333858,-0.060311122461702
30,4,0,0.0299467212662888,0.153315257863659
30,5,0,0.055681743867412,0.0239788514961972
30,6,0,-0.136163837504607,-0.0983855507806494
30,7,0,0.0118538226135826,0.0496638640231084
30,8,0,0.00810484193004791,-0.122026159651585
30,9,0,-0.0224141412672662,-0.0339810731745377
30,10,0,0.0399201015383062,-0.0764826104849396
30,11,0,-0.0441547313866289,0.180271579436875
30,12,0,-0.00759283441883456,0.00782820633399268
30,13,0,-0.0215079383625808,-0.168137803266625
30,14,0,0.0564836673550788,0.108381460147336
30,15,0,0.0217785577137185,-0.110067807219503
30,16,0,0.037899101048867,-0.0772495414214949
30,17,0,-0.0319495897986454,0.129955513645324
30,18,0,0.00877009396455392,0.0515010613220671
30,19,0,-0.0225264702725457,-0.104652450935651
30,20,0,-0.043075091772579,0.0199212587601341
30,21,0,-0.0216570188660571,-0.0143230738285531
30,22,0,0.0423567528779117,-0.143460470251198
30,23,0,-0.0157671106703207,0.104566178358047
30,24,0,-0.00867149750385396,-0.065528671876373
30,25,0,0.0214852591751753,0.0068920268852255
30,26,0,0.0499401158476197,0.141706078649348
30,27,0,0.0518967580738374,0.102481014264759
30,28,0,0.00693695731876637,-0.0232976294481356
30,29,0,-0.00982704025305651,-0.120038327143784
30,30,-0.284462300827727,1,1
30,31,0,-0.00441211796485742,-0.044740599915808
30,32,0,-0.0985878296747695,0.00473616446871207
30,33,0,0.0531485885158194,-0.00619396363127132
30,34,0,0.020455668396302,0.0281483109114409
30,35,0,0.0204308735010464,0.141102679500104
30,36,0,0.0355308149215973,-0.123922707020672
30,37,0,-0.150783993927482,-0.006025893708686
30,38,0,0.00803095353233879,0.116944784010944
30,39,0,0.00338630743821351,-0.260183074061428
30,40,0,0.0067791743949751,-0.0462705972318587
30,41,0,-0.00882705053286513,0.133713475858489
30,42,0,-0.024698195374379,0.0979357935174813
30,43,0,0.0618678041913181,-0.0196991474914824
30,44,0,-0.0102452879652271,0.0850538983349791
30,45,0,-0.0211653415234774,0.0390365360271662
30,46,0,-0.0166658609502336,0.0319676534584744
30,47,0,-0.0210847271793669,0.126168605212128
30,48,0,-0.0369576860519824,0.0254407210136611
30,49,0,-0.0220034965502918,0.190266359570484
30,50,0,0.0271549985025905,-0.129485104853182
30,51,0,-0.0408107226503821,-0.130002474791054
30,52,0,-0.0585107345733489,-0.051543728908484
30,53,0,4.32319859302999e-05,-0.109283974847378
30,54,0,0.00722637471835942,-0.101303932971248
30,55,0,0.0209892005374938,-0.010234089477794
30,56,0,-0.0128716092639299,-0.122120186264606
30,57,0,0.0576439678984151,0.011330400223421
30,58,0,0.0118308540891671,-0.0969809841590055
30,59,0,-0.0308238197593177,0.0382978168162878
30,60,0,0.0299132122262678,0.036096334958704
30,61,0,0.0147189886598216,0.0135429792503649
30,62,0,-0.0349605545092768,-0.120052007032471
30,63,-0.1253196887517,0.0320768460364496,0.169617115889414
30,64,0,0.0158053991601539,-0.0627661220884082
30,65,-0.122888096625777,0.0196363916905562,-0.0568741939096038
30,66,0,-0.0426367233407967,0.0736976319157011
30,67,0,0.00687937434745362,0.0768086799287849
30,68,0,-0.00919978574513032,0.191583920289344
30,69,0,0.0542076581110332,0.166102776437717
30,70,0,0.0154524509591504,0.192889597210933
30,71,0,0.031429476841514,-0.0886173071299948
30,72,0,-0.00722603612302867,0.115889024751558
30,73,0,0.0322867584814799,-0.0864316772677309
30,74,0,0.0312480466781122,0.0971714933164319
30,75,0,0.0454068275897547,0.0284220944285093
30,76,0,0.0221929339535987,-0.0646615589599697
30,77,0,-0.0217263833268302,-0.2149355326127
30,78,0,0.0351682349554237,-0.0921063458842728
30,79,0,0.0252238241810237,-0.0769370945623114
30,80,0,-0.0311913667266909,-0.134370356326327
30,81,0,0.0855948624218101,0.00235584159527634
30,82,0,0.0530911474766655,-0.0742939300325056
30,83,0,0.0573533353133356,0.102818058440702
30,84,0,0.00141712349942591,-0.175340885916406
30,85,0,-0.0389724078693077,0.0591700677562454
30,86,-0.113257419321082,-0.0474914192469291,0.0578899339324562
30,87,0,0.035654971756942,0.0444503571481642
30,88,0.120266944245005,0.0616405747342127,0.289021481341109
30,89,0,0.0212536315848477,0.139627218351736
30,90,0,-0.0113729957587991,0.0913505829799709
30,91,0,0.00338098920301167,0.150347531279047
30,92,0,-0.000216736673086649,-0.0316387542488099
30,93,0,0.00369323347830106,-0.158223199066745
30,94,0,0.0189491655596418,0.248549749474808
30,95,0,-0.0071780014175762,-0.165012895926548
30,96,0,0.0280661000642224,0.131548535612189
30,97,0,0.0554214981544455,-0.078133244252222
30,98,0,0.00522131280737768,-0.175074642613253
30,99,0,-0.000672772691025635,-0.229331159550634
30,100,0,0.0310229525271836,0.0205398131201092
31,1,0.126394696806397,-0.0609606107715769,0.116819440831529
31,2,0,0.0597000651553495,0.0363420408143516
31,3,0,-0.0721953909355425,0.0990402638305946
31,4,0.137764792208781,-0.0237831421838184,-0.0529652605586473
31,5,0,0.0206523281226974,-0.0609486684359524
31,6,0,-0.0918241256316544,-0.0783713395344933
31,7,0.129963623273955,-0.0122733053370037,0.0694025218107623
31,8,0,0.0233098753146768,-0.0930041976204167
31,9,0,0.0893403616180775,-0.127142079945069
31,10,0,-0.0241091841879898,-0.0764566864378158
31,11,0,0.152954844444429,0.0510673475097203
31,12,0,0.00151617232730674,-0.102215477901722
31,13,0.133139244760635,-0.0468697429571574,-0.0709678950268284
31,14,0,0.0230069437741621,-0.0384118963114975
31,15,0,-0.0762339707315127,-0.141654654249088
31,16,0,-0.0908919875739232,0.079169991925741
31,17,0,0.106431730126379,0.106371307782158
31,18,0,0.0437185738284571,0.0391486002273629
31,19,0,-0.0826595673754044,-0.0983521481631428
31,20,0,-0.063194473617535,-0.132797343761827
31,21,0,-0.175541013997218,-0.182762476260633
31,22,0,0.0664600469832676,-0.231087679719896
31,23,0,-0.0924817105021055,0.0495745997851667
31,24,0,0.0529090942833361,0.233733544937942
31,25,0,-0.0444896374187411,-0.108142882589266
31,26,0,0.0605013192537622,0.061376845362158
31,27,0,0.073216752468843,0.0588653788600644
31,28,0.132087666467661,-0.218349372014982,-0.028295916947835
31,29,0,0.084933043119858,-0.0337984875523579
31,30,0,-0.00441211796485739,-0.0398376716265335
31,31,0,1,1
31,32,0,0.140101916320385,-0.0441716149446404
31,33,0,0.0745094387924811,0.0568255641510696
31,34,0,0.122681260288979,-4.8040462682805e-05
31,35,0,0.050251698734596,-0.0262048036719396
31,36,0.126516635939395,0.033569940351973,0.0345552526823855
31,37,0,-0.0502470500267077,-0.107618113441892
31,38,0,-0.179849098853038,-0.0932093079747121
31,39,0,0.100031199151522,-0.0650626171327789
31,40,0,0.013286265348375,0.00645949881113614
31,41,0,-0.0547894515450553,0.0241269326803735
31,42,-0.127210625398594,-0.0312930147464616,-0.155433755111077
31,43,0.129007550569362,-0.0485957638158104,-0.128502697123937
31,44,-0.125593260452106,-0.0275884151946433,-0.0908246754219793
31,45,0,-0.220983006352892,-0.150045769194185
31,46,0,-0.109631505779147,0.0845447349851573
31,47,0,0.108254403846541,0.0314859751106326
31,48,0,-0.0299331254477447,0.0956632581513947
31,49,0,-0.0746534745730897,0.00212957693354562
31,50,0,0.00945209174222305,0.0428779903043578
31,51,0,-0.104400500678672,-0.172268743986735
31,52,0,0.0528923552839694,0.12908230946352
31,53,0,-0.21173867376564,0.0806405815439058
31,54,0,-0.0175235374339265,-0.0497799566447739
31,55,0,0.0514186033175247,0.0692567643160539
31,56,0.126983724701693,-0.0511188095869519,-0.191526855480269
31,57,0,0.0815885469085318,0.236562180334463
31,58,0,0.101818151612663,-0.0108656322707241
31,59,0,-0.0389813093396278,0.0138845342812155
31,60,0,0.00263644160775042,-0.080492288398471
31,61,0.126597523728927,0.0744095615527097,-0.124860863690769
31,62,0,0.0143663577349958,0.141764307041767
31,63,0,0.0597347085219819,0.010296005558458
31,64,0,-0.0272468824918548,-0.257176017718003
31,65,0,-0.0186916064367762,-0.0403311003915196
31,66,0,-0.122754228515612,-0.0392237371974784
31,67,0,-0.0569251536607792,0.0777899473397653
31,68,0.129811526635571,-0.0307071487255186,0.0967134407012583
31,69,0,0.0389297897700938,-0.0252111980948207
31,70,0,0.0152825265985595,-0.0774013151936929
31,71,0,0.109939917739685,0.0807072118837373
31,72,0.130120875409915,-0.0103108468268105,0.0123231002999373
31,73,0,0.175323155217026,0.0508737191092776
31,74,0,-0.141918043650015,0.0243354580441028
31,75,0,0.101884065869725,-0.061447819881179
31,76,0,0.143244504683904,-0.0070448797833975
31,77,0,0.109450761297127,0.260908076082147
31,78,0.126141564573969,0.00827129331534435,-0.063112135034737
31,79,0,0.0133446404997276,-0.0353828827303025
31,80,0,-0.0428656830194982,-0.0260508804897584
31,81,0,-0.0502564744443432,-0.0665772976193824
31,82,0,0.0427333876120422,0.186889112597386
31,83,0,0.0232142050590866,-0.0254883698757151
31,84,0,0.0802019829733805,-0.119123619189202
31,85,0,-0.0799653986889975,0.122520428225107
31,86,0,0.0102103217952039,0.100169692290893
31,87,0.121104786622662,0.0347827482467955,0.0627822669685203
31,88,0,0.0547506041208128,-0.00586041969542752
31,89,0,0.0236908766104056,0.0434070685869115
31,90,0,-0.18949339827557,-0.011572618381448
31,91,0,-0.0887328061886178,-0.246329194975869
31,92,0,0.0262355834164099,-0.0597961897933284
31,93,0,0.0514167260984256,-0.00846730415565132
31,94,0,0.056967728929218,0.0129403091664753
31,95,0,0.133874606997562,0.122397629839568
31,96,0,0.027107293158895,-0.0671489010529245
31,97,0,0.144029372184901,0.285300024774892
31,98,0.12986506229779,-0.112056554744004,-0.0639059775379185
31,99,0,0.0812820942221581,0.113364301716863
31,100,0,0.0287227862265374,-0.0112551293709226
32,1,0,-0.114509471253636,-0.0934061274971257
32,2,0,-0.057183052672649,0.0673616419173788
32,3,0,-0.0301557024777785,0.00867509188976361
32,4,0,-0.0673561793519699,-0.018126460772219
32,5,0,0.0141061425749642,0.249161276095388
32,6,0,-0.098734938208918,-0.243203669071644
32,7,0,-0.166233401145493,-0.0734608586669675
32,8,0,-0.00170008311758087,-0.0860872821029188
32,9,0,0.0298420919332465,0.0953007512246548
32,10,-0.151868385513811,0.0032212255437051,0.173688171793806
32,11,0,0.0837592540606685,0.236590157923389
32,12,0,0.00860868853324991,-0.147267035484005
32,13,0,0.00604870813148302,0.0284990007736862
32,14,0,0.0231210328324001,-0.115270738149547
32,15,0,-0.0926463822142448,-0.178769418766858
32,16,0,-0.0133730894082243,-0.23774108412777
32,17,0,0.0900157136405725,-0.242732429513657
32,18,-0.139995242653319,0.092713745490058,-0.115593022586287
32,19,0,-0.0123081057209784,0.0384277204683576
32,20,0,-0.0281131673374268,0.0105096596418642
32,21,0,-0.0129102163493886,0.023328505030608
32,22,0,0.103711780771977,0.0819986566474673
32,23,0,-0.0173208893457061,-0.0709920038359612
32,24,0,0.00311635027829373,-0.137100439759847
32,25,0,0.0383699372362468,0.226333610070866
32,26,0,0.0332931684785367,-0.087423247705358
32,27,0,0.0874788267871949,0.0448758338844568
32,28,0,-0.027238547982865,-0.0778540729755576
32,29,0.141548693153252,0.0211554769617302,0.0564540614236078
32,30,0,-0.0985878296747696,0.00631654178064088
32,31,0,0.140101916320385,-0.0661612544533591
32,32,0.879851660924032,1,1
32,33,0,0.0136950242124985,-0.141081342282091
32,34,0,0.0433044607438172,-0.179906397144198
32,35,0,0.0213124968711706,-0.187491170808734
32,36,0,0.104108921222616,-0.0370728452367415
32,37,-0.12379625227892,-0.0472461709392703,0.0912249799984003
32,38,0,-0.0898560479352222,0.0770891514365945
32,39,0,0.0284287808732415,-0.268347066021871
32,40,0.120081089136128,0.00394132285904719,0.20269383836631
32,41,0,-0.0035177710221205,0.368858085944615
32,42,0,0.0228744791201324,-0.132810432727622
32,43,0,-0.0090630190148371,0.177456187910058
32,44,0,-0.162535027320215,0.02608738149482
32,45,0,-0.063478046225725,0.216506372654885
32,46,0,-0.159581072423679,-0.22865760346226
32,47,0,0.0362549916506278,0.404480476568943
32,48,0,0.0436554830828366,0.0965331990381029
32,49,0.119123249626129,-0.0379059747871073,-0.159965316812201
32,50,0,-0.0365205985489728,-0.0559377196627338
32,51,-0.119703966212779,-0.0520459752290974,0.125483471864422
32,52,0,0.0433149514133026,0.0691434821290337
32,53,0,-0.0284985746575658,0.0183645339021829
32,54,0,0.00944454708114161,-0.0105155019162003
32,55,0,0.0708555735221294,-0.0515767755965239
32,56,0,-0.0255391332922723,-0.030987982871414
32,57,0,-0.0989240229270998,-0.329034559823102
32,58,0,-0.0390347985620101,0.0263490428403726
32,59,0,-0.0128567865860318,0.332886046635044
32,60,0,0.0205866984879554,0.208179967471481
32,61,0,-0.020695436091576,0.113958890867793
32,62,0,0.00492583390441702,-0.204951679123873
32,63,0,0.0980926386950887,0.236081475510734
32,64,0,0.0393577925150643,-0.0190477774041989
32,65,0,-0.00595198890232374,0.0613642896776017
32,66,0,-0.0584032238129058,0.00741561019354823
32,67,0,-0.0272641122542548,-0.136942779876195
32,68,0,-0.0787841627235182,0.168381194152104
32,69,0,0.0137572272333093,-0.00591219533933015
32,70,0,0.0117673360489063,-0.259451436895634
32,71,0,0.0454388393642045,0.165820814941682
32,72,0.123240470114362,0.0143461103155597,-0.026114839391119
32,73,0,0.0844416027939427,-0.1194295429603
32,74,0,-0.0352141700567047,0.0249989992196966
32,75,0,0.00567232237832343,0.0447727073893446
32,76,0,0.0495076939715885,-0.0795947742988777
32,77,0,0.0437040515227478,0.0313665096111336
32,78,0,0.0176183779983835,0.130012936817828
32,79,0,-0.0662507681510557,0.178101487737152
32,80,0,-0.00943246044059934,0.0193559758742876
32,81,0,-0.00246774072978207,0.20457484656071
32,82,0,-0.00660072267133088,-0.0301914285422287
32,83,0,0.0281348701262854,-0.00102668952634506
32,84,-0.114575843916542,0.0179175049647199,0.0139899269689021
32,85,0,-0.0567839351786571,0.0522208362499638
32,86,0,0.00903716646122319,-0.0145855447708744
32,87,0,0.0106036985036097,-0.0743375925387901
32,88,-0.118499046251448,0.0544300550723414,-0.0377197759699597
32,89,0,0.0749426050988974,-0.0280135614754033
32,90,0,-0.029688833845801,-0.0396118032571855
32,91,0,-0.0785429396782431,-0.152498177792906
32,92,0.119184429609262,-0.0344697757899394,-0.00331498234846074
32,93,0.123901469699322,-0.108604395502832,-0.230173427752054
32,94,0,0.0321429581362272,-0.00214334170754164
32,95,0.11473110500988,-0.00495070347072601,-0.00117224053913538
32,96,0,-0.0193512809349275,0.131436564000589
32,97,0,0.0437651213493474,-0.18063524700318
32,98,0,-0.159468843350851,-0.0965742798622225
32,99,0,0.0271800340226684,-0.101888273221418
32,100,0,0.146301690871494,0.0333293736561212
33,1,0,-0.0382848440661014,-0.0940680612237056
33,2,0,-0.000110064848519747,-0.150687329842863
33,3,0,-0.0518291161071285,-0.0221990348658258
33,4,0,0.00212045301606017,-0.102773657996093
33,5,0,0.0386165036882109,-0.0933346441742841
33,6,0,0.0108614600519232,0.105339694636666
33,7,-0.126168765768308,-0.000558935194291725,0.0746596228922524
33,8,0,0.0673980169941531,0.0501762410549592
33,9,0,0.0789232899503847,0.0380762628354696
33,10,-0.141180262068866,-0.0956836291529225,0.0926384831824791
33,11,0,0.0646110659809846,0.0479463144713829
33,12,0,0.018994759657604,0.139413171396753
33,13,0,-0.0287137863023287,-0.0352848161363505
33,14,0,0.0423457771144914,0.23749125391563
33,15,-0.125671952962373,-0.0264986490223939,-0.17142356306631
33,16,0,-0.0965660089733086,0.0794038167309025
33,17,0,-0.0025405973053234,0.0244817390046659
33,18,0,0.0154371944999731,0.114627617313817
33,19,0,-0.0143139640144494,0.100501030713452
33,20,0,-0.0824869192474986,-0.0382996214844596
33,21,0,-0.031596146815675,0.0862105616627435
33,22,0,0.045356252063426,0.0194011037064896
33,23,0,-0.0538852261460652,0.132544363592126
33,24,0,0.0266866954483665,0.144852323572268
33,25,0,-0.121487881425185,0.0583899008892204
33,26,0,-0.0174022561342563,-0.156380098937747
33,27,0,0.0559179305817916,0.0250599581299214
33,28,0,0.00086918174695178,0.00939870640855023
33,29,0,-0.0170323316254597,-0.257202989644791
33,30,0,0.0531485885158194,-0.00445282018169336
33,31,0.128014383662908,0.074509438792481,0.0458794410251739
33,32,0,0.0136950242124985,-0.0760472461042163
33,33,0,1,1
33,34,0,0.0893052146953338,0.151461039565702
33,35,0,-0.10641913429343,-0.159310868486735
33,36,0,0.0954353901811646,-0.0390714446858537
33,37,0,-0.0898395344833187,-0.0896046841188825
33,38,0,-0.0297048774053687,-0.10272513676589
33,39,0,0.0574235815177932,0.0289289150926883
33,40,0,-0.00249338960075638,-0.0829477586227939
33,41,0,-0.0163515208887861,-0.224334275164325
33,42,0,-0.0199724244195411,0.107972318730935
33,43,0,-0.0378597602118706,0.096735237001794
33,44,0,-0.0149486797563341,-0.0847066246563744
33,45,0,-0.0698418263265338,0.0391961485750968
33,46,0,0.0211378863864217,-0.0545231934418852
33,47,0,-0.0137628513704462,0.01018778792084
33,48,0,0.0171847930900409,0.0820647009035274
33,49,0,-0.0737710423655884,-0.377487487992909
33,50,0,-0.0193603536222,0.170640088907512
33,51,0,-0.00055989502153736,-0.0556813676290575
33,52,0,-0.110607918249763,-0.0854820993140002
33,53,0,-0.111573300107892,-0.104254990955356
33,54,0,0.0227588191802849,-0.14331208737913
33,55,0,0.033274230492129,0.0481165498629793
33,56,0,-0.0415889706628777,0.117474283269671
33,57,0,0.071281879743478,0.135580959691925
33,58,0,0.029438892478226,-0.0337778068213104
33,59,0,0.0151959307822894,-0.309656785131015
33,60,0,-0.00874554490157311,0.0110971108144046
33,61,0,0.0690249616293001,-0.0102642711904499
33,62,0,0.0026028520091142,0.0100441679606928
33,63,0,0.0493128807589837,0.104409634099633
33,64,0,-0.00902091397897649,-0.0750429580044067
33,65,0,0.0486017262630825,-0.078491692174614
33,66,0,-0.146942061066117,0.0739916562751032
33,67,0.109258746011478,-0.0284945005193772,-0.0461546617075851
33,68,0,-0.0236281635523118,0.142611448434467
33,69,0,-0.0123287990861655,-0.0130758761879582
33,70,0,0.0345420051990359,-0.00534614359283201
33,71,0,-0.0242674553409795,0.0592643865640538
33,72,0,-0.0103022009685443,0.0531449045939285
33,73,0,-0.062880702601334,-0.142520694862296
33,74,0,0.00487904774870934,-0.0471052800633197
33,75,0,0.0495957230751088,-0.0512940808847154
33,76,0,0.0731307093597487,-0.0489674472132901
33,77,0,-0.0304130278221138,-0.0896124712976881
33,78,0,0.0450029275700763,-0.00692899758380119
33,79,0,-0.0171057384251419,-0.133739988970908
33,80,0,-0.00846033695050646,0.0855233386413726
33,81,0,-0.0612371840574239,0.020696842852275
33,82,0,0.0221916123291475,0.1039940118882
33,83,0,0.0295021469307473,0.0930488804666522
33,84,0,0.0536523285520294,0.126666535789983
33,85,0,0.0117745646369496,0.0165373330138633
33,86,0,0.0287734310432023,-0.0293923664886897
33,87,0,-0.0392080254359438,-0.168045728369508
33,88,0,0.062122426413109,0.106802027146207
33,89,0,0.0170129085316285,0.0502917137249511
33,90,0,-0.0299414545308955,0.0373600865155963
33,91,0,-0.0418274542560501,-0.0211068190265673
33,92,0,-0.0137187567060029,-0.0410904210317039
33,93,0,0.0264273213349328,-0.136516164113236
33,94,0,0.00955973807294843,0.0229887183829263
33,95,0,0.00251501084238459,0.125472376307288
33,96,0,0.00171704061070545,-0.0202317429269305
33,97,0,0.0236402198055111,0.179876877517768
33,98,0,-0.0345160888345609,-0.0144700807878981
33,99,0,0.0608264020011771,-0.0752602753432626
33,100,0,0.00128093215583705,0.130026016959487
34,1,0,-0.030979298422752,0.0311485022511441
34,2,0,0.0993219410305996,-0.0265431183738254
34,3,0,-0.00930535726971656,-0.0140064736987478
34,4,0,-0.0530622091502071,0.0737780034036691
34,5,0,0.0232207358603106,0.0222363859022311
34,6,0,0.0561292367231302,0.0565224512098724
34,7,0,0.0870433595625044,0.0494552892555873
34,8,0,0.122381656220854,0.0740417187842876
34,9,0,0.146657745265519,-0.0135762319683068
34,10,0,-0.0449037839276995,0.154290938865868
34,11,0,0.0617438005657271,0.0795256395585243
34,12,0,0.0255633872675346,0.112405700860208
34,13,-0.125715257558478,-0.189656533114991,-0.196300015894012
34,14,0,0.00417444776520437,0.125467628098495
34,15,-0.122233492427167,-0.196253332417745,-0.180346678250893
34,16,0,-0.0714349166451115,-0.101776853933943
34,17,0,0.0367073519925543,-0.0299158549524428
34,18,0.12658193832951,-0.1451601096929,-0.0835999475423081
34,19,0,-0.0775277452020576,-0.0130549065315709
34,20,0,-0.0256786934001857,-0.18566958647033
34,21,0,0.00518967001002512,-0.124648673346669
34,22,0,0.0106041584873581,-0.0170150264139035
34,23,0,-0.0729310746329852,0.160053026585273
34,24,0,0.00936127157532672,0.0746324200571742
34,25,0,-0.114165943768392,0.0802523948294867
34,26,0,-0.0102291558709689,-0.0543420892107597
34,27,0,0.00432652381762014,0.193472177074571
34,28,0,-0.112936021764564,0.0953253549815236
34,29,0,0.0178710268157966,-0.0120751887181851
34,30,0,0.020455668396302,0.0217866879621405
34,31,-0.124511832808976,0.122681260288979,-4.17593674033464e-05
34,32,0,0.0433044607438172,-0.104407785038489
34,33,0.120876164216688,0.0893052146953337,0.163069710764183
34,34,0.49237335450016,1,1
34,35,0,0.0496162019256719,0.146154960487367
34,36,0,8.13422984740683e-05,-0.242125990330913
34,37,0,-0.0329539087611063,-0.140019994637924
34,38,0,-0.0556680695113012,-0.0111702973182411
34,39,0,0.11711633693721,-0.0103387468938136
34,40,0,-0.00297358277444603,-0.157633579881386
34,41,0,-0.072481571727521,-0.0673185817053913
34,42,0,-0.0627877382240969,0.116969428068291
34,43,0,-0.0105777630270574,0.0975736862818522
34,44,0,0.0158424209076212,-0.0175544271889564
34,45,0,-0.252699441122715,-0.248384485477877
34,46,0,0.0596592702142327,-0.100642123479495
34,47,0,-0.0356235392598396,-0.230189938424406
34,48,0,-0.0786842540553073,-0.139325244282549
34,49,0,-0.0613965357928598,-0.21916687788446
34,50,0,0.0774074004429275,0.252450000882297
34,51,0,-0.12880879298272,-0.288112154598302
34,52,0,0.00454657461256085,-0.0486669456968378
34,53,0,-0.0980589477386679,-0.0162941932534067
34,54,0,-0.154083675712043,-0.201234139451008
34,55,0,-0.0179713308178801,0.150724715811253
34,56,0,-0.0314095898209002,-0.259408276168807
34,57,0,0.0613660886132041,-0.00220861191179709
34,58,-0.116773182228603,-0.0121589360893194,0.00744578255937291
34,59,0,-0.0288078750743827,-0.0314572386708193
34,60,0,-0.0521263692111229,0.0594478655531907
34,61,-0.115078812349255,0.112488765064202,-0.0559350844259341
34,62,0,0.00616607920863527,-0.00491671354121389
34,63,-0.118509093566355,-0.0238463460908227,-0.0151471106060906
34,64,0,-0.0766759473355218,-0.0298470733414138
34,65,0,-0.0598822391534512,0.0811656229283139
34,66,0,-0.0996703462470489,-0.126207476805122
34,67,0,-0.0597192351669777,0.150197547262952
34,68,0,-0.0253667269035461,-0.0298153539162561
34,69,0,0.0573275568541772,0.10191937773565
34,70,0,0.0175247984771482,0.147911892651381
34,71,0,0.0910254737067982,0.110750936501884
34,72,0,0.0162514478040147,0.0926396686076142
34,73,0,0.0262531748967503,-0.0304405205491793
34,74,0,-0.116873952245128,-0.00393803434022419
34,75,0,0.0763437774494952,0.0782823870543391
34,76,-0.113272123953719,0.0323817923253811,0.0556076005701748
34,77,0,-0.0800817189745917,-0.15498180477285
34,78,0,-0.0341700651152327,-0.0702805572634736
34,79,0,0.0656535117863567,-0.029518645307209
34,80,0,0.0591774649620421,0.0648218947808077
34,81,0,-0.111705798477843,0.000387767328165229
34,82,0,0.012975870145605,-0.0578324752587683
34,83,0,0.00980566541020637,0.0539341576566136
34,84,0,0.0814715640397564,0.0935811917461411
34,85,0,-0.18822552006759,-0.234581624744773
34,86,0,0.0607471817156403,-0.0765052710335439
34,87,0.110085842154284,0.00907498009840231,-0.0344819402403402
34,88,0,0.0634359804433211,0.0987527697667249
34,89,0,0.0694165623307055,-0.0472890712198124
34,90,0,-0.0910099580145159,0.0601395481291311
34,91,0,0.0269367679918907,-0.0742202200333187
34,92,0,0.129037533133286,-0.0243280739888232
34,93,0,0.0112079035376011,0.0327887549749822
34,94,0,-0.00186385336125067,0.0820677002028871
34,95,0,0.120872122054075,0.0266470948683516
34,96,0,0.0839296957131495,0.0917011219544066
34,97,0,0.0401977418634766,0.141087771603887
34,98,0.118049047838341,-0.067044627719017,0.0793564772394321
34,99,0,0.0546074850682533,0.00649570978346064
34,100,0,-0.0668974544257678,0.039662036889616
35,1,0,-0.15644332268044,-0.189932500185638
35,2,0,0.0585853802226869,-0.0023055464196396
35,3,0.114334629303533,0.133225413798289,0.247011094781599
35,4,0,0.0471000361302216,0.132502422259363
35,5,0,-0.00217351725403294,0.0411795736396911
35,6,0,0.100675240663072,0.00977940578754375
35,7,0,0.0425334216063005,-0.0604356186702544
35,8,0,0.0591746245879665,-0.0238144989917689
35,9,0.124363893750395,0.0493015629683753,0.063233695464455
35,10,0.137918965991089,0.10834680994794,-0.0452070705846883
35,11,0,-0.0640105144755956,-0.0505529075374441
35,12,0,-0.0228643367419988,0.0306197319258299
35,13,0,-0.0586507089723203,-0.166405122240483
35,14,0,0.0208436966245017,0.103541143625288
35,15,0,-0.0512113740075522,0.0326877329536884
35,16,0,0.0530000889253396,0.0893838368902145
35,17,0,-0.0424951883184642,-0.0109236740806582
35,18,-0.127136395406412,-0.0810633197498507,-0.156986688084581
35,19,0,-0.126776469835111,0.0392946382326271
35,20,0,0.0918324247127182,0.0983529249801016
35,21,0,0.0487250337756462,0.080927177115023
35,22,0,-0.0270320280784142,-0.0064551150239488
35,23,0,0.0589622955939114,-0.0918285207217304
35,24,0,-0.041102398376252,-0.0484107297045317
35,25,0,0.0463625153603527,0.0134759288642664
35,26,0,-0.0429930374626096,0.101352727866087
35,27,0,0.0272951243034794,-0.0602290202522024
35,28,0,-0.0625537235828547,-0.0912595475982804
35,29,0,0.000102444755880947,-0.00839422375853122
35,30,0,0.0204308735010464,0.102829999461745
35,31,0,0.0502516987345961,-0.021447335155403
35,32,0,0.0213124968711706,-0.102450196538345
35,33,0,-0.10641913429343,-0.161496632678854
35,34,0,0.0496162019256719,0.137612935297384
35,35,0,1,1
35,36,0,-0.171803722082443,0.00258066441127179
35,37,0,0.0396333574779453,0.0327331749407196
35,38,0,0.0107693408453977,0.0408149047028921
35,39,0,0.0595806334213872,0.018479385977633
35,40,0,-0.122041850798764,-0.0578397920680243
35,41,0.118412179324417,-0.00272808257607783,-0.14673722200609
35,42,0,-0.0602685233599606,-0.0104517136542171
35,43,0,0.0801453705355737,0.0446478935115921
35,44,0,0.037181702205732,0.0595207046895929
35,45,0,-0.164045021823144,-0.273021083585069
35,46,0,0.0501009506981737,-0.0547299608313065
35,47,0,-0.00582367269218826,0.00484901369470251
35,48,0,0.0079106781235248,-0.099099257421305
35,49,0,0.0452375940468772,0.013692040221218
35,50,0,0.0712997743555458,0.086364072331672
35,51,0,-0.209514951760822,-0.184747080316554
35,52,0,0.0511015479927795,-0.0184397579557664
35,53,0,-0.105519977728886,-0.192000956729243
35,54,0,0.0185977137172212,-0.0659473266452701
35,55,0,-0.00907000608586191,-0.0203716514453519
35,56,0,-0.0438231842450082,-0.148821488538598
35,57,0,-0.164857314020043,-0.112441497898523
35,58,0,-0.0703985201628643,-0.10115643694195
35,59,0,0.0282687930916822,-0.05918632205254
35,60,0,-0.0346869585041456,0.0126599359381462
35,61,0,-0.0144800211415739,-0.0975167496317626
35,62,0,-0.00592357672415682,-0.0139760234684233
35,63,0,0.0497627692742414,-0.0213974084729223
35,64,0,-0.0503869588139613,0.049924563817459
35,65,0.12227003676091,0.00167038097070132,0.117254026808851
35,66,0,-0.061256420250971,-0.0326959885004379
35,67,0,0.00635222748685391,-0.0212572984652477
35,68,0.124154159473745,0.0153484491947033,0.123203846073769
35,69,0.117721057038357,-0.0779402242279367,0.122334434301859
35,70,0,0.0255496238240615,0.00178707213423111
35,71,0,0.0502357397625907,-0.0592272060586007
35,72,0,0.0522196839353171,-0.0231120396281677
35,73,0,-0.040303757316701,0.172178746745656
35,74,0,0.035969337738926,0.067877879886589
35,75,0,0.00539289295292954,0.164191771999064
35,76,-0.119179319234048,-0.164119402765585,-0.000394272972502069
35,77,0,-0.0107776882368899,0.025971218703827
35,78,0,-0.136890917423157,-0.0841265617482939
35,79,0,0.0807229795433883,-0.0122021053033452
35,80,0,0.146171331085215,0.0211376413695425
35,81,0,-0.00472300928369235,-0.0519838943571109
35,82,0,-0.150123843526726,-0.211901539660695
35,83,0,0.0329508187363854,-0.033988339057279
35,84,0,-0.0353008940871466,0.000634529216822186
35,85,0,-0.0599453153261976,-0.107751478516351
35,86,0,0.036678791322699,0.026348311527205
35,87,0,0.0615025959516466,0.056423190808976
35,88,0,-0.0397338416482627,0.146023574046492
35,89,0,0.0935024152013576,-0.0501482407423711
35,90,0,0.0281971068148246,0.0202697907881383
35,91,-0.124739294569408,0.0773254938471678,0.0516383555313044
35,92,0.12035417746531,0.0148372277595981,-0.107801005665156
35,93,0,-0.0975256223192889,0.0779307643281191
35,94,0,0.00938153541291308,0.179329568470596
35,95,0,0.059034372574259,0.00293286809489285
35,96,0,0.0523772145288885,0.0437327917934437
35,97,0,0.03248108303619,0.0973991768510916
35,98,0,0.0248879928685876,0.0801820904025787
35,99,0,0.021919597917429,0.0989978462034737
35,100,0,0.0603182324956954,0.0356032070460656
36,1,0,0.0370138950134022,-0.0760253295338891
36,2,0,-0.00730630378139276,0.102146393857543
36,3,0,-0.0600173368662204,0.121043192893056
36,4,0,-0.0469575460215802,-0.0996248251777558
36,5,0.117419485923147,0.0435112015134733,-0.0315248694912144
36,6,0,-0.0663862048989851,-0.0463274410885165
36,7,0,-0.0724885115854517,0.0123135734223087
36,8,0,-0.00999746407190823,-0.006141205353776
36,9,0,0.0156456778275812,0.101950079653849
36,10,-0.137647663086312,-0.0228930826503771,0.00592041786603702
36,11,-0.119344513905109,0.0852052199139606,-0.10826735259004
36,12,0,0.0103150485644886,-0.0178998184950591
36,13,0,0.0440875713552966,-0.0111220626651379
36,14,0,0.0455175596549353,-0.0345965534969181
36,15,-0.122527401403503,0.0437210950023469,0.0225987204243192
36,16,0,0.0872536202147787,0.0258376531626847
36,17,0,0.0751750593795383,-0.0289195013330571
36,18,0.126886303092214,0.143133392120857,0.0694710568945962
36,19,0,0.000315217782358278,0.118074246993712
36,20,0,-0.0547545540419728,0.0279109741286501
36,21,0,-0.170328116456367,-0.119138591272704
36,22,0,0.149237498965695,0.150966456709418
36,23,0,-0.127580776803542,-0.126656025020423
36,24,0,0.0811300066112745,-0.0347728158236903
36,25,0,-0.0511078585574676,-0.0787319589035656
36,26,0,0.0316924845679861,0.0554517205832691
36,27,0,-0.00929038827638441,-0.098064979244431
36,28,0,0.0496967108975345,0.0141802515295339
36,29,0,0.0454874433316198,0.0315890117791631
36,30,0,0.0355308149215973,-0.0635412787394136
36,31,0,0.033569940351973,0.0198988046046883
36,32,-0.130339804367984,0.104108921222616,-0.0142530687249394
36,33,0,0.0954353901811646,-0.0278675007959835
36,34,0,8.13422984741221e-05,-0.160401193310984
36,35,0,-0.171803722082443,0.00181573313464786
36,36,0,1,1
36,37,0,-0.208776251194171,-0.167436872585925
36,38,0,-0.0499611444629937,-0.120985672093744
36,39,0,-0.0241569446808008,-0.0128018459331585
36,40,0,-0.00362473534883132,-0.0720418408713792
36,41,0.118073109281232,0.0110666660441489,-0.0112812188702255
36,42,0,0.0316259552687704,0.0770906765397813
36,43,0,-0.0281519057079544,-0.117964029787787
36,44,0.119775771635328,-0.199447537882238,-0.146422881479793
36,45,0,0.0855934671368677,-0.0114550579005812
36,46,-0.122738044735695,-0.0552529433595051,-0.0876537411904047
36,47,0,-0.118671535561641,-0.148250755920208
36,48,0,0.0938793380808465,0.0338406953373354
36,49,0,-0.0326448133098879,0.0138785973622632
36,50,0,-0.203288581854048,0.114381912813183
36,51,0.120532679932604,0.0800583932586837,0.022325972008722
36,52,0,-0.0199152701973792,-0.0537913487047243
36,53,0,0.0695004072029458,0.146083685870369
36,54,0,-0.129054183303693,0.0327155123687751
36,55,0,0.0961969065748368,-0.00507940334065064
36,56,0,0.0309392827136579,0.00979296765154785
36,57,0,0.0351537254228424,-0.130535785323927
36,58,0.122511144637173,0.0247981422372703,-0.0484684993989333
36,59,0,0.0509411166626768,0.0522275591244527
36,60,0,0.0208374110985119,0.0123970795629539
36,61,0,0.0254398282481467,-0.0693949231008744
36,62,-0.120018480388292,-0.0287019031494928,0.105146788802043
36,63,0,0.0685516116294215,-0.0725384916065709
36,64,0,0.0689404377160109,0.192473586815025
36,65,0,0.0600750080958538,0.0144972345513131
36,66,0.117924259124722,-0.137870629496387,-0.0361193711177963
36,67,0,-0.0201809706026453,0.104537770411536
36,68,0,0.053746683531481,0.0883339938730124
36,69,0,-0.0304364938021796,0.0784253295236094
36,70,0,-0.00738917632685869,0.0837081795178016
36,71,0,0.0134936031056252,-0.0404093444750342
36,72,0,0.00287508857161264,-0.035722173185398
36,73,0,0.0853150446662356,-0.0323270382226362
36,74,0,0.0530258701113916,0.0572023311684164
36,75,0,0.00512071151205626,0.0312976290679762
36,76,0,0.0395791055185952,-0.030664777006266
36,77,0,0.0144702167794371,0.0525704049361313
36,78,0,0.0876680989538988,0.0382422003812122
36,79,0,-0.162138970061395,-0.09883347322435
36,80,0,-0.121739733742318,0.00968709772987918
36,81,0,-0.0152978108447154,0.01629954168262
36,82,0,0.0739138008701868,0.0187580017761761
36,83,0.13433164806338,0.00477898070070501,-0.114455693983634
36,84,0,0.00305142494943373,0.0267949378563101
36,85,0,-0.0267443909866042,-0.0977714682032183
36,86,0,0.00619078143028488,0.0714911740727594
36,87,0,0.000918972265328117,0.0776884444481679
36,88,0,0.032857013823754,0.0605962305673179
36,89,0,0.0245364711928886,-0.105875486465851
36,90,0,-0.0424761207131467,-0.111129915961511
36,91,0,-0.233733569256366,-0.111324799644198
36,92,0,-0.0482365998343357,-0.135936430537816
36,93,0,-0.12976886997911,-0.0953739353970813
36,94,0.116427365863766,0.00969528972357956,0.0555717248692988
36,95,0,-0.0641883830596383,-0.0124515576702111
36,96,0,-0.0325823282288263,0.0849262242239577
36,97,0,-0.0435237609906052,0.058881608744046
36,98,0,-0.0572317232366708,0.0605916499672349
36,99,0,-0.0315047809466806,0.00147405024625636
36,100,0,0.163290574512035,0.161138815058077
37,1,0,0.100198651750955,-0.148209447976902
37,2,0,0.0370915803902495,0.0803555696247536
37,3,0,0.0201530355764713,0.0316910665421606
37,4,0,0.0608409550214259,0.245520248836029
37,5,0,0.0144379015087757,0.0959903295771651
37,6,0,0.0566719353413548,-0.0328329250302911
37,7,0,0.0350368131171475,0.0108641787947336
37,8,0,-0.0330784959650902,0.034304523613328
37,9,0,-0.0280304469883762,-0.107885714913239
37,10,0,-0.01301014179744,-0.0200033680582971
37,11,0.1225537253082,-0.0722009065242819,-0.092769421547866
37,12,0,-0.144485045940101,-0.0967064358467715
37,13,0,0.0112529241898647,0.0701270734137679
37,14,0,-0.065441580156995,-0.0968722399253994
37,15,0,-0.101919466255256,-0.077215030351463
37,16,0,-0.166535154752704,-0.127028347886442
37,17,0,-0.0156434290155522,-0.0191998409923664
37,18,0,-0.0333295333455369,0.0118673127849679
37,19,0,-0.00107596683459125,-0.238767059864505
37,20,0,0.113997604322723,0.0186786589840126
37,21,0.122349339236335,0.0621219798789492,0.0211843497802748
37,22,-0.119684969645352,-0.225165551482638,-0.153811987851803
37,23,0,0.0318821189053678,-0.147164357806537
37,24,0,-0.0247651307985519,0.0333885282004158
37,25,0,-0.00170003563683563,0.0534682244106489
37,26,0,-0.101560569571089,-0.0685980840197717
37,27,0,-0.019605235272554,0.055408275979493
37,28,0,0.0127612476007808,-0.0811497663924204
37,29,0,0.0230043251864528,0.00312204951300832
37,30,0,-0.150783993927481,-0.0046788456208795
37,31,0,-0.0502470500267077,-0.0938448574991634
37,32,0,-0.0472461709392704,0.0531102600642333
37,33,0,-0.0898395344833187,-0.096779072530727
37,34,0,-0.0329539087611063,-0.140465099683184
37,35,0,0.0396333574779454,0.0348755293347176
37,36,0,-0.208776251194171,-0.25354981252974
37,37,0,1,1
37,38,0,0.0624630068025827,0.159035270840408
37,39,0,-0.0576903194886327,-0.140135411162281
37,40,0,0.0302780530387621,0.0743226325040624
37,41,0,-0.00763847967625626,0.117368314388481
37,42,0,0.0261517688684008,0.178722806776599
37,43,-0.127107525404725,0.0542075463026797,-0.0832730108012966
37,44,0,0.0991772161435454,0.279496541370998
37,45,0,0.0997789488963592,-0.0656345218983986
37,46,0,0.0843512513331869,0.21656309306975
37,47,0,0.0579816823226805,0.177733871232944
37,48,0,0.0282288810598113,-0.102307248004929
37,49,0,0.16563689990149,0.0598155528076808
37,50,-0.124906094084399,0.00266266753623515,-0.0537673719513661
37,51,0.124525503006919,0.0619215544072723,0.106659785291797
37,52,-0.123740317502394,0.0666187424568111,0.100844786946891
37,53,0,-0.0497018834992703,-0.128877581154507
37,54,0,0.0276299419129968,0.00700293595673186
37,55,0,0.00717961058255406,0.0382504454532869
37,56,0,0.0217054598074448,-0.124488008758025
37,57,0,-0.0876447305544884,-0.00422095278545912
37,58,0,0.0383425120828788,-0.124766506497346
37,59,0,-0.0178467649636265,0.00828895210798453
37,60,0,0.00614098097854943,-0.0638451698154059
37,61,0,0.0142948884167977,-0.010068273219222
37,62,0,0.0139942761016166,-0.13240210840846
37,63,0,-0.0752273012079726,-0.0347385596148649
37,64,0,-0.116944078413974,-0.0323049556829189
37,65,0,0.0374519337160873,0.0889756583899297
37,66,0,0.0640673170481163,0.0712150252688517
37,67,0,0.044206480382451,-0.0867403072480634
37,68,0.127899660499218,-0.0497822168616508,0.00887117263625966
37,69,0,-0.0540187010561606,-0.119220312736746
37,70,0,-0.0338753858593515,0.0821279845754055
37,71,0.121159536121042,-0.104440392350135,-0.204410240989256
37,72,0,0.0272244897728448,-0.162859630016437
37,73,0,-0.0877935151063348,-0.0123273047129181
37,74,0,-0.0634211885016931,-0.162225619489435
37,75,0.130000679204825,-0.0356515491024914,0.122628173436846
37,76,0,-0.038948198675605,0.0849248162026965
37,77,0,0.0643608091680694,0.0806440811532053
37,78,0,-0.0251686991195092,-0.0711884472181738
37,79,0,0.0704471577262596,0.110058416054583
37,80,0,0.0600050632681723,0.115953432157474
37,81,0,0.0200879725079833,-0.144557140889668
37,82,0,-0.118234018631046,-0.0685881041861711
37,83,0,-0.181900708782079,-0.0576628279797492
37,84,0,-0.0706136349700442,0.0263255878368555
37,85,0,0.0324612642674919,0.0380623333997606
37,86,0,-0.0393463504629484,-0.186331348177748
37,87,0,0.0651031556214335,0.112295366824526
37,88,0,-0.0907066188538778,-0.0725414774170794
37,89,0,-0.174349355689207,-0.225475089541273
37,90,0,0.0249972506521281,0.0815909972669505
37,91,0,0.031447151374209,0.0848339095199521
37,92,0,0.120712418506533,0.00213062729280518
37,93,0,0.0391293064432908,-0.035829730578303
37,94,0,0.00473683999252185,-0.0269036088117022
37,95,0,0.0258048743841982,0.118639914375643
37,96,0,0.0228693461587475,0.113218832265225
37,97,0,-0.127659505619666,-0.0256483273265159
37,98,0,-0.00690365065766182,-0.0281188548940035
37,99,0,0.0305646930886595,0.174238835526657
37,100,0,-0.221724675707082,-0.183291947555265
38,1,0,0.033321962611468,0.0131167840264228
38,2,0,-0.00132528297706283,0.348668662045088
38,3,0,0.0315375493882524,-0.22724314945362
38,4,0,0.0890348873999668,0.0570084451687179
38,5,0,0.0049423513286796,0.255754717781149
38,6,0,0.0570941183099455,-0.0953114949276137
38,7,0,0.0259314277155295,-0.0833582746257323
38,8,0,-0.0181633443675613,0.029679996195033
38,9,0,-0.16118814393935,-0.0628180277129681
38,10,0,-0.0224280363307756,-0.0780180824364349
38,11,0,-0.0816723965282715,0.18379765033658
38,12,0,-0.0145824797691539,-0.094087208977288
38,13,0,-0.0101389185090558,-0.0186383590542915
38,14,0,0.00981861444905606,-0.0443084401626017
38,15,0.131141141376864,-0.00159184991573718,0.226680474312836
38,16,0,0.0274264092045722,-0.130474524142503
38,17,0,-0.0584127648665671,0.00883724014106809
38,18,0,-0.0396634906080629,-0.090144168901809
38,19,0,-0.00431935124989978,-0.0645801346051426
38,20,0,0.0580439074178614,0.155108827106199
38,21,0,0.0201018767950997,-0.0107193037667276
38,22,0,-0.0731610025269316,-0.0882770414963528
38,23,0,0.0306351958577425,0.0468332854381644
38,24,0,-0.0200258457851073,-0.0322127961512694
38,25,0,0.00343355765464249,0.0696885426430271
38,26,0,-0.0163228198746573,0.0658898276447563
38,27,0,-0.00409595655105492,0.195087931383434
38,28,0,0.092253473104167,0.0731264789526106
38,29,0,-0.138029691491595,0.0744429758308158
38,30,0,0.00803095353233875,0.142682123917961
38,31,0,-0.179849098853038,-0.12771909973451
38,32,0,-0.0898560479352221,0.0705227723627717
38,33,0,-0.0297048774053688,-0.174340758510306
38,34,0,-0.0556680695113013,-0.0176081840180258
38,35,0,0.0107693408453978,0.0683318098393274
38,36,0,-0.0499611444629937,-0.287884042172763
38,37,0,0.0624630068025829,0.249899227266763
38,38,0.577497868333012,1,1
38,39,0.114059966460673,-0.00257525692568476,0.14215211210911
38,40,0,0.0138041504460562,0.18479481695535
38,41,0,0.0454369055594027,0.162931002232794
38,42,0,0.00827455023188324,1.45705004571016e-05
38,43,0,0.0348301205962694,-0.120968188003207
38,44,0,0.0357514856133837,0.111703937361504
38,45,0,0.0946419872002748,-0.0771365556271834
38,46,0,0.0954316184807531,0.174400329613235
38,47,0,-0.0199730899675949,0.238502223458779
38,48,0,0.00735129048952711,0.00718247984251709
38,49,0,0.0589981304056457,0.199863455219933
38,50,0,0.0238687945592409,-0.0837705247893099
38,51,0.119161839493085,0.0243209541116587,-0.0430567303671194
38,52,0,-0.0100009586103737,0.110943937172949
38,53,0,0.0132037909440365,-0.179188589120495
38,54,0,0.0201333892672621,-0.130231592773747
38,55,0,-0.0329856590329106,0.09314048212524
38,56,0,-0.101620424504501,-0.20034908825894
38,57,0,0.0156161556532788,0.319092171727867
38,58,0,-0.1505142684711,-0.133905913276839
38,59,0,0.00454346897314732,-0.0335461267560098
38,60,0.119782558831284,0.0292397773440625,0.0922114140522883
38,61,0,-0.00632095090218399,0.0364948876173164
38,62,0,0.00158111245657706,-0.0317073779994136
38,63,0,-0.0537213137025321,0.0334188405210916
38,64,0,-0.0232217009171983,0.208802525951701
38,65,0,0.0902821671675831,0.0430449316973911
38,66,0,0.0181617962590082,0.00188222701709765
38,67,0,0.0355917350758149,0.0615584483113035
38,68,0,0.00494578148230445,-0.267697964150405
38,69,0,0.00178575298570898,-0.0601776732112433
38,70,0,0.0327595599859983,0.0209456016268401
38,71,0,-0.0402005164901638,-0.21884641008184
38,72,0,-0.122781950481361,-0.176350994576225
38,73,0,-0.0909630655504745,0.0127158010892059
38,74,0,0.0463851729307201,0.0744282962845733
38,75,0,-0.0295175953948783,0.0562355574047906
38,76,0,-0.0811357248478091,0.123706248288961
38,77,0,-0.0345130718986291,0.0266402684248833
38,78,0,-0.00946424150818356,-0.158385905205628
38,79,0,0.00480217058999711,0.103736605800865
38,80,0,0.00411860134628811,-0.0420517349242372
38,81,0,0.00999236262995036,0.0047916422357868
38,82,0,-0.100114544382014,-0.108175732808968
38,83,0,-0.0127747253227052,0.0724792996196609
38,84,0,-0.0313848725267235,0.144851121630549
38,85,-0.119895582271916,0.0210307897291199,-0.026650002417204
38,86,0,0.0280333685709008,0.000201238887333046
38,87,0,0.00447272237172737,0.134866854398747
38,88,0.117962376488,-0.0479114637844148,0.0197884956812424
38,89,0,-0.0399559450989893,0.165858981098862
38,90,0,0.0876729694445054,0.209282845825612
38,91,0,0.0663078709696363,0.11696565407812
38,92,0,0.0436698144355305,-0.0218109461899662
38,93,0,0.0405192649746927,0.140166187561562
38,94,0,-0.00359429303321526,-0.0399473782518104
38,95,0,-0.156347983502946,-0.183804353284746
38,96,0,4.03988743506754e-05,-0.00360386980841144
38,97,0,-0.112448630489199,-0.0557094484286951
38,98,0,0.0468233538502981,-0.183363032007491
38,99,0,-0.0170595916549734,-0.00638746620013602
38,100,0,-0.0569214763430032,-0.254142597345285
39,1,0,-0.0315974028317317,0.0661894404430396
39,2,0,0.0582385314644517,0.147134175698116
39,3,0,-0.0319301701055255,0.0448456398527112
39,4,0,0.0187518174419982,-0.0226275714154478
39,5,0,-0.0221374359022577,-0.227646790870594
39,6,0,0.0366817857274145,-0.00276505748005996
39,7,0,0.0682853052551033,-0.137650823152604
39,8,0,0.0909980931497617,0.0678213303942532
39,9,0,0.0293005253719941,0.0611320925128683
39,10,0,-0.0182100360031452,-0.0599335509643667
39,11,0,-0.00682402124973627,0.0318513179075696
39,12,0,0.0585831579672168,0.105399732129817
39,13,0,-0.162875781768271,-0.00810968622486409
39,14,0,0.00277069928374892,0.0271328995227125
39,15,0,-0.148219707730853,0.0959446881923015
39,16,0,-0.0192658115797904,0.0887138870036813
39,17,0,0.018593698596263,-0.118050977763137
39,18,0,-0.0882519542301353,-0.084912684272549
39,19,0,-0.0483720341684033,-0.084234517999064
39,20,0,-0.107303395551479,-0.0833806606358845
39,21,0,0.000749271032968432,-0.0831419378009505
39,22,0,0.0313780197636874,0.00460714570892138
39,23,0,-0.0266760621601298,0.0410574077732095
39,24,0,0.038735736089729,0.126878698893935
39,25,0,-0.176952351532836,-0.116910495325812
39,26,0,0.0622314013132065,-0.00148380559549674
39,27,0,-0.0139668257166112,0.115762880469131
39,28,0,-0.0749522778122998,0.127726589466323
39,29,0,0.00873788460026021,-0.102698808215097
39,30,0,0.00338630743821353,-0.145572820896309
39,31,0,0.100031199151522,-0.0408828008759509
39,32,0,0.0284287808732415,-0.112575921536172
39,33,0,0.0574235815177933,0.0225147380087658
39,34,0,0.11711633693721,-0.00747360751509161
39,35,-0.1154242015008,0.0595806334213872,0.0141874459923217
39,36,0,-0.0241569446808008,-0.0139691118492223
39,37,0,-0.0576903194886327,-0.100979194103073
39,38,0,-0.00257525692568479,0.065187730997458
39,39,0,1,1
39,40,0,-0.116504709309908,0.0485802594696363
39,41,0,-0.0116823112812827,0.0303033843202331
39,42,0,-0.0314395701671489,0.109697596298024
39,43,0.117643611284686,-0.108664354493382,-0.0998560379602883
39,44,0,0.0551211127474064,-0.00435123662122218
39,45,0,-0.214265427837772,-0.0474619381093332
39,46,0,0.0405886674127337,0.0651269518605719
39,47,0,0.000926221990897796,0.0925239440095946
39,48,0,0.0239541817802159,0.0608752843011018
39,49,0,-0.0319615542824871,0.0485730036686134
39,50,0,0.0346657899948237,0.0898056135690596
39,51,0,-0.110295138204429,0.00709672449366445
39,52,0,0.0378329469050834,-0.105792039401539
39,53,0,-0.0966846255361776,0.0184989075097999
39,54,0,-0.0354533915697512,0.168503457720882
39,55,0,-0.0407468401349487,-0.139336562797152
39,56,0,-0.060912587343922,0.111416385671677
39,57,0,0.0158387308764039,0.231742293706755
39,58,0,-0.0352150726193301,-0.00720432958451636
39,59,0,0.018960937453299,-0.0789090683331266
39,60,0,-0.0695316191322124,-0.0645867497856357
39,61,0,0.0897144110075873,0.0632628956377153
39,62,0,0.0206716038153625,0.169483837900965
39,63,0,-0.0055965354499665,-0.0655217031257673
39,64,0,-0.0227782368366126,-0.130035961895187
39,65,0,-0.0204611462682657,0.0188847062800811
39,66,0,-0.0139341260657095,0.00553075468873553
39,67,0,-0.0875390167034986,-0.0601305928029682
39,68,0,-0.129954984733836,-0.109758070122402
39,69,0,0.0310781703352444,0.0976368647827611
39,70,0,0.0555720389289637,-0.0490941857180801
39,71,0,0.0680126403113869,-0.0144490734205561
39,72,0,-0.0162423495993194,0.0512411502562864
39,73,0,0.0151431387030966,0.051328969178251
39,74,0,-0.000276802733190947,0.0163578277039705
39,75,0.120321352511746,0.00642284783247807,0.0491413340307306
39,76,0,0.0512581397105308,0.108483030694451
39,77,0,-0.0292398425928631,0.0497720328979713
39,78,0,-0.0162109732368274,0.0465832991817534
39,79,0,0.0374662784579062,-0.0613740729612941
39,80,0,0.0834938312069958,-0.00629886836286778
39,81,0,-0.043061241494814,-0.133178204716549
39,82,0,0.0662298711698714,0.0486010235808857
39,83,0,0.091590712429295,-0.00680593508559674
39,84,0,0.0858077370180526,0.196806340719805
39,85,0,-0.133225943048107,0.0202604788849794
39,86,0,0.0816762973450719,-0.0363623132311767
39,87,0,-0.0227942629122048,0.0196866065906888
39,88,0,0.0382760570284433,0.0468211105930113
39,89,0,0.0832550962600803,0.0383200689758783
39,90,0,-0.00090626945786069,0.0254514086300902
39,91,0,0.0336935645686554,-0.131484505876002
39,92,0,0.0748377868479153,0.101989412967341
39,93,0.11929529241607,0.0673398490707298,0.0714797708516833
39,94,0,0.0590660692813149,-0.0551254250441436
39,95,0,0.0435370057465816,-0.0360169410244721
39,96,0,0.0570484434818364,0.025914140480279
39,97,0.115011162759252,0.0305497859402549,-0.0186942865629979
39,98,-0.118425587037315,0.00713445550504908,0.0782149737488743
39,99,0,0.0248635124079259,-0.0865853000300047
39,100,0,-0.0150557635223826,-0.000951539842375764
40,1,0,-0.0085837351788105,-0.111300960587899
40,2,0,-0.00512180898187427,-0.0317913996887625
40,3,0,-0.0123247520895983,-0.0662704250908939
40,4,0,-0.0328155744451049,-0.0939920315145658
40,5,0,0.0904671237541958,0.0998579818063885
40,6,0,-0.100321465270954,-0.108227091117873
40,7,0,-0.018183057639795,0.0201619191701035
40,8,0,-0.0373345227181234,-0.116139301128064
40,9,0,-0.112937092388097,0.0276614623222032
40,10,0,0.0184420919947526,0.132941931010549
40,11,0,0.0182973963273966,0.0762019309079273
40,12,0,-0.00327519424099541,-0.0676631600142567
40,13,0,0.0274243226736923,0.0797448180382024
40,14,0,0.051915117487322,-0.106835376488186
40,15,0,0.0105076136702461,0.102065649252427
40,16,0,-0.026452078320309,-0.0777606689364588
40,17,0,0.0297303627445475,0.026538428172857
40,18,-0.134989818865652,0.0254802383347018,-0.0418418022338713
40,19,0,0.0245121107189605,-0.0549290665612088
40,20,0,-0.0144458961755229,0.0278299576855987
40,21,0,-0.00210698517974357,0.00196560667847585
40,22,0,0.00356909913918843,-0.149827489678365
40,23,0,-0.00624887115119487,-0.0825003942402284
40,24,0,-0.00161289996637891,-0.152209101624958
40,25,0,0.035951664754316,0.0222736423765572
40,26,0,0.0503431838735379,0.04506133564186
40,27,0,0.0770804542055266,0.0656228974727983
40,28,0,-0.106561920032478,-0.133437740011109
40,29,0,0.00619946368123151,0.232347319889187
40,30,0,0.0067791743949751,-0.0365346240057865
40,31,0,0.013286265348375,0.00572804228535144
40,32,0.13866387587817,0.00394132285904722,0.120001724223114
40,33,0,-0.00249338960075641,-0.0911040504364449
40,34,0,-0.00297358277444603,-0.160808648389413
40,35,-0.125927317372415,-0.122041850798764,-0.0626674015600664
40,36,0,-0.0036247353488313,-0.110937731241734
40,37,0,0.0302780530387622,0.0755793881903512
40,38,0,0.0138041504460562,0.119591582800355
40,39,0,-0.116504709309908,0.0685579952930438
40,40,0.241505847778171,1,1
40,41,0,-0.0748772229569504,0.192905472680285
40,42,0,0.00524749322187988,-0.00715590988847085
40,43,0,0.0129700382919934,-0.183706328111844
40,44,0,0.00781557885627244,0.111631042965863
40,45,0,0.0147780004257562,0.00944949268167041
40,46,0,0.0075017411787286,0.127041510136149
40,47,0,0.0240339757828229,0.0691218307137693
40,48,0,-0.12064982766901,-0.019687971601071
40,49,0.120202477091525,-0.028919423500374,0.12560437826064
40,50,0,-0.00212715516168147,0.0395354066379074
40,51,0,0.0140250271171942,0.1139889479712
40,52,0,0.0522934646605519,0.121789791092568
40,53,0,-0.0151506642815267,-0.0510751267985975
40,54,0,0.0117720162404509,-0.0178105651889482
40,55,0,0.00381417984502477,-0.0261437254848715
40,56,0.12135881213375,-0.051160821396688,0.0608933665245618
40,57,0,0.00589645368629321,-0.0579958239135181
40,58,-0.122771117909556,0.0292681258723393,0.0532360702693166
40,59,0,-0.0367540099417039,0.200464429081287
40,60,0,0.0428344165652518,-0.139295726438618
40,61,0,0.0102814689483635,-0.0925378116432544
40,62,0,-0.0399010005273882,-0.0291279624304416
40,63,0,-0.00491774969159871,0.296494360558267
40,64,0,-0.0681819491528477,0.0897236762751958
40,65,0,0.0177247052425487,-0.173840219709088
40,66,0,0.0128060537720094,0.156050170074287
40,67,0,0.0070841107819705,-0.173900317412374
40,68,0,0.0168375044575755,0.119365441610258
40,69,0,0.026873331391762,-0.182635233735482
40,70,0,0.0505673542020835,0.00988883264654477
40,71,0,0.00791051243296339,0.106730078238325
40,72,0,-0.00278663538929043,-0.111071730663711
40,73,0,0.0339564651192501,0.10339359014946
40,74,0,-0.0458442025680434,-0.0568773199316648
40,75,-0.126099319324952,0.0135621458801673,0.226795602725619
40,76,0,0.0512390228554001,0.0248852668547749
40,77,0,0.010302952416618,0.0506375483835738
40,78,0,7.68657785363846e-05,0.221728128628478
40,79,0,-0.107765692747284,0.0127306498397424
40,80,-0.127951546288548,0.0317521063746909,0.0646745111048737
40,81,0,0.0188509030134476,0.0381901798884861
40,82,0,0.0111802594848682,0.0216482116058237
40,83,0,-0.0457128313422858,-0.0538739915203386
40,84,0,0.0530677213359421,0.0922533195629919
40,85,0,0.0276945762062703,0.218398445723547
40,86,0,0.0178154439247193,0.0321297479024899
40,87,0,0.00243542877819414,0.16340709203603
40,88,0,-0.0117080723072193,-0.214277949555067
40,89,0,-0.0368042995813744,-0.0170456502138174
40,90,0,-0.0124192034354384,0.0650155288358451
40,91,0,-0.0281117281904799,-0.0224460687585275
40,92,-0.120264211350321,-0.00580547085166131,-0.00656630891499837
40,93,0,0.0337178077417512,0.127000270316165
40,94,0,0.0379643986708259,0.114390836100458
40,95,0,0.0631712297337076,0.175156294505849
40,96,0,-0.0115488431617185,-0.120288506965241
40,97,0,0.0314770667663372,0.0722729754752328
40,98,0,0.0248401276743658,0.176697590879055
40,99,0,0.00759450233081092,-0.0573339960595415
40,100,0,-0.0376276793639586,-0.0320410201989418
41,1,0,-0.0407597309735045,0.080709658089342
41,2,0,-0.0106560101490268,0.18593568223781
41,3,0,0.0141607551156866,0.0979649673967864
41,4,0,0.0176118454953787,0.05294666894987
41,5,0,-0.0720070228776613,0.047801049588841
41,6,0,0.0245311060020708,-0.103248819853017
41,7,0,-0.0609048147440018,-0.0555113261815065
41,8,0,-0.0339589158232777,-0.123078642644218
41,9,0,-0.121396674839558,-0.126346770395487
41,10,0,0.0255443566185528,0.00691443964690562
41,11,0,-0.0276026208669091,0.0743699012058072
41,12,0,0.0176601401420084,-0.171579910449936
41,13,0,0.0455794103504224,0.0376618745245841
41,14,0,0.0469269682571826,-0.0975636305191746
41,15,0,0.054212869647529,0.0149933475347854
41,16,0,0.0698373562462399,-0.137106545689986
41,17,0,-0.0311782806949001,-0.14773802770696
41,18,0,0.0378779772910424,0.0330091464236925
41,19,0,0.0501505230078488,0.0227940930156581
41,20,0,0.0104661822172618,0.0702723141468031
41,21,0,0.0145346415895101,-0.0578152446478561
41,22,0,0.0201836473480848,-0.292836460703271
41,23,0,-0.00304635474003006,-0.149276103729098
41,24,0,-0.039890063628517,-0.17862882064965
41,25,0,0.0359768905503361,0.0893365875888861
41,26,0,0.0235362342374664,0.0585265484436333
41,27,0.130822717446755,0.0490894967444773,0.0530085022847401
41,28,0,0.0467981248852611,0.07548433425779
41,29,0,-0.033050621584871,0.0106805804901325
41,30,0,-0.00882705053286523,0.0964276852967155
41,31,0,-0.0547894515450553,0.019540538666283
41,32,0,-0.0035177710221205,0.199449647927854
41,33,0,-0.016351520888786,-0.225037912178331
41,34,0,-0.0724815717275209,-0.0627223970083023
41,35,0,-0.0027280825760778,-0.145205238262013
41,36,0,0.0110666660441489,-0.0158663682521978
41,37,0,-0.00763847967625621,0.109008454389651
41,38,0,0.0454369055594027,0.0963033917725837
41,39,0,-0.0116823112812827,0.0390585790856832
41,40,0,-0.0748772229569504,0.176186072744036
41,41,0,1,1
41,42,0,0.0265212827404592,0.124239295701102
41,43,-0.120397784080956,0.0410820883139862,0.0144655711057138
41,44,0,0.00268439479334203,-0.0264569528231513
41,45,0,0.0393087669041874,-0.0257641671136973
41,46,0,-0.00963672483567017,0.190055078911663
41,47,0,0.00312167954319632,0.0914859251439612
41,48,0,0.0741584836635592,0.105769499654258
41,49,0,0.00657252589389894,0.0423476183438251
41,50,0.118312561731376,0.0427609825701584,-0.0235644070722335
41,51,0,0.00601028579313458,0.0117343413780379
41,52,0,0.00153141809651075,0.211918256026775
41,53,0,0.0548407410065662,0.122234973792721
41,54,0,0.0422488364438074,-0.0601878677113482
41,55,0,0.0446767359310094,0.122408592032702
41,56,0,0.0143568129931542,-0.0585746490015598
41,57,0,-0.0360184754510158,0.0475399358124147
41,58,-0.119888166809155,-0.0262329584773751,-0.00156665435601645
41,59,0,-0.0104608870381792,0.277223097794236
41,60,0,0.0221197840119,-0.0536555112789716
41,61,0.118148598743484,-0.0568809135788876,0.00268898228985327
41,62,0.117448870791195,-0.00171408664014581,-0.0314969837244339
41,63,0,0.0252302751778492,0.058194742494913
41,64,0,0.049386788887087,-0.145778319574711
41,65,0,-0.0150183924879902,0.0305338240362352
41,66,0,0.0576059814426263,0.0028593709159917
41,67,0,-0.0317028271341866,-0.110269704192031
41,68,0,0.0266942079286292,0.0263514564755986
41,69,0,-0.00378410512275109,-0.196913380673972
41,70,0.115307777295103,0.00695165740682927,0.0632643055043464
41,71,0,-0.000427937923031616,0.0787143095792106
41,72,-0.121436807325513,0.0113876336396801,-0.0441654256572674
41,73,0,-0.156279847949414,-0.208478725490122
41,74,0,0.0977164932331578,-0.0207394083031204
41,75,0,-0.0298010258206092,-0.134230620296995
41,76,0,-0.129826100615825,0.00645081046770743
41,77,0,0.0239354958575259,0.131719944255861
41,78,0.117723069604715,0.000123617230060061,-0.217439339044275
41,79,0,-0.141004711596142,-0.0488892321783622
41,80,0,0.0117462976748688,0.00290047711181722
41,81,0,0.0261814571387436,-0.0625573017760425
41,82,0,-0.0450920082748874,0.00405455315699586
41,83,0,-0.077680430296338,-0.0602789409883369
41,84,0,-0.0126352215637131,0.0439898140547256
41,85,0,-0.00293656464089531,-0.0418388899091241
41,86,0,0.0157986526691944,-0.152819345863255
41,87,0,-0.0198996462373314,0.133040689151914
41,88,0,-0.00986628114242341,0.0143361561969515
41,89,0,0.021926080039653,0.110116094379234
41,90,0,0.0797106708400609,0.0331700183971772
41,91,0,0.049569555532006,-0.0881137010838145
41,92,0,-0.0361553201733177,-0.135881339247585
41,93,-0.122088132975005,-0.033558061226079,-0.0141706215369425
41,94,0,0.00553498438672374,-0.0515018061693083
41,95,0,-0.0470379627766572,0.0372886590684153
41,96,0,-0.146323137456764,-0.0398971076408397
41,97,0,-0.0215078830466321,-0.0149553449052848
41,98,0,0.0150876269969345,0.0639194279979748
41,99,0,-0.0726520598099291,-0.229354824706627
41,100,0,0.0692229961681407,-0.151740117835269
42,1,0,0.0433618559146265,0.143049525366156
42,2,0,-0.00181531063254708,0.0097979187817932
42,3,0.109435321753712,-0.00500606898541588,0.00391497003236249
42,4,0,0.0168422509994742,0.0465962100349567
42,5,0,0.000379420464989678,0.0200554158655793
42,6,0,-0.0630527445294468,-0.205568537918396
42,7,0,-0.147813170467339,-0.162396136633628
42,8,0,-0.115361300949431,-0.0282234580707966
42,9,0,-0.0392984101016037,-0.0583662276692235
42,10,0,-0.0419775739792738,-0.123859835076589
42,11,0,0.00891170121909607,-0.00633094609873668
42,12,0,-0.017744226453798,0.0897835852789895
42,13,0,-0.0355906796380018,-0.0298337106328171
42,14,0,0.0211993979374165,0.036266318331653
42,15,0,0.062446488915917,-0.0476643024844531
42,16,0,-0.0109831724937386,0.0280449895604259
42,17,0,-0.0376455889389232,0.0426129693157064
42,18,0,0.0561730791980361,0.0162719077575807
42,19,0,0.038573887862165,0.0135754537617763
42,20,0,0.0363369424764187,1.51288096260238e-05
42,21,0.114264796889599,-0.00303411671779327,-0.0787118083232215
42,22,0,-0.00730131267420454,0.0388473517599378
42,23,0,0.064226282481541,-0.00331520576204648
42,24,-0.121168684699012,-0.0480607628780696,-0.0280841986828467
42,25,0,0.00859415130313401,0.0268098229766163
42,26,0,0.0489153281111261,0.139606159426698
42,27,0,0.0634033534202754,-0.0346389118904991
42,28,0,0.0644512887038396,0.092137961898918
42,29,0,-0.078951839537282,0.0403547238579556
42,30,0,-0.024698195374379,0.0566280813424693
42,31,0,-0.0312930147464615,-0.100935420254347
42,32,0,0.0228744791201324,-0.0575797791353544
42,33,0,-0.0199724244195411,0.0868433008688916
42,34,0,-0.0627877382240969,0.0873823848137846
42,35,0,-0.0602685233599607,-0.00829264990594737
42,36,0,0.0316259552687704,0.0869335068009948
42,37,0,0.0261517688684008,0.133092360592117
42,38,0,0.00827455023188323,6.90519838379968e-06
42,39,0,-0.031439570167149,0.113366895766226
42,40,0.120531256174775,0.00524749322187991,-0.00524029488678092
42,41,0,0.0265212827404592,0.0996145593079932
42,42,0,1,1
42,43,0,0.0298270481919961,-0.109310073090997
42,44,0,-0.0366985931644131,-0.0481203452977535
42,45,0,0.0410423908501399,-0.0690578711237145
42,46,0,-0.0289134604895083,-0.0780246601453119
42,47,0,0.0367494153390214,0.0163684715106115
42,48,0,0.00335155709086163,-0.00184060182139685
42,49,0,0.0611026437192551,-0.067326123171517
42,50,0,-0.0514771782158633,0.184145772918485
42,51,0,0.0698000772256455,0.0680003675630819
42,52,0,0.0246068615927625,-0.0337587060078204
42,53,0.12494513153997,0.0215300856425431,-0.0581222423331258
42,54,0,0.00314133971523928,0.0201077142633398
42,55,0,0.000285513010977987,0.110934706293075
42,56,0,0.0188188991080901,0.104358487238631
42,57,0,-0.0300091268081272,0.0963307208118612
42,58,0,0.0561968702317274,0.00141598934764233
42,59,0,-0.0449425473741647,-0.110690212903067
42,60,0,0.0485243280541963,0.0447120967463684
42,61,0,-0.0287752393523045,-0.156989317015255
42,62,0,-0.0219952558694554,-0.0311873088908533
42,63,0,0.00672772802768029,0.00583536523837419
42,64,0,0.0354699818998571,0.119919637061336
42,65,0,0.0399389424360395,-0.0511854756018584
42,66,0,0.00375898080594434,-0.00412636662958167
42,67,0,0.0580168586230174,0.037371196224771
42,68,0,0.0142443688568674,-0.0462667943505745
42,69,0,-0.0120239405271442,-0.013947957139812
42,70,0,-0.00482937830203472,0.0854390348766817
42,71,0,-0.128369784815932,-0.0573167639852553
42,72,0,-0.009332628459386,-0.0436117695360322
42,73,0,-0.00410372012544984,0.0521859402349714
42,74,0,0.0240231460877499,0.0527466280184612
42,75,0,-0.0144030625097981,0.0669519326077479
42,76,0,0.00330656374984444,0.081615236227971
42,77,0,0.10062149300127,-0.00019968603595179
42,78,0,0.0587294509745776,0.0284804650114926
42,79,0,-0.0075157693282915,-0.0149464131917757
42,80,0,-0.0620992863374718,-0.0332375821174872
42,81,0,0.0538981646791639,0.103029816917086
42,82,-0.118057984996166,-0.0101348580008959,0.115761447361645
42,83,0,-0.00187941271580679,0.0154482251270544
42,84,0,0.0183890602444517,0.141896595194147
42,85,0,-0.0137195530432,-0.0639852278083461
42,86,0,-0.00680783801594587,-0.0232718374858084
42,87,0,-0.0340922722089756,-0.125084638736622
42,88,0,0.0174252221341456,0.0104990693535598
42,89,0,-0.0106903808763377,-0.0937325796690375
42,90,0,0.0248953992845517,-0.0863371320775543
42,91,0,0.0203203669066894,0.0551982407655994
42,92,0,-0.00515660399284899,0.0927840776206846
42,93,0,0.0255606129277692,-0.0416738239534027
42,94,0,0.00101715211302332,0.0497294313100682
42,95,0,-0.0470427465919334,0.00869655473792122
42,96,0,-0.0200919230018119,0.184186413058683
42,97,0,-0.0259372787978828,0.118615067494207
42,98,-0.124529063683823,0.0178327041592519,0.0425416635877951
42,99,0,-0.00922816705223651,-0.120644010494141
42,100,0,0.0153542817481758,-0.041213116697529
43,1,0,-0.0228789279806231,-0.0182974201096703
43,2,0,-0.0109400342899807,-0.0544099877166403
43,3,0,0.0652422894982703,0.00406713406358135
43,4,-0.131729053541743,-0.00810821536990546,0.045121642358602
43,5,0,0.0438782750418468,0.2395624933122
43,6,0,0.0577269026830054,0.0850161257878979
43,7,0,-0.0435714892351044,0.0807771929791765
43,8,0,-0.0412586032068715,-0.0996704297692446
43,9,0,0.012074132553613,0.206040273469438
43,10,0,0.0506628349715532,0.103202058961394
43,11,0.120564899099154,-0.0651439351455749,0.147569640451852
43,12,0,-0.119945981566756,-0.110396024055523
43,13,0,0.0323372021159723,0.172940569845182
43,14,0,0.114878318623422,0.235458593564347
43,15,0,-0.0104596367005455,0.0344680210039203
43,16,0,0.0734095205624369,0.079848739808906
43,17,0,-0.0316254910582986,-0.121786718983626
43,18,0,-0.0212635301741166,0.109220788776899
43,19,0,0.0190949201521072,0.0638138234215048
43,20,0,0.0805931922717323,0.0799056306694721
43,21,0,0.0550579065831032,0.0699030038119377
43,22,0,0.0111718619788207,0.11625859437751
43,23,0,0.0424210502593466,0.0310406988360549
43,24,0,-0.0285196925041335,0.0508281752752192
43,25,0,0.080834714787194,0.324009464518898
43,26,0,-0.0170026571621579,-0.0138666568076625
43,27,0,0.00313022999684373,-0.122753952124385
43,28,0,0.031390621288311,0.0102799616613172
43,29,0,-0.0419837669974205,-0.197744415659052
43,30,0,0.061867804191318,-0.016729147627143
43,31,0,-0.0485957638158104,-0.122559358901852
43,32,0,-0.00906301901483713,0.112996484428778
43,33,0,-0.0378597602118705,0.114273249020992
43,34,0,-0.0105777630270574,0.107058269850319
43,35,0,0.0801453705355739,0.0520286770259264
43,36,0,-0.0281519057079544,-0.195375869186732
43,37,0,0.0542075463026796,-0.0910779821116849
43,38,0,0.0348301205962694,-0.0841993711123019
43,39,0,-0.108664354493382,-0.151565185324642
43,40,0,0.0129700382919933,-0.197583630622771
43,41,0,0.0410820883139863,0.0170347358171301
43,42,-0.114454227757143,0.0298270481919961,-0.160544771276287
43,43,0,1,1
43,44,0,0.04488364545376,0.0127752210307255
43,45,0,0.0450253246062327,-0.0678519213469015
43,46,0,-0.0063664074180517,-0.0227939692051241
43,47,0,-0.0229881511587901,-0.0411501491117805
43,48,0,-0.00342992917898694,-0.0365173244256812
43,49,0,0.0641442663530153,-0.103455283465425
43,50,0,0.0412863104799146,0.0778654931650493
43,51,0,-0.0511154609681539,-0.0889139144696208
43,52,0,0.0349026823634574,0.113901360314091
43,53,0,0.0103448863460322,0.214278303695898
43,54,0,-0.0114349334040808,0.0590885140793969
43,55,0,-0.00302043549564037,0.0342580512693247
43,56,0,-0.155489876282444,-0.145830926035063
43,57,0.128898919651231,-0.0801712122461119,-0.123549715989614
43,58,0,0.00261255824102695,0.0417416109162313
43,59,0,-0.0295265018409948,-0.0737120411986697
43,60,0,0.0463496783552815,0.318854280289394
43,61,0,-0.0279154608954301,0.00893544417035232
43,62,0,-0.0268446669310644,-0.104356898156961
43,63,0,-0.004690089793545,-0.159194669053648
43,64,0,0.0263294978131884,0.013716194669457
43,65,0,0.0102650710409836,0.00398043067918627
43,66,0,0.0406877688152067,-0.0226365649285121
43,67,0,0.103878461840571,0.0644441083223744
43,68,0,-0.00972008527863201,-0.0755987182849561
43,69,0,0.0191424214857844,0.0109677022911132
43,70,0,-0.0135425976414089,-0.138671779663378
43,71,0,0.0153279143108597,0.0445075141285921
43,72,0,-0.0129448575830005,0.0206995563488298
43,73,0,-0.175431385235179,-0.120347492088554
43,74,0.115277462443727,0.0603533776626947,-0.0765558100601788
43,75,0,-0.0275028278306692,-0.154027736901649
43,76,0,-0.120609540706639,-0.0849733985977744
43,77,0,0.0247882720080917,-0.0875677961146718
43,78,0,-0.0732447332288939,-0.131465045115478
43,79,0,-0.00489024030575166,-0.116598998259958
43,80,0,0.0462906760778144,0.165020480082032
43,81,0,0.0262343857487949,-0.0277213546644801
43,82,0,-0.0726651520150485,-0.0391772680740356
43,83,0,0.000900078167324862,-0.101332832606952
43,84,0,-0.0397856902067645,0.00629454686344311
43,85,0.123662576039874,-0.133945285085922,-0.199229997310733
43,86,0.114577411445252,-0.0162085179272273,-0.133354286903613
43,87,0.117769124117468,0.0400079694918835,-0.144808284998407
43,88,0,0.0176903453379359,0.0613224552651623
43,89,-0.121561994428185,0.0388373791043817,0.138413137476353
43,90,0,0.0469571871965601,-0.0948980565045074
43,91,0,0.0570028738057048,0.109295887291635
43,92,0,-0.00423215275249926,-0.0681875753763211
43,93,0,-0.0454303071032587,-0.0125666585228731
43,94,-0.11871963855032,0.0240500852968105,-0.0940925789706091
43,95,0,-0.0294469824708868,-0.0376589628642856
43,96,0,0.0108817643107101,0.0403609456338121
43,97,0,0.00845725417942109,-0.067852661916928
43,98,0,-0.0335293291319524,-0.0205875192463392
43,99,0,-0.0357048671934322,0.0363572858064695
43,100,0,0.0541491553827013,0.0393806933065361
44,1,0,0.0255965605599529,-0.0478887897169412
44,2,0,-0.0837824278877854,0.0115756081177628
44,3,0.119982088271729,0.0267867616874645,-0.0399605596378771
44,4,0,0.062109019786411,0.087347055278995
44,5,0,0.014375154374382,-0.00530136382460502
44,6,0,0.108882933435069,0.00747226258600145
44,7,0,0.116540875926951,0.107629741298323
44,8,0,0.0121755833680477,-0.0109138440558193
44,9,0,0.0212243707216353,0.0324404809931705
44,10,0,-0.00867300819791936,-0.104100013754873
44,11,0,-0.0920434097121894,-0.073886106870725
44,12,0,-0.0411773790165401,-0.258341190566825
44,13,0,-0.0106314532380714,-0.0110964130536614
44,14,0,-0.0379915795416057,-0.182878349635501
44,15,0,-0.0198576974118924,-0.0176500989808579
44,16,0,0.00532995610151936,-0.142908902499665
44,17,0,-0.0453852137320177,0.041255528845467
44,18,0,-0.098581239166417,0.148478155607987
44,19,0,0.01199188986053,-0.199756831989082
44,20,0,0.0767138723338841,-0.109085272210549
44,21,-0.125277001310539,0.113992193068893,0.230462109904642
44,22,0,-0.0718379809463683,-0.0426073610413232
44,23,0,0.0410058686913122,-0.128528595902324
44,24,0,-0.0182073246647396,0.0694447983974844
44,25,0,-0.0311906093390251,0.0713024261715605
44,26,0,-0.0303692075011847,-0.295758822537475
44,27,0,-0.0587957394182956,-0.0450183066523645
44,28,0,-0.0295217076610164,0.0880228258694404
44,29,0,-0.00334345484653317,-0.16643328750016
44,30,0,-0.0102452879652271,0.111197237793974
44,31,0,-0.0275884151946433,-0.133355669995845
44,32,0,-0.162535027320215,0.0255727637793208
44,33,0,-0.0149486797563341,-0.154046078007396
44,34,0,0.0158424209076212,-0.0296515611838253
44,35,-0.124459330264793,0.0371817022057321,0.10677836516887
44,36,0,-0.199447537882239,-0.373339263060459
44,37,0,0.0991772161435454,0.470607630503907
44,38,0,0.0357514856133838,0.119695975258356
44,39,0,0.0551211127474064,-0.0101674306593271
44,40,-0.132147387023821,0.00781557885627245,0.184835429425702
44,41,0,0.00268439479334203,-0.0479637394298598
44,42,0,-0.036698593164413,-0.108802308450752
44,43,0.125484688469556,0.0448836454537601,0.0196671675000785
44,44,-0.903900491539389,1,1
44,45,0,-0.0273690230156294,0.0460335044940691
44,46,0,0.0931156609858144,0.11389369843455
44,47,0,0.0196766617420286,0.228777140472465
44,48,0,0.00995950794712246,-0.00987847341183204
44,49,0,0.0815440647965373,-0.0932052015976314
44,50,0,0.0528353389572182,-0.445671440747791
44,51,0,0.0240827704732549,0.0885012286289585
44,52,0,0.0348077627889386,0.170532703462366
44,53,0,-0.0189651795666183,0.0497311196310695
44,54,0,0.0056927293353796,-0.0146720457233583
44,55,0,-0.045212446604204,-0.0204634712745886
44,56,0,-0.0278068105563666,-0.243232151651284
44,57,0,-0.0435592886613643,-0.0388106557284729
44,58,0,0.00940627779111554,-0.0524660356370851
44,59,0,0.0342482234601565,0.133892707320121
44,60,0,-0.0492103247748547,-0.0519956431513715
44,61,0,0.0603832390465226,0.000272847664376109
44,62,0,0.0028331077851332,-0.176572586535652
44,63,0,-0.0654052020934847,-0.0648869575465616
44,64,0,-0.0992156242712053,0.0390419408836299
44,65,0,-0.0206653503714536,0.0769521789054806
44,66,0,0.111669173669065,0.247994936067602
44,67,0,0.0169942408274361,-0.16604184701045
44,68,0,-0.0239787110468647,0.07165808324157
44,69,0,-0.0288014561735425,-0.178298203664164
44,70,0,-0.044184155607528,0.00214130008650047
44,71,0,-0.0095641236199676,-0.0615781855615435
44,72,0,-0.00694606321931298,-0.000680756183776208
44,73,0,-0.183603152058939,0.0256167904462409
44,74,0,0.0238256998040961,0.0444717308460264
44,75,0,-0.125511058541647,-0.0721111259524503
44,76,0,-0.0624605410856976,0.0264360629233576
44,77,0,-0.00414472692993448,0.0444247685780434
44,78,0,-0.0703604154637085,-0.143934653463776
44,79,0,0.0443003748073202,-0.0544879152816756
44,80,0,0.103354352030656,0.13186971026728
44,81,0,-0.0403932281532563,-0.0865045365524568
44,82,0,-0.0116985283154565,0.0391075477828645
44,83,0,-0.0138623624993624,-0.0723931456537971
44,84,0.114527040094195,-0.0106413521081273,-0.0854635140891563
44,85,0,0.0124745015371916,-0.0121277826508776
44,86,0,-0.00967236494432783,0.0838243868781217
44,87,0,0.000296179682705074,-0.0035413582448002
44,88,0,-0.0418793608587583,-0.087210697086628
44,89,0,-0.0142039186573243,-0.0692136489186332
44,90,0,0.0233927528822364,0.109846048762443
44,91,0,0.0765129392153992,0.241913184081477
44,92,0,0.0568235968556273,0.16715907109681
44,93,0,0.0137459161360449,-0.00496451267839538
44,94,0,0.0155070082754581,-0.11999637549322
44,95,0,0.0580776475188856,0.106567143916975
44,96,0,0.0297714291575352,0.0848149376091885
44,97,0,-0.0161086431538203,-0.15169245300715
44,98,0,0.0613165754455142,0.0738236407071564
44,99,0,-0.00484786037931727,0.0638758013404995
44,100,0,-0.154245042165246,-0.159401671399999
45,1,0,0.103947424183479,0.193868467866943
45,2,0,-0.0276924748729791,-0.0114215315222581
45,3,0,0.0008039474295388,-0.134129942298178
45,4,0,0.00875683209794793,-0.123925541998235
45,5,0,-0.0172386745010649,-0.0753419724852534
45,6,0,0.00306881021773803,0.00618284738524085
45,7,0,-0.0417995698932531,0.115572514450579
45,8,0,-0.0527064845077889,-0.0297116268224003
45,9,0,-0.0864758589819695,-0.0885369024377267
45,10,0,-0.00242097769988787,-0.0419384367765847
45,11,0,-0.0651429318454034,-0.110887177255299
45,12,0,-0.0345092767131145,-0.0913694865030171
45,13,0.129518579428455,0.0935924597452252,-0.0219853769564081
45,14,0,0.0242252898204941,-0.0611792554377905
45,15,0,0.107962020124051,0.0591533551579397
45,16,0,0.0729962826215977,-0.114213719529621
45,17,0,-0.00469963715722403,-0.0161448978109838
45,18,0,0.0900289556693111,0.116812709172025
45,19,0,0.0739961170906775,0.0325854248045897
45,20,0.134839257928777,0.0644965739762888,0.170132674930772
45,21,0,-0.0112972313389112,0.0486628646613292
45,22,0.119788916625118,-0.0489416634484901,-0.00866477809614373
45,23,0,0.0117998004123265,0.00310998437308672
45,24,0,0.0168928431859079,-0.0712532646654193
45,25,0,0.104236278693234,0.0816135425218394
45,26,0,-0.0095333285719688,-0.0479803560270302
45,27,0,-0.0820002358215442,-0.119131667424564
45,28,0,0.18692235730234,0.0587080058267186
45,29,0,0.00385288006160215,0.0553795875070896
45,30,0,-0.0211653415234775,0.0242971450239518
45,31,0,-0.220983006352891,-0.104885531411221
45,32,0,-0.063478046225725,0.101042029137946
45,33,0,-0.0698418263265338,0.0339360164665012
45,34,0,-0.252699441122715,-0.199742078445151
45,35,0,-0.164045021823144,-0.233182302575163
45,36,0,0.0855934671368677,-0.01390516680435
45,37,0,0.0997789488963592,-0.0526137249530306
45,38,0,0.0946419872002748,-0.0393509757944828
45,39,0,-0.214265427837772,-0.0527993023920958
45,40,0,0.0147780004257562,0.00744891346428557
45,41,0,0.0393087669041874,-0.0222368628258114
45,42,0,0.0410423908501399,-0.0743372957729061
45,43,0,0.0450253246062327,-0.0497301468017267
45,44,0,-0.0273690230156294,0.0219158458049404
45,45,0,1,1
45,46,0.120888085683422,-0.0180980231142487,-0.0289429903651334
45,47,0,-0.0260922586826325,0.0360985476780235
45,48,0,0.0806292389528418,0.104295121619114
45,49,0,0.0941390262016773,0.125092183470352
45,50,0,-0.082884251484383,-0.262638023933354
45,51,0,0.148285908454139,0.118154844622287
45,52,0.117967407152503,-0.0738486126462849,-0.122984490748015
45,53,0,0.157319632307773,0.238458121974431
45,54,0,0.0580618933014285,0.0291682066633539
45,55,0,0.0615757645763792,-0.0179823790297208
45,56,0,0.0618310653850181,0.171475156890609
45,57,0,0.00977469863846645,-0.0892241589660353
45,58,0,0.0106256623958298,0.229347264389838
45,59,0,0.0750023207825776,0.125588435459384
45,60,0,0.0653320275739241,-0.152250655932742
45,61,0,-0.0759810405394383,0.154099909624623
45,62,0,0.0162648855556646,-0.179990167898523
45,63,0,-0.000407069004740353,0.126842402137562
45,64,0,0.0404106846658998,-0.116238478431548
45,65,0,0.106094122918593,0.120559235643851
45,66,0,0.0507581892062314,0.111261536574419
45,67,0,0.0606598253352577,-0.0898562141448525
45,68,0,0.05735494019391,0.139177124994903
45,69,0.115614705862608,-0.0461378315614262,-0.00734019511554498
45,70,0,-0.0833352977662998,-0.262819103296815
45,71,0,-0.180899997739681,-0.070946047362808
45,72,0,-0.0559083384816606,0.00167827644930888
45,73,0,-0.0537568746771635,-0.176862269742687
45,74,0,0.0859188948974199,0.106781458729443
45,75,0,-0.0320367680438561,-0.0436522233377164
45,76,0,-0.0718018721848669,-0.182912816943633
45,77,0,-0.015160385077632,-0.00769638293931178
45,78,0,0.0673846368664584,-0.0891582931223396
45,79,0,-0.0393092358064196,0.0248220036849889
45,80,0,-0.197046472480509,-0.182078584021627
45,81,0,0.0312233871897768,0.178039669581084
45,82,0,0.025977528959985,0.0788212259298442
45,83,0.132306945381527,-0.0605834320355514,0.0521134374195295
45,84,0,-0.195829906973192,-0.102137149670002
45,85,0,0.115275643024275,0.0918436123153349
45,86,0,-0.0428224286588577,0.0381700097775594
45,87,0,0.0692086117274587,-0.00911219326770801
45,88,0,-0.0717186296803048,0.010636845259264
45,89,-0.117417984872104,-0.134928050532081,0.0807130167617055
45,90,0,0.0636766799286195,0.0984311003976999
45,91,0,-0.0375207147353346,-0.163535744252002
45,92,0,-0.0556220167681387,0.0192687710218606
45,93,0,-0.0495427745718951,-0.196349893701028
45,94,0,-0.0375806648686788,0.00598608789774839
45,95,0.11378414454906,-0.21670336068203,-0.189998684043915
45,96,0,-0.046606415019364,-0.0542495037404094
45,97,0,-0.0596261982135536,-0.172937110085757
45,98,0,-0.0102595535555584,-0.110239369580614
45,99,0,-0.0540212505622477,-0.104226719068629
45,100,0,0.0543301825254818,-0.0465773945868722
46,1,0,0.0985136766108386,0.171137255137426
46,2,0,0.0681147523827154,0.156917631308167
46,3,0,0.00136378404069841,-0.0453270880991007
46,4,0.131588609044004,0.0334231808344247,0.0912501667596415
46,5,0,0.0191826775975081,0.149773852343204
46,6,0,0.0563866386443523,-0.0119940321363301
46,7,0,0.139669052528256,-0.00913014305659252
46,8,0,-0.10135119196603,0.0287991345209933
46,9,0,-0.0962139886871601,0.0684178520662482
46,10,0,-0.060400755484421,-0.126660377672772
46,11,0,-0.0825679059682288,-0.0204643213093249
46,12,0.119509398837559,-0.0567276592403169,-0.14346549691473
46,13,0,-0.044241113759812,0.115213459741711
46,14,0,-0.03080440678925,0.0386422985411118
46,15,0,-0.047262454045737,0.0711503237713249
46,16,0,-0.0736195101018934,-0.0406772496877297
46,17,0,-0.0401206469128688,0.00211590207138417
46,18,0,-0.14091431347338,-0.0481512274820984
46,19,0,-0.0328799486128012,-0.25196934412822
46,20,0,0.0695753979207593,0.105328015664885
46,21,0,0.101779394287647,-0.00558934867465148
46,22,0,-0.0607719245454736,-0.125969219609121
46,23,0.12480373662951,-0.00900793513610514,0.0710415248034808
46,24,0,-0.0472099741569445,-0.0351238860255285
46,25,0,-0.0477986900820746,-0.11026625169393
46,26,0,0.0216170210057192,-0.0166712122096075
46,27,0,-0.0751146247547791,-0.0681923523502448
46,28,0,0.0035219243101693,0.0971447047739569
46,29,0,-0.0163166967804738,0.0459103719962699
46,30,0.130180425485564,-0.0166658609502335,0.0236830662948733
46,31,0,-0.109631505779147,0.0703431147691581
46,32,0,-0.159581072423679,-0.127016523474596
46,33,0,0.0211378863864217,-0.0561877899692929
46,34,0,0.0596592702142326,-0.0963314482660229
46,35,0,0.0501009506981737,-0.0556375165902634
46,36,0,-0.0552529433595052,-0.126646318689623
46,37,0,0.0843512513331869,0.206630472445329
46,38,0,0.0954316184807531,0.105897513788469
46,39,0,0.0405886674127337,0.0862356154379827
46,40,0,0.00750174117872863,0.119199184044091
46,41,-0.124222981091906,-0.00963672483567024,0.195245075322617
46,42,0,-0.0289134604895083,-0.0999697617261414
46,43,0,-0.00636640741805166,-0.0198847780326595
46,44,0,0.0931156609858144,0.0645397223003343
46,45,0,-0.0180980231142487,-0.0344497915988218
46,46,0,1,1
46,47,0,-0.0327246584158122,-0.01906315667197
46,48,0,0.019162622687568,0.0161487294700758
46,49,0,0.0969089559535596,0.189642481281868
46,50,0,-0.0345807010327776,-0.115982521236465
46,51,0,0.0267442574934769,0.0798535078680998
46,52,0,0.0540096342283286,0.130866981502384
46,53,0.126407403018919,-0.0131177559421512,0.0832407861987455
46,54,0,-0.16876603093159,0.013382540127544
46,55,0,-0.0675698108610861,0.0734519416585676
46,56,0,0.00839084737384033,-0.0291163117278249
46,57,0,-0.00133171803723811,0.141556792527762
46,58,0,-0.0896445930090343,-0.0219676707110945
46,59,0,0.00663291936055669,0.0571494656786831
46,60,0,-0.0793495563655555,-0.136191495365334
46,61,0,0.0839010916235112,0.0548595614724027
46,62,0,0.0284549849735989,0.120603124498489
46,63,0,-0.169229005069308,0.00775921686370114
46,64,0.118531672363109,-0.0739969327657978,-0.107394033174756
46,65,0,0.0672249091600825,0.14066552311473
46,66,0,0.000168685091135158,-0.0132649792469764
46,67,0,-0.0378450413473482,0.0220191915772208
46,68,0,0.0451688041408893,0.00890957488218501
46,69,0,-0.0754699383637044,-0.107025893101556
46,70,0,0.0262552764386799,0.0285764908078331
46,71,0,-0.128483900148203,-0.304637339974876
46,72,0,-0.0186113989149523,-0.0004802678571231
46,73,0,-0.152339208187341,-0.0883346601444066
46,74,0,0.0646548911029564,-0.138404305965849
46,75,0,-0.0465419549390879,-0.198113370637341
46,76,-0.120888349639518,0.00712611029422577,0.102020888803695
46,77,0,-0.0461260343294512,0.0516065944995325
46,78,0,-0.0594918747800631,-0.187346005156055
46,79,0,0.0491269607307261,0.0145182246496768
46,80,0,0.122208389263707,0.00657213487690542
46,81,0,0.0165516416510415,0.0608637283485165
46,82,0,0.0246199662765465,0.0488136393140238
46,83,0,-0.00958985727922417,-0.083032441371299
46,84,0,-0.0312526164089531,-0.054368278734092
46,85,0,-0.0362877923342159,0.10650890123679
46,86,0,-0.00238222261858395,-0.26162484036543
46,87,0,0.0460855332050179,0.122756716505623
46,88,0,-0.0794755019632407,0.0165577594087506
46,89,0,-0.00960150076536003,0.127533349736561
46,90,0.127666426940116,-0.120453293369465,0.0896231844158518
46,91,0,0.0250834419798073,0.0316799401237534
46,92,0,0.0800260439434666,0.000866736609776366
46,93,0,0.0442363543560391,0.0797757143788987
46,94,-0.11843607174021,-0.137727637316813,-0.128765814983753
46,95,0,0.0398387782742312,0.047638296507222
46,96,0,0.083879518385616,0.0203549662457347
46,97,0,-0.0901066079355053,-0.0964672405658653
46,98,0,0.116448323761771,0.0584933315157416
46,99,0,0.0405624444810188,-0.0284386305474518
46,100,0,-0.261781256891176,-0.17574824822249
47,1,0,-0.0181814127195734,-0.0481420096747825
47,2,0,0.0268516645896035,0.122609130416816
47,3,0,-0.0379910248809538,0.122989476816626
47,4,0,0.0307501609936728,0.0111641749372326
47,5,0,0.00894213109316682,0.128611230235269
47,6,0,-0.0469004770332852,-0.142023122978424
47,7,-0.118954292398341,0.0198481925844009,-0.0720593763296099
47,8,0,-0.0280505949787762,0.0442704941687371
47,9,0,0.000303946897925449,0.0101255796133963
47,10,0,-0.0410033514053355,0.00316446419557425
47,11,0.115407986586081,0.0651121785997412,0.216651173949817
47,12,0,-0.0469353835724352,-0.102086510867734
47,13,0,0.0208717715438307,-0.0558698761325363
47,14,0,-0.00483258750628581,-0.0620192871932682
47,15,0,0.0066592277738206,0.0241851315469103
47,16,0,-0.185446486564614,-0.053502134245724
47,17,0,0.0307117688720154,0.023040981902207
47,18,0,0.00761220937655234,0.0171868302051308
47,19,0,0.00628706827315723,-0.0562403599743775
47,20,0,-0.00529303021745008,-0.00140901061835665
47,21,0,0.0165685002289479,0.00892998698114821
47,22,0,-0.0191579334734758,-0.0185301839458983
47,23,0,-0.09934796016825,-0.107852299684865
47,24,0,-0.094369023555163,-0.0644771364558405
47,25,0,-4.48084998426134e-05,0.132145249573609
47,26,0,0.0153899588892364,-0.047049722564359
47,27,0,0.0521528567168471,-0.00608241777963791
47,28,0,-0.0422374097746457,0.0372413126669924
47,29,0,0.0237639362918845,0.0109279176844493
47,30,0,-0.0210847271793669,0.0711409282154322
47,31,0.120694375764877,0.108254403846541,0.0199385342583456
47,32,0,0.0362549916506278,0.171006725714717
47,33,0,-0.0137628513704463,0.00799064091527967
47,34,0,-0.0356235392598396,-0.167693291119053
47,35,0,-0.00582367269218831,0.00375177740447043
47,36,0,-0.118671535561641,-0.163027205065274
47,37,0.117310258838614,0.0579816823226805,0.129068771622398
47,38,0,-0.0199730899675949,0.110222929160989
47,39,0,0.00092622199089776,0.0932440449969433
47,40,0,0.024033975782823,0.0493609966976523
47,41,0,0.00312167954319636,0.0715312717010982
47,42,0,0.0367494153390214,0.0159619502003902
47,43,0,-0.02298815115879,-0.0273220484340506
47,44,0,0.0196766617420286,0.098669079640723
47,45,0,-0.0260922586826325,0.0327019749857531
47,46,0.115283482606104,-0.0327246584158122,-0.0145089462069596
47,47,0,1,1
47,48,0,-0.0272804057329646,0.0764455609103047
47,49,0,0.042689791849438,-0.0404305298546041
47,50,0,0.0130810227883928,-0.0745746996319712
47,51,0,0.0295572434385394,0.0142936536382675
47,52,0,0.0259194247080757,-0.179065006599925
47,53,0,-0.0312930022440315,-0.0723433282112481
47,54,0,0.0451382893397049,0.0418038856269943
47,55,0.11873311858146,0.020842183642,0.0157040298439066
47,56,0,-0.0033405119553127,0.0241426116897673
47,57,0,0.0277821348789866,0.0246606596536397
47,58,0,0.0906932507468532,0.0589304478387114
47,59,0,-0.0422822356234521,-0.0417890570031276
47,60,0,0.0170041265949767,0.0356707720027751
47,61,0,0.0231703156233062,0.0321975096639306
47,62,0,-0.00528124901995348,-0.157531448593041
47,63,0,-0.0137626401744273,0.0341473634435708
47,64,0,0.0189944268015417,0.0897582762055586
47,65,0.121927638654034,-0.0106552870306983,0.0354421291631315
47,66,0,0.0172803195243268,-0.129240615176723
47,67,0,0.0310379107227928,-0.0690494366948818
47,68,0,-0.00118735208781619,0.131218604670398
47,69,0,-0.00779684024891378,-0.0825603839971727
47,70,0,0.031844321009823,-0.171253258860613
47,71,0,-0.0284486478905778,0.0540197726386312
47,72,0,0.00383588132076155,0.0268754090830645
47,73,0,0.0915008135591889,0.0738303645995409
47,74,0,-0.0657858319815682,0.0508400786068607
47,75,0,0.00258917759522334,0.138506671952098
47,76,0,0.0710136783306871,0.0667510474203057
47,77,0,0.08013606788323,0.0953304976592095
47,78,0,-0.0133150638187876,-0.0559112037156593
47,79,0,-0.00747050962629379,0.0872012829548578
47,80,0,-0.0283598926401816,-0.0351016515847447
47,81,0,0.0444743072955153,-0.0363945962693818
47,82,0,0.0133446347543798,-0.00850038446579173
47,83,0,-0.0308770747940362,0.0282811994010048
47,84,0,0.00416701777411237,0.0495982714763093
47,85,0.121282541671578,0.0164674370775473,0.0793642252417112
47,86,0,-0.031148368542687,-0.0904771307991065
47,87,0,-0.0852575913726986,0.00729759794950533
47,88,-0.119326972445384,-0.0132188567615837,-0.0146773696238058
47,89,0,-0.0147422137789152,-0.0357244639585943
47,90,0,-0.0341745530179983,-0.0400195660978676
47,91,0,-0.00106984159007426,0.0215690464275753
47,92,0,0.0399641942652227,0.0871489005296101
47,93,0,0.0644638238273365,0.0448859498719814
47,94,0,0.00202273842079918,-0.0890892015331392
47,95,0,0.0334020549887173,-0.00210643211171461
47,96,0,0.00608884632132557,0.015350753610363
47,97,0,-0.0205564968059516,-0.00976804321653536
47,98,0,-0.0156970716512266,-0.0496784368462358
47,99,0,0.0672245765770452,-0.0105370857436085
47,100,0,-0.00712202303733913,0.0402937693201494
48,1,0,0.0265011018346041,0.222215332234717
48,2,-0.129337137996576,-0.0322961169165703,0.201580197759269
48,3,0,-0.0169991464288449,0.0943496149636044
48,4,0,0.0245201214784427,-0.312968385883616
48,5,0,-0.120063377718788,0.0254420781674364
48,6,0.128215567483767,-0.00786963729286522,-0.221233708182558
48,7,0,-0.12563711457444,-0.0580457013198483
48,8,0,-0.015211594343929,-0.110314934387161
48,9,0,0.00889327749938525,0.167947154705186
48,10,0,0.00128408114633724,-0.0567512272552197
48,11,0,0.0139053526956674,0.118392154389446
48,12,0,-0.0293493821114889,0.0268088848917211
48,13,0.136051764872508,0.0437734998839464,-0.074905909739359
48,14,0,-0.126821560662812,-0.108075682437744
48,15,0,0.0251405764678767,0.0518562412984173
48,16,-0.125455759851059,0.00180474445124891,0.151034998469617
48,17,0,-0.0100925980471962,-0.0299419673255551
48,18,0,0.07810509107596,0.153889027811162
48,19,0,0.0109038284827956,0.0888292699698747
48,20,0,-0.00290985415419906,0.207601285152054
48,21,0,0.042237228346294,0.157226638122988
48,22,0,-0.114882202394242,0.015392264632928
48,23,-0.13351978500809,0.0296368935950694,0.123599940092825
48,24,0,0.0291388513686962,0.0491792232932469
48,25,0,0.00961615510677801,0.201123618457053
48,26,0,-0.00257906432807042,-0.0093304145955604
48,27,0.135546431951292,-0.0542656156273535,-0.163047194953306
48,28,0,0.0332047150839165,0.168764250942989
48,29,0,0.0221753099674993,-0.200514360386204
48,30,-0.139271971276734,-0.0369576860519824,0.0404146982580589
48,31,0,-0.0299331254477447,0.17067226382001
48,32,0,0.0436554830828365,0.11498310338315
48,33,0,0.0171847930900408,0.181342588173029
48,34,0,-0.0786842540553072,-0.285957087070143
48,35,0,0.00791067812352483,-0.216020890892043
48,36,0,0.0938793380808464,0.104844135843256
48,37,0,0.0282288810598113,-0.20931438635773
48,38,0,0.00735129048952707,0.00935180907247295
48,39,0,0.0239541817802159,0.172842154188788
48,40,0,-0.12064982766901,-0.0396105946615105
48,41,0.132898470641892,0.0741584836635593,0.232993503364235
48,42,0,0.0033515570908616,-0.00505684185469641
48,43,0,-0.00342992917898695,-0.068309718128523
48,44,0,0.00995950794712246,-0.0120032813253077
48,45,0,0.0806292389528417,0.266188903340913
48,46,0,0.019162622687568,0.0346274979534783
48,47,-0.123334655101275,-0.0272804057329646,0.215374345848151
48,48,-0.958778000436723,1,1
48,49,0,0.0176800925387941,-0.0116593058101502
48,50,0,-0.0795119915202454,-0.198282526638643
48,51,0,0.0407568967271016,0.312663579127694
48,52,0,0.0334879482426055,-0.00468969169660226
48,53,0,0.0201798211939032,0.0298060403523951
48,54,0.115666527197874,-0.0224952294489668,-0.0980371361117878
48,55,0.11270657977459,0.0664577721931838,-0.0748333693453556
48,56,0,0.060582228668943,0.249763406289737
48,57,0,0.024936744241911,0.0704663292058337
48,58,0,0.0189448316460644,0.0763912063835917
48,59,0,0.0898161014275308,0.226857483354011
48,60,0,-0.108780667709881,-0.153294722802124
48,61,0,-0.00827965096888922,0.0230264527413439
48,62,0,0.00663843459966855,-0.268861603521548
48,63,0,0.0779718453222439,0.131115660556398
48,64,0,-0.0144989500242776,-0.132705000358336
48,65,0,0.0659882105771766,0.00307222942039393
48,66,0,-0.0718417401272229,0.209477996344032
48,67,-0.109909887516858,-0.0151949938162508,0.0221410022973727
48,68,0,-0.100544087943349,0.106689716433866
48,69,0,-0.167768194011872,-0.244793259674697
48,70,0,-0.0517935179821823,-0.326217629228803
48,71,0,-0.0481067691538136,0.0342678439500385
48,72,0,-0.127162704618268,0.0634515859053487
48,73,0,-0.115697253031608,-0.241790928583389
48,74,0,0.12229900634175,0.306769381879414
48,75,0,-0.15436568889966,-0.282313752694624
48,76,0,-0.00309888014587738,-0.0885011344160088
48,77,0,0.0658768875531652,0.218526142532031
48,78,0,0.0295248990251107,-0.406160374985568
48,79,0,-0.116839920987393,-0.194468530884244
48,80,0,-0.0232139608567616,-0.0604636690444885
48,81,0,-0.00229450826370238,0.135367804119009
48,82,0,-0.0164979717587226,0.0899299626517436
48,83,0,0.0128005647232253,-0.0376932530120788
48,84,0,-0.128534602391845,-0.276821349348489
48,85,0,-0.00170568797057083,0.0217761208017167
48,86,0,-0.00231076535485617,-0.0455813344873273
48,87,0,0.00526755236333113,0.0143516586856377
48,88,0,-0.0223214983921523,-0.148754787922372
48,89,0,0.0283931720120532,0.266660690769503
48,90,0,0.0680874732083237,0.000311390696108008
48,91,0,-0.131983499390251,-0.135846307196573
48,92,0,-0.0142961778672517,0.027478457288234
48,93,0,-0.00850205788322762,-0.0386658483996968
48,94,0.11052485712079,-0.00668347783022659,-0.0657177650678462
48,95,0,-0.132018609496451,-0.0494991958748597
48,96,0,-0.107819141510383,-0.199585998063501
48,97,0,-0.0460373200504376,-0.0323788713590308
48,98,0,0.00589198855965188,0.163701143661983
48,99,0,-0.00930651715477583,-0.281199974896349
48,100,0,0.00149620547220472,0.0212395864326063
49,1,0,0.0694810287709714,0.12794411744968
49,2,0,0.0481136651899839,0.140296967788929
49,3,0,0.0485641932174095,-0.0955151374880627
49,4,0,0.0344367137014212,0.131351312797159
49,5,0,0.0173415925785322,-0.110869202152406
49,6,-0.12309424194034,0.0780371249878984,-0.0932598492378977
49,7,0,0.0639938556513932,0.0287609184437696
49,8,0,-0.0536472086473857,-0.108763475344139
49,9,0,-0.0360459695266077,0.0836079741743071
49,10,0,-0.118521725263387,-0.127945430076704
49,11,0,-0.220050376277339,-0.0506850700454258
49,12,0,-0.119785870792484,0.00655404504046738
49,13,0,0.045449420385384,0.181377446978339
49,14,0,-0.0133149693764355,-0.0385252583769794
49,15,0,0.0510343825209989,0.132933370157529
49,16,0,-0.0404790857904391,-0.00815062209249131
49,17,0,-0.0251482281955832,0.0752715856696475
49,18,-0.131517913807064,-0.0797049765978326,-0.106198778282417
49,19,0.132555641026093,0.0634683561838217,0.00583114415752069
49,20,0,0.144989053417651,0.0359436565292343
49,21,0,0.0736641655515967,-0.0554228866414028
49,22,0,-0.0397455978170262,-0.0244240395685772
49,23,0,0.0345912967004976,-0.0844254795945123
49,24,0,-0.0657181958772875,-0.130402341468497
49,25,0,-0.0115642466626291,0.121401563290128
49,26,0,-0.0151308507322233,0.199470421372004
49,27,0.130132289051987,-0.102597351183411,-0.171175974163254
49,28,0,0.0497115154159673,0.0525968951092468
49,29,0,0.0178758304145204,0.337591467450538
49,30,0,-0.0220034965502918,0.186410194806563
49,31,0,-0.0746534745730897,0.00234319720864941
49,32,0,-0.0379059747871073,-0.117511639161058
49,33,0,-0.0737710423655884,-0.514450633667901
49,34,0,-0.0613965357928599,-0.277423788779306
49,35,0,0.0452375940468772,0.0184073489439866
49,36,0,-0.0326448133098879,0.0265184520268726
49,37,0,0.16563689990149,0.0754752435911235
49,38,0,0.0589981304056457,0.160491609848326
49,39,0,-0.0319615542824871,0.0850552948885716
49,40,0,-0.028919423500374,0.155852184023242
49,41,0,0.00657252589389897,0.0575320803649511
49,42,0,0.061102643719255,-0.114077726698243
49,43,0,0.0641442663530153,-0.11935316629015
49,44,0,0.0815440647965373,-0.0698470432180489
49,45,0,0.0941390262016773,0.196903688507818
49,46,0,0.0969089559535596,0.25079340306562
49,47,0,0.042689791849438,-0.070250409329684
49,48,0,0.0176800925387941,-0.00719068757779472
49,49,0,1,1
49,50,0,-0.0204536806870792,-0.17229290988292
49,51,0,0.0937071657912368,0.177244990869967
49,52,0,0.0502531854617197,0.00717503716486026
49,53,0,0.0254033330781664,0.127303632702337
49,54,-0.121128219326696,-0.0170216532638234,0.00804741848670235
49,55,0,-0.0160772626467645,0.0484279304804958
49,56,0,0.0375573086938397,-0.0441669231841952
49,57,0,-0.117149742306394,0.0424110623481769
49,58,0,0.0133729330718555,0.0904924405946496
49,59,0,-0.00147432794962659,0.324163911302262
49,60,0,-0.0423404617252529,-0.148721788047067
49,61,0,0.0493909651253563,-0.132595236789382
49,62,0,0.0361878218849896,0.0312958322037309
49,63,0,-0.0636106810821563,0.229430991865148
49,64,0,-0.0406725100870332,-0.0310834617902852
49,65,0,-0.0144549614559794,-0.0337033902203091
49,66,0,0.127395461361942,-0.212371401148771
49,67,0,0.0413879146033508,0.0290057788478729
49,68,0,-0.00978100600866376,-0.180671423431466
49,69,0,-0.078569261495464,-0.0776719513970563
49,70,0,-0.0173511416439451,0.117178291211993
49,71,0,-0.220733779839404,-0.163680809027175
49,72,0,0.0609070197950381,0.0596951594962376
49,73,0,-0.177522836975397,-0.00220314034695715
49,74,-0.112387870099094,0.0997401292049875,0.103547527027147
49,75,0.125093474765228,-0.0910610539361435,0.124734183186295
49,76,0,-0.0955666795551684,-0.0107633165315865
49,77,0,0.0564997589616547,0.0595174504353314
49,78,0,-0.0240000087464582,0.0392380830309322
49,79,0,0.0582746437270046,0.0631298773650083
49,80,0,0.0627945078374584,-0.0570132276780981
49,81,0,0.00888894414001975,-0.119161535381303
49,82,0,-0.0189604929195624,0.0719134204834377
49,83,0,-0.0152524763728399,-0.0201865700844834
49,84,0,-0.0866846587997867,-0.446353087210872
49,85,0,-0.0305193213214013,0.0883845220580765
49,86,0,-0.0241079124520584,0.0531747047996776
49,87,0,0.047330998446375,0.0706207468511234
49,88,0,-0.0740710695208012,-0.0384241620041781
49,89,0,-0.0126931090510945,-0.0542381211321977
49,90,0,0.0247744161510224,0.0179011861339881
49,91,0,0.0184362963816779,-0.134730926550992
49,92,0,0.0512108917735629,0.0708458988353627
49,93,0,-0.0525503103865125,0.0435266958005653
49,94,0,-0.0458387970010081,-0.0807296809118389
49,95,0,-0.0168818577389955,-0.161009128987396
49,96,0.116527319822767,0.0449152396761219,-0.00524731674214769
49,97,0,-0.201988300274473,-0.188239119346732
49,98,0.12312252043679,0.0654336144664465,-0.103838625336607
49,99,0,-0.0150969015397059,0.0629172797775195
49,100,0,-0.0678239405346207,-0.124382745741903
50,1,0,-0.0676966093441691,-0.120307927346961
50,2,0,0.0262302273300617,0.0978760431581344
50,3,0,0.0376376618462161,0.107398350845671
50,4,-0.132756296951419,-0.00691580358766153,-0.0183159613433676
50,5,0,-0.00500630401043817,-0.0271623683647391
50,6,0,0.0891459623486132,0.0736301232972919
50,7,0,0.0330938408787479,-0.142412398868782
50,8,0,0.0413152707808458,0.0870816626916093
50,9,0,0.0708038617871517,0.125229555054075
50,10,0,0.0297743774530218,0.0893679774448601
50,11,0,-0.00422076101654755,-0.018816075898039
50,12,0,0.0440218672353703,0.16528065616224
50,13,0,-0.0371613360297216,-0.0479970038921099
50,14,0,0.0252226152090196,0.226508558623942
50,15,0,-0.0846519503350621,-0.0454501745862369
50,16,0,0.02581767052948,0.055107310198829
50,17,0,-0.0189512754935573,-0.000853300874286371
50,18,0,-0.158446070526718,-0.23183348997958
50,19,-0.130202712703933,-0.00156180358966346,-0.0494797579311222
50,20,0,0.0198886670374126,-0.058022962670969
50,21,0,0.0630902186384368,-0.149533082410317
50,22,0,-0.0166985220657713,0.0175473542795215
50,23,0,0.0235258196886212,0.166141057558812
50,24,0,-0.0302275787648393,0.00893233413406182
50,25,0,-0.0240464212840734,0.019724169016143
50,26,0,-0.0241371557121633,0.177073249701598
50,27,0,0.0265408569083693,-0.00588592081528889
50,28,0,-0.0684107060940811,-0.078456213116757
50,29,0,-0.0264205348214273,-0.0609317343694568
50,30,0,0.0271549985025905,-0.0887056809055668
50,31,-0.127070756058649,0.00945209174222305,0.0329893606268634
50,32,0,-0.0365205985489728,-0.0287331858155571
50,33,0,-0.0193603536222,0.162609600728314
50,34,0,0.0774074004429275,0.22344370487371
50,35,0,0.0712997743555458,0.0811858161577975
50,36,0,-0.203288581854048,0.152821309687801
50,37,0,0.00266266753623515,-0.04743874395397
50,38,0,0.023868794559241,-0.0470364078934249
50,39,0,0.0346657899948236,0.109959776451002
50,40,0,-0.0021271551616815,0.0343019092874524
50,41,-0.125325308063046,0.0427609825701585,-0.0223852306783561
50,42,0,-0.0514771782158634,0.218173990132589
50,43,0,0.0412863104799146,0.0628131072778713
50,44,0,0.0528353389572181,-0.233532135319328
50,45,0,-0.0828842514843829,-0.289071482797588
50,46,0,-0.0345807010327776,-0.107249924294613
50,47,0,0.0130810227883928,-0.0906055724303893
50,48,0,-0.0795119915202455,-0.085507880223268
50,49,0,-0.0204536806870792,-0.120473457781297
50,50,0,1,1
50,51,0,-0.175935907890357,-0.365552242258923
50,52,0,-0.0238056862615272,-0.0555402493276877
50,53,0,0.00122790116820127,-0.00549598659609502
50,54,0,0.0375082300613776,0.00912208937589921
50,55,0,0.00363965323779148,0.000804756814111624
50,56,0,-0.0379465094853324,-0.0792249624278802
50,57,0,-0.0144042444956413,0.0312465540550654
50,58,0,-0.0430565855259052,-0.2536983236985
50,59,0,-0.0492361514875814,0.0385986491823661
50,60,0,0.00438783463241257,0.0728746230827335
50,61,0,-0.0923533127228923,-0.228186477532352
50,62,0,0.0375533060029009,0.10680402072459
50,63,0,-0.0134494198742139,0.126686865318276
50,64,0,0.00263700719705377,-0.0952099973581761
50,65,-0.122167173636251,-0.187762532987868,-0.181769046397952
50,66,0,0.0381521004689303,-0.161718015478848
50,67,0,-0.0185706613069889,0.0422476501265331
50,68,0,-0.0388342842497815,-0.00320347040904508
50,69,0,0.0822677184758201,0.108264722978827
50,70,0,0.0383874803267503,0.0956690598976814
50,71,0,0.0600622492013026,0.0686284171691669
50,72,0,0.0335902838209362,0.00067488926506109
50,73,0,-0.0339283445601963,0.0743094102276597
50,74,0,-0.00699129983864487,0.0837330411122691
50,75,0,0.0467281584204118,0.063306063777751
50,76,0,-0.0422861870065452,-0.0207397003322135
50,77,0,-0.0275654273871706,-0.13806706268508
50,78,0,-0.0456723373124278,0.111496233400074
50,79,0,0.0193863088729691,-0.0342601893260357
50,80,0,0.107900705779927,0.168952515674604
50,81,0,-0.010876901177177,-0.158108799584461
50,82,0,-0.0427487600415494,0.00578124860306981
50,83,0,0.0140792562624007,-0.0110898154279065
50,84,0,0.0427574501992217,0.194722105070297
50,85,0,-0.0203724482824037,0.0444007107679537
50,86,0.112592994697665,-0.0107199843277245,0.097492039838582
50,87,0,0.0166086616514316,0.105053074601518
50,88,0,0.0267540617040414,0.142712668938685
50,89,0,0.0171301646880637,-0.100227789156628
50,90,0,0.0175034192947561,-0.0763461983425538
50,91,-0.124634354111818,0.0925143863672373,-0.0474374506032565
50,92,0,0.0209546123374902,-0.111700821471871
50,93,0,0.0155572108332429,0.0533982036896515
50,94,0,0.0289869544408155,0.0326522013350514
50,95,0.115759677154713,0.0781999722853464,0.0187046131182591
50,96,0,0.0098707199121891,-0.0877725826758352
50,97,0,0.0399864970015029,0.0628245230209592
50,98,0,-0.0113888914708861,-0.0276165137641125
50,99,-0.117805097099457,-0.0127047360373727,0.00746334605956056
50,100,0,-0.00175540200224614,0.149345509469321
51,1,0,0.140879055090921,0.182816333272218
51,2,0,-0.160889707795222,-0.0311943650524171
51,3,0,0.00342393281318775,0.0154639265493152
51,4,0,0.0418292887420382,-0.170463797363921
51,5,0,-0.0126121932072385,0.0368789447211602
51,6,0,-0.0425514997694311,-0.0865191243172422
51,7,0,0.00181826412275633,0.0372532410989635
51,8,0,-0.0844876107208793,-0.0262750917597919
51,9,0,-0.0300494595271706,-0.0405950808333869
51,10,0,-0.14039764543713,0.0313165427749526
51,11,0,-0.0581733351945917,0.00416952056294756
51,12,0,0.00180890307954431,-0.0855598301324118
51,13,0,0.0943627718552512,0.0588848215558491
51,14,0,-0.120196662560126,-0.0699349437322936
51,15,0,0.0739920716839075,-0.0115160058545868
51,16,0,0.0173311986178419,-0.0598619202222636
51,17,0,0.0218425475082363,-0.0419139010348877
51,18,0,0.0665938948176366,0.147576452398004
51,19,0,0.078816620962587,0.00102160832170798
51,20,0,0.0281733857493894,-0.144702188897419
51,21,0,-0.00563863562271714,0.022317185869489
51,22,0,-0.0221773276897359,0.126110451347506
51,23,0.128375174711664,0.040546004934338,-0.0800745593183246
51,24,0,-0.107771856435049,-0.0328256115285081
51,25,0,0.00998490375037503,0.0446517933575651
51,26,0,-0.0103500502190618,-0.161023001860343
51,27,0,-0.0519402796778247,-0.00877209267701803
51,28,-0.129776417683881,0.0978146226055751,0.0424857710305277
51,29,0,0.0220430020192713,0.0217990382000857
51,30,0,-0.0408107226503821,-0.0729129477839631
51,31,0,-0.104400500678672,-0.108509404408831
51,32,0,-0.0520459752290975,0.0527699843296957
51,33,0,-0.000559895021537327,-0.0434406609233825
51,34,0,-0.12880879298272,-0.208773678375127
51,35,0,-0.209514951760822,-0.142182467817539
51,36,0,0.0800583932586838,0.0244207137987826
51,37,0,0.0619215544072723,0.0770435867158071
51,38,0,0.0243209541116587,-0.019792715163386
51,39,0,-0.110295138204429,0.0071139322539782
51,40,-0.13045881006811,0.0140250271171942,0.0809685282398256
51,41,0,0.0060102857931346,0.00912609934154468
51,42,0,0.0698000772256455,0.0659589747210032
51,43,0,-0.0511154609681539,-0.0587213978951881
51,44,0,0.0240827704732549,0.0379666746903124
51,45,0,0.148285908454139,0.106468368025604
51,46,0,0.0267442574934769,0.0604532792224562
51,47,0,0.0295572434385394,0.0142176580745038
51,48,-0.132391569395705,0.0407568967271016,0.110387629339885
51,49,0,0.0937071657912367,0.101465723308926
51,50,0,-0.175935907890357,-0.299275295196189
51,51,0,1,1
51,52,0,-0.0263782703627445,0.0203134909748784
51,53,0,0.0725350656014108,-0.0444168599242408
51,54,0,0.0543158785245058,0.0831229878439285
51,55,0,-0.00197976356652566,-0.0229479880165379
51,56,0,0.0828049612099409,0.144554412091052
51,57,0,0.00754508566686958,-0.0227165067607182
51,58,0,0.0375199966984974,0.0857959006297746
51,59,0,0.045991360206411,-0.00931910486926132
51,60,0,0.0243448653279273,0.0236082239054048
51,61,0.120609741909267,0.0124563148273702,0.051992668214694
51,62,0,0.0382962519930807,-0.0867337324970814
51,63,0,-0.0308909847693086,0.0672447106212836
51,64,0,0.0354012673298929,0.0722777279390064
51,65,0,0.063515346299837,0.0804071561821274
51,66,0,0.0879975994062981,0.062866122394956
51,67,0,0.0448739242460139,-0.0215972017745483
51,68,0,0.000655246044991815,0.0201428911477846
51,69,0,-0.0632558691724228,-0.0854934749998065
51,70,0,0.00835763349683222,-0.00875533974763177
51,71,0,-0.0869083279006863,-0.0236241437025963
51,72,0,0.00610827907821024,0.00422119623536894
51,73,0,0.00306346555192217,-0.0780867601196718
51,74,0,0.0644080373383765,-0.0323219955163971
51,75,0.125703295735574,-0.0663013682470172,0.0700599388191294
51,76,0,0.0180584881114256,-0.0660677193607695
51,77,0,0.0482388313364176,0.073940213609438
51,78,0,0.0512325866051476,0.127913064681831
51,79,0,-0.0196741634152456,-0.062042591944985
51,80,0,-0.129788096470835,-0.0899370093621628
51,81,0,-0.00750261954293065,0.0459193601000914
51,82,0,0.0224623618357593,-0.00507931125409504
51,83,0,-0.0455650810785802,0.0488590395526325
51,84,0,-0.0340991033183969,0.0744512910634831
51,85,0,0.112718731159481,0.158585348745931
51,86,0,-0.0287685837561697,-0.0972952410878972
51,87,0,-0.058578514975021,0.0292181119282968
51,88,0,-0.0610077573307069,-0.0686339434336532
51,89,0,-0.18843289375275,-0.148582786260528
51,90,0,0.0195542330945377,0.0459030809511963
51,91,0,-0.0603716454812273,-0.0724441769683461
51,92,0,-0.000942080753400471,0.0800255407069428
51,93,0,0.0364226896504184,0.0455113256673755
51,94,0,-0.0294183330669829,-0.0996956245075213
51,95,0,-0.0659595914403332,0.0178382024158758
51,96,0,-0.125942846280155,-0.0867731152164733
51,97,0,-0.0641488758822496,-0.070958789512196
51,98,0,0.100186329149012,-0.0831263406731473
51,99,0,-0.0417681813015473,0.0454498422810919
51,100,0,-0.0454271816606599,-0.0116628483663227
52,1,0,-0.00760707141846647,0.0833740600395052
52,2,0.114614801235418,0.0154986015821765,0.00161077489667052
52,3,0,0.00305438891226709,-0.192295300751366
52,4,0,-0.0170020648723605,0.122863348925836
52,5,0,0.0871928826755962,0.273353447365459
52,6,-0.113620898143172,-0.0187845825439803,-0.031029872337033
52,7,0,-0.0983632618914945,-0.098320172775674
52,8,0,-0.0751125204642983,-0.11573574445953
52,9,0,-0.0239577220348673,0.0125198883014699
52,10,0,0.0144306136583367,-0.0558468730747933
52,11,0,-0.00228939147062634,-0.0521662545259073
52,12,0.113301994992013,-0.00322650814477651,-0.0494290972740396
52,13,0,0.0221313673184019,0.166832186763358
52,14,0,-0.000744126135199484,-0.0384377860392187
52,15,0,-0.0298057474999201,-0.0688845105226048
52,16,0,-0.0449803371771445,0.0651475459149107
52,17,0,-0.00397198259434188,-0.0657148299726382
52,18,0.121396283474554,0.0118780991477924,0.11568829502896
52,19,0,-0.00414845428448144,0.0379292000865499
52,20,0,0.0371415077738394,0.000213555729947525
52,21,0,-0.0305545860596406,0.0892066080884649
52,22,0,0.010194976802303,-0.196861257965845
52,23,0,0.00874465012017688,-0.0443534093018709
52,24,0,0.0242214727997533,0.0996973109246713
52,25,0,-0.0377782143023555,0.0369436340593002
52,26,0,0.0331060739463212,-0.0326414506190203
52,27,0,0.0729785387351893,0.0135799490325055
52,28,0,-0.179251699614245,-0.126082892842356
52,29,0,0.0211528729813659,-0.131410583226188
52,30,0,-0.0585107345733489,-0.0428780621366406
52,31,0,0.0528923552839694,0.12059627618169
52,32,0,0.0433149514133026,0.0431278655138068
52,33,0,-0.110607918249763,-0.0989163284583214
52,34,0,0.00454657461256082,-0.052306364061885
52,35,0,0.0511015479927795,-0.0210489268404828
52,36,0,-0.0199152701973792,-0.0872703443795797
52,37,0,0.0666187424568111,0.108042722435178
52,38,0,-0.0100009586103738,0.0756439466694926
52,39,0,0.0378329469050833,-0.157293598142138
52,40,0,0.0522934646605519,0.128313001339354
52,41,0.117770750405152,0.00153141809651074,0.244456237385354
52,42,0,0.0246068615927625,-0.0485685016828597
52,43,0,0.0349026823634573,0.111573702265418
52,44,0,0.0348077627889386,0.108509363651388
52,45,-0.116163652432357,-0.0738486126462848,-0.164371186169137
52,46,0,0.0540096342283286,0.146947508986182
52,47,0,0.0259194247080757,-0.264181141733794
52,48,0,0.0334879482426054,-0.0024558038889651
52,49,0.117149204914126,0.0502531854617197,0.00609222337323844
52,50,0,-0.0238056862615272,-0.0674427886001197
52,51,0,-0.0263782703627446,0.0301294250203002
52,52,0,1,1
52,53,0,-0.0470239964834342,-0.0206973547718545
52,54,0,-0.0420908522652471,-0.0512331039671535
52,55,0.117856037838469,-0.0118399606438515,0.0546399842258201
52,56,0,-0.0639400313233199,-0.00767703728152176
52,57,0,-0.0687408956201893,0.140403833457534
52,58,-0.121613854582505,-7.67914804576425e-05,-0.181837548926293
52,59,0,-0.127135738794851,0.0746944907718656
52,60,-0.120273142016408,-0.0934558876936459,-0.170373180109003
52,61,0,0.0400297294702725,0.0457097742693808
52,62,0,-0.0361909277988613,-0.0233541415298208
52,63,0,-0.0114274318749003,0.140196121531951
52,64,0,-0.113654619910258,-0.0659343633627255
52,65,0,-0.015579767510125,-0.0143868407617028
52,66,0,0.044639999321041,0.273924400025236
52,67,0,0.00846352507439889,-0.15293782977226
52,68,0.122891927508339,-0.0337458699706612,-0.0270427154749989
52,69,0,-0.00524457988489115,-0.199880944160457
52,70,0,0.0599375566672149,0.140747664973359
52,71,0,-0.0649541637320979,-0.074971982856407
52,72,0,-0.0288015436035975,-0.0577526465735612
52,73,0.123336594351432,0.0312820654891431,-0.0114492916634609
52,74,0,0.0103924233739848,-0.0942213418807238
52,75,0,-0.123110710172902,-0.116375255412057
52,76,0,0.000155787367227192,0.0143106877164775
52,77,0,0.0791701339856335,0.319240795239379
52,78,-0.119417592652861,-0.0899652890546889,0.0476868233807208
52,79,0,-0.0226567671183973,-0.210547181951063
52,80,0.126745451282814,0.0965012812536316,0.184113951222875
52,81,0,0.0174836455252115,-0.144051212701848
52,82,0,-0.0253885224882399,-0.243684195320717
52,83,0,-0.0180812875651854,-0.0567158479881502
52,84,-0.11452407519086,0.0269687087214541,-0.0518085921756232
52,85,0,-0.150812981481455,-0.0693625639484871
52,86,0,-0.00413258358474978,0.0309834627617397
52,87,0,0.0196732179339954,-0.0543658532513548
52,88,0,-0.0175822393044873,-0.0273365836000363
52,89,0,0.03251196035297,-0.026548452901965
52,90,0,0.0156436467823713,-0.0128379486383778
52,91,0,-0.0277419356994432,0.0836101894573506
52,92,0,0.0999420186685455,-0.0460273228391102
52,93,0,0.0185174416063878,0.0928351366785514
52,94,0,0.0573958052630024,-0.027546776551566
52,95,0,0.129549670909983,0.16128455361396
52,96,0,-0.0081713724699357,0.0478362209110467
52,97,0,-0.0235309837538647,0.0520564081110775
52,98,0,0.0253102218471819,0.000168693861069416
52,99,0,0.01521183142693,0.0382315878021206
52,100,0,-0.0632476017138217,-0.251996569608213
53,1,0,0.0270284034147969,0.0456427525941891
53,2,0,-0.0658287862187918,0.105017045083833
53,3,0,0.0281618127413942,-0.0669957011229837
53,4,0,-0.0067327587012753,-0.0648252956925475
53,5,0,-0.015955859870561,-0.0890956575238729
53,6,0,0.0146389822109744,0.0554001508533102
53,7,0,0.0230185426513912,0.0597977408506649
53,8,0.121894279227436,-0.0277928941352251,0.0576276686841613
53,9,0,0.0267077125122542,0.071925453087126
53,10,-0.13686678208404,0.0107676193955214,-0.0398512299254401
53,11,0,-0.0548716138030812,-0.0572016806139063
53,12,0,-0.021179881913898,-0.0290821496823923
53,13,0,0.0473003891296672,0.000573592076009542
53,14,0.126160775347681,0.016242140516442,0.0720903708429682
53,15,0,0.0976520762136179,-0.0254827442510115
53,16,0,0.112041558434498,0.0536375424366783
53,17,0,-0.0213721614787361,0.152157321334792
53,18,0,0.0405014688848698,0.0715466547473589
53,19,0.127161974010238,0.0670056700401352,0.0329800853927005
53,20,0,0.0232424259249505,-0.0378244192072724
53,21,0,0.0519365476169973,-0.0580335850619451
53,22,0,0.0373639875228896,0.0214121428034084
53,23,0,0.0452230584701573,-0.0295251129512363
53,24,0,0.0129626515714916,-0.0866828731396983
53,25,0,0.0755181791597183,0.0170919588015719
53,26,0.112679336119986,-0.0243422319239498,0.0204506137038927
53,27,0,-0.0764724828622982,-0.144897489723955
53,28,0,0.124833594914371,0.167346784533114
53,29,0,0.0347736028608175,-0.016665490944088
53,30,0,4.32319859302825e-05,-0.0748373963839403
53,31,-0.124103160708595,-0.21173867376564,0.0620188478482609
53,32,0,-0.0284985746575658,0.0094295181265567
53,33,0,-0.111573300107892,-0.0993098979853721
53,34,-0.117183035252692,-0.0980589477386681,-0.0144163784991374
53,35,0,-0.105519977728886,-0.180418474914383
53,36,0,0.0695004072029458,0.195100708494059
53,37,0,-0.0497018834992703,-0.113663837519911
53,38,0,0.0132037909440365,-0.100573561082857
53,39,0,-0.0966846255361775,0.0226415946487894
53,40,-0.124966617762721,-0.0151506642815267,-0.0442967744688146
53,41,0,0.0548407410065661,0.11607297278547
53,42,0,0.0215300856425431,-0.0688357656437269
53,43,0,0.0103448863460321,0.172788170021245
53,44,0.123509829929972,-0.0189651795666183,0.0260489755785649
53,45,0,0.157319632307773,0.26235559680851
53,46,0,-0.0131177559421511,0.0769433673001313
53,47,0,-0.0312930022440315,-0.0878602524385962
53,48,0,0.0201798211939033,0.0128486218373823
53,49,0,0.0254033330781664,0.088980600509464
53,50,0,0.00122790116820132,-0.00549384283220009
53,51,0,0.0725350656014107,-0.0542321725893834
53,52,0,-0.0470239964834343,-0.017037964774725
53,53,0,1,1
53,54,0,-0.089563670464897,0.022459121419391
53,55,0,0.0137451427261948,0.215651793030582
53,56,0,0.0870616726610731,0.033992747782363
53,57,0,-0.0394877669174694,0.0383367331842478
53,58,0,-0.022564948424811,0.0168160034302281
53,59,0,0.0896297310281509,0.069082622977057
53,60,0,0.0178653342259486,0.0133182556042671
53,61,0,-0.14988351706011,-0.134485127929937
53,62,-0.123606534981316,0.0394554479914614,0.10377267703681
53,63,-0.128049376151807,0.00941943761016562,0.0300728231441191
53,64,0.120004849833005,0.0677939284276774,-0.0333459077495551
53,65,0,-0.0354603438122861,-0.086455788101558
53,66,0,0.100497318719177,-0.0122090740782168
53,67,0,0.0181637120184121,0.0868215509733092
53,68,0,0.0962831575718488,-0.07366554315798
53,69,0,-0.0145983858835058,0.0505214116822288
53,70,0,-0.0258928519532113,0.0478412406318121
53,71,-0.120780665580864,-0.146016973350097,0.0550421864107946
53,72,0.127803552912709,0.0318908003250843,0.0435952404043336
53,73,0,-0.0545413341716237,-0.184497047733492
53,74,0,0.112414832540696,0.101415610568056
53,75,0,-0.0520306571612641,0.0598911153603551
53,76,0.122390817203768,-0.0946551819219866,-0.0862278563287834
53,77,0,-0.0888172896498626,0.0458316474677031
53,78,0,0.00995940526368232,-0.182637335727646
53,79,0,-0.0362724748178368,-0.172444230728393
53,80,0,-0.0028448253006652,0.0706131370428182
53,81,0,0.0183220098503822,-0.026257294712111
53,82,0,0.00380987382158598,0.159854546737967
53,83,0.138347606982898,-0.00086161906255586,-0.0320878332129063
53,84,0,-0.0758198749196176,-0.107443022060273
53,85,0,0.0612168178643519,-0.0519885973133969
53,86,0,-0.0302643447265684,0.0662855565145965
53,87,0,0.00278275379626658,-0.0503998138048695
53,88,0,-0.0304049340359315,-0.00491640592420427
53,89,0,0.0626399909630351,0.120304997138201
53,90,0,-0.0290330686110579,-0.0709352320904558
53,91,0.128100615928085,0.0147597022471656,-0.217235150824241
53,92,0.123597334072188,-0.0668354074504918,-0.167775836540854
53,93,-0.128489026567209,-0.0924265042188797,-0.154711784749178
53,94,0,-0.0453587429354559,-0.0267976392403879
53,95,0,-0.0565370758015313,-0.0910548887476764
53,96,0,-0.0163917452700554,-0.0468485315916384
53,97,0,-0.00647705794353591,0.0835156326242859
53,98,0,0.0532499702754417,-0.0857836555763043
53,99,0,-0.0525616141605675,0.00912850612525267
53,100,0,0.109757162415468,0.0844544109177043
54,1,0,-0.154680777890077,-0.0605418497560061
54,2,0,-0.0065190221753929,-0.0370658210707021
54,3,0,0.0441756580453524,0.206010732092842
54,4,0,0.079658873067297,0.0194912279707905
54,5,0,0.0168519934547587,0.219972999913966
54,6,0,0.0724936067818117,-0.0516806324087954
54,7,0,-0.0532978729640262,-0.212302764766904
54,8,0,0.0324516616956387,0.166643463130148
54,9,0,-0.0384942165359319,0.161474916224767
54,10,0,0.0470281713928968,0.00471779021898655
54,11,0,-0.0951771465191485,0.0718502887973991
54,12,0,0.0419193326476797,0.0654573828590568
54,13,-0.12883049588315,0.0233085686038505,0.1340609772507
54,14,0,-0.00679717054551051,-0.0176919507988508
54,15,0,0.0377088584643905,0.158379614891022
54,16,0,0.0563786115328262,0.0368287309016659
54,17,0,0.0169684785664459,-0.0056895986365276
54,18,0,-0.00457153991645747,-0.076503112795384
54,19,0,0.0362812048533718,-0.166245058906492
54,20,0,-0.0487813364997064,0.0721340794057796
54,21,0,0.00833294230526174,-0.0199453688107396
54,22,0,-0.0514932756263476,0.114124593156475
54,23,0,0.0543730173942802,0.0185170795237872
54,24,0,-0.00756940856362538,-0.0163216196965118
54,25,0,0.0470555602307893,-0.163720066680398
54,26,0,-0.0605004411169346,0.221579328364845
54,27,0,0.0809259073572981,-0.0590903735615069
54,28,0,0.04690131143532,-0.00321745588957882
54,29,0,-0.0572092434567102,-0.19048640596366
54,30,0,0.00722637471835941,-0.0956436725222267
54,31,0,-0.0175235374339265,-0.0527827856825317
54,32,0,0.00944454708114162,-0.00744401683034339
54,33,0,0.0227588191802849,-0.188211541885314
54,34,0,-0.154083675712043,-0.24546677919469
54,35,0,0.0185977137172213,-0.085436325099448
54,36,0,-0.129054183303693,0.0602391180494957
54,37,0.124019585380202,0.0276299419129968,0.00851516059160486
54,38,0,0.0201333892672621,-0.100776107601876
54,39,0,-0.0354533915697511,0.284339697559852
54,40,0,0.0117720162404509,-0.0212964934731169
54,41,0,0.0422488364438075,-0.0787974805236719
54,42,0,0.00314133971523928,0.0328323706321337
54,43,0,-0.0114349334040808,0.0656911136212897
54,44,0,0.0056927293353796,-0.0105954848173929
54,45,0,0.0580618933014284,0.0442441333528582
54,46,0,-0.16876603093159,0.0170545914255749
54,47,0,0.0451382893397049,0.0699968284720475
54,48,0,-0.0224952294489668,-0.0582653860253257
54,49,0.125180414411956,-0.0170216532638233,0.00775494767929048
54,50,0,0.0375082300613776,0.0125716603529409
54,51,0,0.0543158785245058,0.139925879711019
54,52,0,-0.0420908522652471,-0.0581461936942489
54,53,0,-0.0895636704648971,0.0309642462870092
54,54,0.432478380855173,1,1
54,55,0,0.0197439408635398,-0.0129593475625705
54,56,0,0.000976927812975789,0.037515271012987
54,57,0,-0.0350613901249263,-0.130206802433974
54,58,0,-0.00517476007004211,0.0275033132306501
54,59,0,-0.00556878400441032,-0.119140813890796
54,60,0,0.0687127080266267,0.331784986920243
54,61,0,-0.0675161477996927,0.00627410850169672
54,62,0,0.0127995868929804,-0.038535037068066
54,63,0,0.0434751547345361,-0.131320771731868
54,64,0,0.00829708197358898,0.0691225410624555
54,65,0,0.0254039626073417,0.0636667200521277
54,66,-0.119084622565492,0.0618255599707493,-0.135305232956367
54,67,0,0.0277320850016779,-0.00124107263295702
54,68,0,-0.127597713044757,-0.146080131452442
54,69,0,0.0111633506543415,0.258310746674643
54,70,0,0.0470118949253033,0.0212169528136178
54,71,0,0.0164768035560167,-0.167130367913992
54,72,0,0.0563203833400521,0.0199625263737245
54,73,0,-0.01666249016486,0.252095311061031
54,74,0,0.0119244668529896,-0.0323940613391504
54,75,0,0.0437481860157226,0.0696265808758168
54,76,0,-0.0690597310228807,-0.0418382953771821
54,77,0,-0.00669962255970217,0.02244991399064
54,78,0,0.0328099964095115,0.107797519655567
54,79,0,-0.00248146452803032,-0.0485197399067194
54,80,0,-0.0265570561303823,-0.0260062654559427
54,81,0,-0.015036597934302,0.134660805787165
54,82,0,-0.0429993512256763,-0.0936834701339987
54,83,-0.135653458643392,0.00529739036156037,-0.124974613958562
54,84,0,0.0173127730797046,0.226687778044735
54,85,-0.122468196774255,0.116101720449066,0.111490410542252
54,86,0,0.010838987114095,0.06427497208036
54,87,0,0.0104331216620796,-0.0601290108194121
54,88,0,-0.0231492635089328,-0.183063408823469
54,89,0.12038790336295,-0.142831929656108,-0.0921447498732599
54,90,0,0.111814969829828,-0.00535871444098798
54,91,0,0.0538970099247727,0.091954245351125
54,92,0,-0.0231698338164473,0.0718488489114975
54,93,0,0.0401745224836024,0.140240823247356
54,94,0,0.0815753330702768,-0.140756968790637
54,95,0,-0.0846295645633878,0.0740065247516945
54,96,0,-0.159055791330669,-0.0971869825003543
54,97,0,0.0164568533286341,-0.0649508395694764
54,98,0,0.00691770040403052,0.144373865416494
54,99,0,-0.0212166673622649,0.191423799661661
54,100,0,0.082708572004576,0.0241935996429991
55,1,0,-0.0672178325987425,-0.153529163728995
55,2,0,0.0707466166932232,0.134435675687814
55,3,0,-0.155350696115791,-0.0896602684509078
55,4,0,-0.019146373606731,-0.0490356530539452
55,5,0.127461847716189,0.0194018528382679,0.167215192716522
55,6,0,-0.0766876542357983,0.106343656227175
55,7,0,-0.0796228804480716,-0.0660405846700411
55,8,0,0.0137864970017939,0.0582757868205668
55,9,0,0.0288109694904424,-0.0166195555324359
55,10,-0.149420050112297,-0.00407023174694321,-0.117808578044086
55,11,0.129551514704228,0.0804859246826986,0.0661575866964886
55,12,0,-0.0266044144706725,-0.0560192777851158
55,13,0,0.0384646105564658,-0.146291860252652
55,14,0,0.00428018111592893,0.0355545193988389
55,15,0,0.0330525880901764,-0.0272567505844271
55,16,0,-0.0232971849975675,-0.106666584408975
55,17,0,-0.0144943111763881,-0.0172519072722085
55,18,-0.137738319281993,0.10737447051688,-0.00871099071295291
55,19,0,-0.0315548536006538,0.188607358309522
55,20,0,-0.153585440892,-0.194007634342965
55,21,0,-0.0313242971542946,0.0604656219766822
55,22,0,0.0183551373847455,0.135786910108213
55,23,0,-0.0273483169012061,-0.069978241690817
55,24,0,-0.063536727466653,-0.0698028716655356
55,25,0,0.0298789907798704,0.00648217438645204
55,26,0.123014158682642,0.0288074102867201,0.0431021018129576
55,27,0,0.0207456540694131,-0.0471333947981045
55,28,0,0.0287032661562091,0.123851780441907
55,29,0,0.0193637556220914,0.0106875477350428
55,30,0,0.0209892005374939,-0.0069675361052925
55,31,0,0.0514186033175247,0.0529541585225936
55,32,0,0.0708555735221293,-0.0263288329128564
55,33,0,0.033274230492129,0.0455677926073684
55,34,0,-0.0179713308178801,0.132579268315395
55,35,0,-0.00907000608586194,-0.0190314414173818
55,36,0,0.0961969065748369,-0.00674431210156947
55,37,0,0.00717961058255411,0.0335389348838599
55,38,0,-0.0329856590329106,0.0519732398725399
55,39,0,-0.0407468401349487,-0.169548461737331
55,40,0,0.00381417984502478,-0.022542286014619
55,41,0,0.0446767359310095,0.115562081910487
55,42,0,0.000285513010977992,0.130619210763866
55,43,0,-0.00302043549564036,0.0274641581545979
55,44,0,-0.0452124466042039,-0.0106563763201115
55,45,0,0.0615757645763792,-0.0196694942138455
55,46,0,-0.0675698108610861,0.0675003658504084
55,47,0,0.020842183642,0.0189615093560269
55,48,0,0.0664577721931839,-0.0320712134733783
55,49,0,-0.0160772626467645,0.0336525731454465
55,50,0,0.00363965323779146,0.000799766225490863
55,51,0,-0.00197976356652565,-0.0278561822896374
55,52,0,-0.0118399606438515,0.0447178863984371
55,53,0,0.0137451427261948,0.214398086209827
55,54,0.131101075047619,0.0197439408635398,-0.00934508419264462
55,55,0,1,1
55,56,0,0.0297415175959448,0.0455784284989878
55,57,0.124387255600549,0.028284947982515,-0.0403053416820763
55,58,0,0.0373394471142,0.0704729215150783
55,59,0,-0.0158748437820554,0.0555164855653678
55,60,0,0.0179580503467556,-0.11143167932573
55,61,0,-0.0302681610884934,-0.0647647075838495
55,62,0,0.0148386289618757,0.0816508804477462
55,63,0,0.0537065265982331,0.0570787898562349
55,64,0,0.0410643680204363,0.209365705214122
55,65,0,0.0861290178318349,-0.0151919090456509
55,66,0,-0.056395349154927,0.0667425887867781
55,67,0,-0.0155988758282321,0.157013487156308
55,68,0,0.0180215204080303,-0.0641260798170778
55,69,0,-0.0872675094125333,-0.262580511097021
55,70,0,-0.135318161173433,0.0169268128515799
55,71,0,-0.0245220496687919,-0.118440118533056
55,72,0,0.0141814092523923,0.0828773184836923
55,73,0.122258369209368,0.0522321119375857,-0.0464399714343398
55,74,0,0.0476929392114935,0.00962270212995725
55,75,0,0.0197392725199335,0.0987219159140516
55,76,0,0.0297147736894287,-0.032456811286606
55,77,0,0.0570275078565003,0.00940708457810642
55,78,0,0.0349830719813929,-0.1377748520783
55,79,0,-0.136551781815595,-0.106653387170823
55,80,0,-0.085791203029565,0.0496592230820633
55,81,0,-0.0498820109085043,-0.00449944752611627
55,82,0,0.0149216242423977,-0.00403642766157333
55,83,0,-0.0411022077429905,-0.0686157418108044
55,84,0,-0.0586693602378153,-0.110452838266682
55,85,0,-0.0128509345914952,-0.0260749888782141
55,86,0,-0.127797641710828,0.0436498615288983
55,87,0.113647020340347,0.037294069970985,-0.0383353563382082
55,88,0,0.0324170741472861,0.0888076110750637
55,89,0,-0.0134072203361052,-0.0598801988876142
55,90,0,-0.0108934205118017,-0.0649037875333688
55,91,0,-0.164829316885773,-0.0728325738146085
55,92,0,-0.0162077098036328,0.0314990518109822
55,93,0,-0.0220803864816395,0.0153542577313434
55,94,0,-0.0267791834278757,-0.034168735923612
55,95,0,-0.100265146398828,-0.0901941516672402
55,96,0,-0.0347803807499835,-0.0737493656088956
55,97,0,0.00317363165946033,-0.065573235228483
55,98,0,-0.150550818807189,0.00391106700527282
55,99,0,0.0110255799008452,-0.1832296280115
55,100,0.112259312747675,0.0718090520148949,-0.0366170989484364
56,1,0,0.0754768493356029,0.0575677328511251
56,2,0,0.0299937861631278,0.0268942041906392
56,3,0,-0.00587372897220131,-0.0197014745179203
56,4,0,0.0400565810302603,-0.146335751932018
56,5,0,-0.0622055452059858,0.025900596572436
56,6,0,-0.0556830704330659,0.0353961928733626
56,7,0,-0.00308970326632505,0.0334520420399913
56,8,0,0.0218286433630836,-0.0706176114222725
56,9,0,0.0197028742660282,0.0186297585452559
56,10,0,0.0215572403154798,0.0909817276116944
56,11,0,0.00816225634919079,-0.131409502723503
56,12,0,-0.0136163305121797,0.0105983123333135
56,13,0,0.0351227770652757,-0.00205044059944375
56,14,0.132015164666908,-0.101225511115615,0.051253850036991
56,15,0,0.039461575413976,0.133247864075797
56,16,-0.120905512874087,-0.0154951786079817,0.118676088781345
56,17,0,-0.015663451375591,-0.10774020474037
56,18,0,0.0651742046521946,-0.0151572362155126
56,19,0,-0.0130892719293887,0.0626657816527897
56,20,0,0.0285688849929487,-0.0148182657958916
56,21,0,-0.0234672921067783,0.169854773197619
56,22,0,-0.11172030760388,-0.0539669227301687
56,23,0,0.0617957891802263,0.000760350235270598
56,24,0,-0.0346741618224025,0.00019454448553342
56,25,0,0.000217312573467597,-0.0789949431537359
56,26,0,0.0244954102085025,-0.108757092428198
56,27,0,-0.0779707713289117,-0.108538924308848
56,28,0,0.0343579101873703,0.175285997334971
56,29,0,0.0622293822222055,-0.1070672178134
56,30,0,-0.0128716092639299,-0.102207523130834
56,31,0,-0.0511188095869519,-0.1800250498563
56,32,0,-0.0255391332922724,-0.019446261218934
56,33,0,-0.0415889706628776,0.136763971382128
56,34,0,-0.0314095898209002,-0.28050484022123
56,35,0,-0.0438231842450083,-0.170913543098123
56,36,0,0.030939282713658,0.0159847065175878
56,37,0.126220900706298,0.0217054598074449,-0.134185527281715
56,38,0,-0.101620424504501,-0.137433962047992
56,39,0,-0.060912587343922,0.166664542494994
56,40,0,-0.051160821396688,0.0645454828031289
56,41,0,0.0143568129931542,-0.0679795894109722
56,42,0,0.0188188991080901,0.151054191288971
56,43,0,-0.155489876282444,-0.143720479547365
56,44,0,-0.0278068105563665,-0.155710038439494
56,45,0,0.061831065385018,0.230575225288572
56,46,0,0.00839084737384036,-0.032893084006329
56,47,0,-0.00334051195531267,0.0358353317742441
56,48,0,0.060582228668943,0.131587394975359
56,49,0,0.0375573086938397,-0.0377298344966475
56,50,0,-0.0379465094853325,-0.0967889607218624
56,51,0,0.0828049612099409,0.215711709593468
56,52,-0.117597439194416,-0.0639400313233199,-0.00772377724833455
56,53,0,0.0870616726610729,0.0415450695681819
56,54,0,0.000976927812975788,0.0332562714740367
56,55,0,0.0297415175959448,0.0560305305383257
56,56,0,1,1
56,57,0,0.0555394279715552,-0.120115387467454
56,58,0,0.0404884257562625,0.231719505182378
56,59,0,0.0388446859466298,0.0326619811654504
56,60,0,-0.0423686565529977,-0.15202881087733
56,61,0,-0.0664794569256644,0.0870299463658988
56,62,0,0.0208519098453471,-0.0259310275028855
56,63,0,0.0268991707870217,0.170414737906937
56,64,0,0.000712792864638196,-0.0837566034767524
56,65,-0.122370037921975,0.0190800181048339,-0.146852082240512
56,66,0,0.023076029402057,0.209873289297068
56,67,0,-0.0233016706997786,-0.105274169787692
56,68,0,0.0812246557511108,0.0899361964916196
56,69,0,-0.0353626979417379,-0.0961409276301009
56,70,0,-0.162355085472225,-0.107420308423125
56,71,0,-0.076441466114707,-0.0688437017484118
56,72,0,0.0193587088949554,0.0785070763977413
56,73,0,0.0235496889419178,0.0413829062368681
56,74,0,0.0602596660448336,0.0362691565873513
56,75,0,-0.028989778438621,-0.0947465943341846
56,76,0.11927679258577,0.0421615041982897,0.0290547893896516
56,77,0.120954168802385,0.0266638697780123,-0.0307882773854747
56,78,0,0.0884977501826441,0.00175170755865807
56,79,0,0.0434250071204472,-0.104585507495363
56,80,0,-0.087550823663429,0.0336200434382367
56,81,0,0.0158350857909011,0.0577818480319114
56,82,0,0.0339036439214976,-0.00896082657065888
56,83,0,-0.0209485157677245,0.0256599750420476
56,84,0,-0.0579324028210371,-0.087143314358221
56,85,0,0.0593172619333753,0.100634838829917
56,86,0,0.0244434797756834,-0.0206773311540214
56,87,0,-0.0182754496168219,0.0108194976779728
56,88,0,-0.0123295693920109,-0.0214384421200241
56,89,0,-0.0407073951953725,0.0622018578027648
56,90,0,0.00393380146965608,-0.134139262263626
56,91,0,-0.00161898522169499,0.00870667075660594
56,92,0,0.0115189979284028,-0.00890524790556532
56,93,0,-0.00821769119122933,-0.192411734825291
56,94,0,-0.161981944705424,0.0984059844757705
56,95,0,-0.0359795610490901,-0.106899412832002
56,96,0,-0.026077469354383,-0.0570946063647635
56,97,0.120722951470974,-0.126813392168818,-0.110738849531466
56,98,0,0.0767496752804717,-0.100688883547218
56,99,0,-0.0101683657874924,-0.103562509810092
56,100,0,-0.0227162038329069,0.109655470398122
57,1,0,0.0432399691594109,0.144282144221472
57,2,0,0.0398280284424286,0.122607647398688
57,3,0,-0.0683100225273056,-0.12869235941633
57,4,0,0.0405486754657301,0.0247099839887555
57,5,0,-0.0217053960293233,-0.0697667871201838
57,6,0,-0.132661090561567,-0.0261633214888422
57,7,0,0.0369123015364293,-0.0188576394497574
57,8,0,0.0322524170158126,0.0720062521012881
57,9,0,0.0176572712741304,-0.0200480322767347
57,10,0,-0.0264196797682248,-0.213026128441149
57,11,0,0.141702671603691,0.0469048424442689
57,12,0,-0.00672566914340138,0.0155587674286641
57,13,0,-0.0163311430053059,-0.0765408588080135
57,14,0,-0.0475483100412654,-0.043535288500914
57,15,0,0.0171874886909523,-0.112584059606388
57,16,0,-0.14379179986418,0.0450882111331917
57,17,0,0.0449052811872998,0.216094759889603
57,18,0,0.0724156450021852,0.00277508911200878
57,19,0,-0.0449267413163909,-0.0516779468193559
57,20,0,-0.16593170852932,-0.126657417941261
57,21,0,-0.110409925225182,-0.155735970819397
57,22,0,-0.118405153988237,0.00355997280286965
57,23,0,-0.192872040049936,0.0686353903061141
57,24,0,0.0524646931126208,0.162507707709482
57,25,0,-0.0319202450662848,-0.137036972382857
57,26,0,0.0302958605818217,0.115977879369224
57,27,0,-0.00115170674129578,0.052744557315563
57,28,0,-0.00533028866017135,0.0186139858318816
57,29,0,0.0612676104417806,0.079780185541498
57,30,0,0.0576439678984151,0.0073107785250673
57,31,0,0.0815885469085318,0.171423969225664
57,32,0,-0.0989240229270997,-0.159186888869227
57,33,0,0.0712818797434779,0.121688790366842
57,34,0,0.0613660886132041,-0.00184119129511895
57,35,0,-0.164857314020043,-0.0995543925196114
57,36,0,0.0351537254228424,-0.164264192940803
57,37,0,-0.0876447305544884,-0.00350761260453717
57,38,0,0.0156161556532789,0.168750790987566
57,39,0,0.0158387308764038,0.267252896410543
57,40,0,0.00589645368629322,-0.0473931485939618
57,41,0,-0.0360184754510158,0.0425353885455823
57,42,0,-0.0300091268081272,0.107496119270434
57,43,0,-0.0801712122461118,-0.0938714975664827
57,44,0,-0.0435592886613644,-0.0191544453912558
57,45,-0.124139366181479,0.00977469863846651,-0.0924947039468827
57,46,0,-0.00133171803723818,0.123288315357038
57,47,0,0.0277821348789866,0.0282198590870144
57,48,0,0.0249367442419109,0.0286213490426179
57,49,0,-0.117149742306395,0.0279312181236682
57,50,0.122970355549351,-0.0144042444956413,0.0294299066771764
57,51,0,0.00754508566686961,-0.0261340602715253
57,52,-0.115557753453517,-0.0687408956201893,0.108902544512047
57,53,0,-0.0394877669174693,0.036121958707779
57,54,0,-0.0350613901249264,-0.0889860876946505
57,55,0,0.028284947982515,-0.0381989095791781
57,56,0,0.0555394279715551,-0.092602266727709
57,57,-0.298023384762928,1,1
57,58,0,0.0724842320962691,-0.0315231693132141
57,59,0.116359315946674,0.0083277482958589,-0.0711038823580357
57,60,-0.126938308229745,0.0494776554266317,-0.0207320262102663
57,61,0,0.0587840477724924,-0.0239072508101246
57,62,0,-0.0119757950839461,0.110904045714079
57,63,0,-0.0156521077477889,0.131889498301806
57,64,0,-0.0173024274948933,-0.180124514364232
57,65,0,-0.0062957610142332,-0.101579884304006
57,66,0,-0.13402376462607,-0.129685655491512
57,67,0,-0.0265115752107947,0.0631078336170821
57,68,0,-0.0191394662845632,-0.132174048586834
57,69,0,0.0692561823032709,-0.00935106856875029
57,70,0,-0.0532983870369836,-0.0407362415838289
57,71,0,0.0176089374346877,0.00809748728529836
57,72,0,-0.159565054829939,-0.00661434074580316
57,73,0,0.0948958607558367,-0.00732630986997958
57,74,0,-0.179318351479072,-0.0329485423673713
57,75,0,0.10185253148642,-0.0436243174571179
57,76,0,0.145144857592446,0.0343738415431014
57,77,0,0.0130322180758218,0.103938553307602
57,78,0,0.0732169251286065,-0.0430668407644649
57,79,0,0.0289018440119198,0.0925657872393518
57,80,0,-0.159449812282483,-0.130552101113364
57,81,0.131596284868004,-0.0628624841037834,-0.147899413851028
57,82,0,0.0803073133042215,0.0996209607301462
57,83,-0.140737505307223,-0.0125994556872536,0.052241594296472
57,84,0,0.00895506115656408,-0.058058142225845
57,85,0,-0.0062893819586384,0.145987402599608
57,86,0,0.0468805492944248,0.0269367952089831
57,87,0,0.0339014903578127,0.0398741079245633
57,88,0,0.0722418386181605,0.0679844829691617
57,89,0,-0.0436042843173478,0.129716303428923
57,90,-0.131485931275938,-0.0594739827211527,0.013280016670028
57,91,0,0.00264393569404591,-0.0530577055440904
57,92,0,0.0754523353359134,0.156984433429728
57,93,0,0.128758502404221,0.153339229962516
57,94,0.121979423742547,-0.0244379679777077,-0.017556459506668
57,95,0,-0.061305570241208,-0.117398952766103
57,96,0,0.00711565839139082,-0.00562154700153639
57,97,-0.126014617076187,0.079746654897733,0.13952182141728
57,98,0,-0.159127615354528,-0.133849618593094
57,99,0,0.0772997594609822,0.0974406305650193
57,100,0,-0.117124881532485,-0.0887520668281666
58,1,0,0.0439347165721057,0.273244892978733
58,2,0,0.0199134481667228,-0.158309548681108
58,3,0,-0.0322478519475764,-0.0507608315728367
58,4,0,0.0102237846230848,-0.241072090486937
58,5,0,0.0383392335094163,0.0114241830730111
58,6,0,-0.152957281220665,-0.12111624435377
58,7,0,0.0331661065041725,0.10018623207357
58,8,0,-0.0271313752259726,-0.196612175909959
58,9,0,0.0550672848150155,-0.0669923484969164
58,10,0,0.000925524101415123,0.00368110041681278
58,11,0.127148370031139,0.0630013454151846,-0.0129280782068476
58,12,0,-0.0418331182702559,-0.0925344062043475
58,13,0,0.0239562404998081,-0.0635066683836791
58,14,0,-0.0113765507322102,-0.0482929755150913
58,15,-0.130539384365783,-0.012925181457301,0.0300055602894026
58,16,0,-0.1631409678942,-0.0377349684471848
58,17,0,0.0233915059344718,-0.0558553283118234
58,18,0,0.0523416400123942,0.0248542228244421
58,19,0,-0.0132972256270851,0.0831034824154581
58,20,0,-0.0375591260669572,-0.0740043519673234
58,21,0.126936321349393,-0.062102194287878,0.00488553996682927
58,22,0,-0.00198230020059774,-0.0321234274572007
58,23,0,-0.0765936929116404,-0.103838762128922
58,24,0,0.0276760432480724,-0.0508462900714036
58,25,0,-0.00781213143830298,-0.0321638102008859
58,26,0,0.0134894272950065,-0.0436050708592175
58,27,0,-0.0175045813844205,-0.189484021967187
58,28,0,-0.00861084541863534,0.0933797616441163
58,29,0,0.0479679169947584,0.044932268493516
58,30,0.137435482674209,0.0118308540891671,-0.0874005144901602
58,31,0,0.101818151612663,-0.0109974060564929
58,32,0,-0.0390347985620101,0.0178049044739619
58,33,0,0.029438892478226,-0.0423440450843428
58,34,-0.125557848743451,-0.0121589360893194,0.0086695963495004
58,35,0,-0.0703985201628643,-0.125093963573477
58,36,0,0.0247981422372702,-0.0851886855882518
58,37,-0.129244159269127,0.0383425120828788,-0.144813205867094
58,38,0,-0.150514268471099,-0.0989096007050015
58,39,0,-0.03521507261933,-0.0116043205690848
58,40,0,0.0292681258723394,0.060762251051106
58,41,0,-0.026232958477375,-0.00195782571863761
58,42,0,0.0561968702317274,0.00220697283528019
58,43,0,0.00261255824102701,0.044296582954635
58,44,0,0.00940627779111556,-0.036166449570501
58,45,0,0.0106256623958298,0.332075620960139
58,46,0,-0.0896445930090344,-0.0267229402179797
58,47,0,0.0906932507468533,0.0941887250476996
58,48,0,0.0189448316460643,0.0433371997219985
58,49,0,0.0133729330718555,0.0832399962460078
58,50,0,-0.0430565855259051,-0.33374393233317
58,51,0,0.0375199966984974,0.13786083446068
58,52,0,-7.6791480457657e-05,-0.196993390833817
58,53,0,-0.0225649484248109,0.0221303357177837
58,54,0,-0.00517476007004209,0.0262532140698828
58,55,0,0.0373394471142,0.0932866848929042
58,56,0.130953030993618,0.0404884257562624,0.249513810559274
58,57,0,0.072484232096269,-0.0440290079353699
58,58,0,1,1
58,59,0,-0.0259871480660132,0.073132967065143
58,60,0,0.021585789021753,0.126654608053276
58,61,0,0.0132079585069749,0.110947766087633
58,62,0,-0.0207700520982217,-0.0902524308078903
58,63,0,0.0133998106349467,-0.0549589471142963
58,64,0,-0.118653938288749,-0.0115169494892591
58,65,0,0.0111020942281788,0.155054105567203
58,66,0,-0.0317998413317942,0.103761218696174
58,67,0,0.00463812776915906,-0.0731572158349056
58,68,0,-0.105529523305702,-0.0904798764585572
58,69,0,-0.026534826807742,-0.136730305058543
58,70,0,-0.093226516759828,-0.305316975303036
58,71,0,-0.0201732485831379,-0.045845919230422
58,72,0,-0.00932016845396054,0.129752220481273
58,73,0,0.0113403496962571,-0.0189238008502389
58,74,0,-0.0529208202275358,-0.00267411603569029
58,75,0,-0.00307265406175821,-0.141192358179921
58,76,0,0.0837632668010783,-0.0299409153219925
58,77,0,0.0758081917234828,0.113742497999872
58,78,0,0.0284970815236412,-0.129236990139692
58,79,0,0.0226085980876294,0.118237059713869
58,80,0,-0.169430623067308,-0.161565957601211
58,81,0,0.0264944569454763,-0.0129840705090813
58,82,0,0.028507453862532,0.207851364884577
58,83,0,-0.0112613232369418,-0.0298387376203485
58,84,0.117142545460412,-0.00644582611312162,-0.174252079034109
58,85,0,0.00646240446565042,0.1670222257737
58,86,0,-0.03377825988857,-0.0719977078352105
58,87,0,0.0257163083939711,0.0169394579023681
58,88,0,0.00532750649784594,-0.120922709198253
58,89,0,-0.0499477698823797,-0.142698581768681
58,90,0,-0.156123809442057,-0.0549671010641153
58,91,0,-0.0422446255939838,-0.158974239471354
58,92,0,0.0606647258392353,-0.042167996330923
58,93,0,0.059857645876185,-0.183911284038113
58,94,0,0.0201284535661262,-0.0485316006897929
58,95,0,0.00277901584368734,-0.0025712476423264
58,96,0,0.0165792242802412,0.0395768906500807
58,97,0,0.0774698268985233,-0.052061403480115
58,98,0,-0.0546633913204325,0.0738865690200614
58,99,0,0.0529778663102839,-0.0838251968606178
58,100,0,-0.0233421089099004,0.0133913583532064
59,1,0,0.0192722627591122,0.129967397043232
59,2,0,-0.123445257809966,-0.0211762030986435
59,3,0,0.0289411079050776,-0.10720683710972
59,4,0,-0.0441024913727537,-0.10467990083106
59,5,0.121157404824802,-0.115415740554606,0.083778768162326
59,6,-0.122539854001636,0.053199571021131,-0.0932695179948689
59,7,0,0.0925078934533587,0.151809198382662
59,8,0,0.0404259658770434,-0.0529296349012575
59,9,0,0.0234090252450293,0.0666569209912981
59,10,0,-0.00199378260820265,0.185776510346059
59,11,0,-0.0605777819577804,0.00324229178767652
59,12,0,-0.0835209917306599,-0.165840009356045
59,13,0.130029166748825,-0.0226339178988348,0.02538047154111
59,14,0,-0.0247197877802179,-0.146762889541681
59,15,0,-0.00170692847524899,0.0302998577187796
59,16,0,0.0589152338148438,-0.122691789011166
59,17,0,0.0385828141987611,0.0608671599170863
59,18,0,0.0201182803956612,-0.00435926696303534
59,19,0,-0.00279109992976067,-0.0288232247377856
59,20,0,0.0606501084927418,-0.010627179264855
59,21,0,0.0189692239398186,0.00478836464815072
59,22,0,-0.00675796680812288,-0.0391665774920743
59,23,0,0.00621963214997323,0.0584136998966008
59,24,0,0.0592393611404231,-0.0943053464341522
59,25,0,0.0323351825102472,0.0211502957161293
59,26,0,-0.143980283960554,-0.065651856397073
59,27,0,-0.0941427200071438,-0.102257834165083
59,28,0,0.0559214139556939,-0.00115427007757723
59,29,0,0.0590571903231374,0.204839283548791
59,30,0,-0.0308238197593177,0.0233818337245789
59,31,0,-0.0389813093396277,0.00952014850538593
59,32,0,-0.0128567865860318,0.152386868307592
59,33,0,0.0151959307822894,-0.262977531538823
59,34,0,-0.0288078750743828,-0.0248133998380761
59,35,0.122135937070873,0.0282687930916822,-0.0495839739394303
59,36,0,0.0509411166626768,0.0621869448135202
59,37,0,-0.0178467649636265,0.00651758841950311
59,38,0,0.00454346897314732,-0.0167864253913677
59,39,0,0.018960937453299,-0.0861053643538646
59,40,0,-0.0367540099417039,0.155003796225253
59,41,0,-0.0104608870381793,0.234696924703746
59,42,0.116902338796747,-0.0449425473741647,-0.116875470531319
59,43,0,-0.0295265018409949,-0.0529927681563589
59,44,0.128168734809857,0.0342482234601565,0.0625261513969237
59,45,0,0.0750023207825777,0.123188517103987
59,46,0,0.00663291936055668,0.0470965996607172
59,47,0,-0.0422822356234521,-0.0452479487616186
59,48,0,0.0898161014275308,0.0871861971079516
59,49,0,-0.0014743279496266,0.202004741087111
59,50,0,-0.0492361514875814,0.0343989380424385
59,51,0,0.0459913602064111,-0.0101443847481648
59,52,0,-0.127135738794851,0.0548193404349505
59,53,0,0.0896297310281509,0.0615901386659406
59,54,0,-0.00556878400441029,-0.0770433530226786
59,55,0,-0.0158748437820554,0.0497847691554537
59,56,0,0.0388446859466299,0.0238260291337108
59,57,0,0.00832774829585896,-0.0672789938310864
59,58,0,-0.0259871480660132,0.0495439172444148
59,59,0,1,1
59,60,0.111527142848245,-0.140237647785588,-0.196096412754761
59,61,0,0.0053843914699856,0.105460843656287
59,62,0,0.0294146931602756,0.0236684499020584
59,63,0,0.0464181688721656,0.123830243521498
59,64,0,-0.0700883339557891,-0.130341700511898
59,65,0,0.016287460805936,-0.0954298215166193
59,66,0,-0.0481737413689161,0.0242466931954809
59,67,0,-0.0190786661385816,0.0175346116858729
59,68,0,0.0632373701594734,-0.0309482232665099
59,69,0,-0.0510284513104037,-0.172192765184638
59,70,0,-0.00119013115447258,0.00895728291235002
59,71,-0.107950208625061,-0.0175252939124662,0.0607485346641472
59,72,0,-0.0049309730275252,0.0145748804358662
59,73,0,-0.0256334812876074,-0.0308412924618828
59,74,0,0.0681274970101978,0.121472415468664
59,75,0,0.00383342400964847,-0.161771506364905
59,76,0,-0.00480068945248535,0.00369719681742884
59,77,0,-0.0371622515441565,-0.0148461302841924
59,78,0,-0.00600708603283869,-0.0511044807076321
59,79,0,0.0374188698339447,0.0279721518150641
59,80,0,0.0170914294379918,0.0079009602784996
59,81,0,-0.139152873030459,0.0147404386418569
59,82,0,0.0180599091256702,-0.0218321314195666
59,83,0,0.0359312100347838,-0.00669752446723907
59,84,0,-0.153349340200554,-0.279155207554096
59,85,0,0.0489317205959006,0.0948567314815392
59,86,0,0.0307255427007082,0.0248461193601048
59,87,-0.106312254276653,0.0184727024244761,-0.00651819936931657
59,88,0,-0.0619600947016445,-0.0837598216615259
59,89,0,0.0615392863935558,0.0983848041777009
59,90,0,0.0179556132658505,0.00614684003586729
59,91,0,-0.00831105223878742,-0.0468116956992433
59,92,0,-0.0221950744147568,0.0108729919192406
59,93,0,-0.0521912889512065,0.0277719571658336
59,94,0,-0.0322914824147349,0.0874844014335208
59,95,0,-0.0373521076714203,-0.145906055432929
59,96,0,-0.0212265269985156,-0.149912463430445
59,97,0,0.000482695339077287,-0.153447259030318
59,98,0,0.0137293799938165,-0.033482373183767
59,99,0,0.0186128488758842,-0.0625366068392682
59,100,0,0.0634410464234124,-0.0245199676807418
60,1,0,-0.0157266361636884,0.0528245842339425
60,2,0,0.00145211868295151,-0.121738351606027
60,3,0,-0.0122483788404143,0.0175535117294299
60,4,0,-0.00391990427915301,-0.0609140810267498
60,5,0,0.0293571158523635,0.0911863071975084
60,6,0,-0.0698982261970873,-0.15963655386091
60,7,0,-0.143829679348363,-0.0840232921101135
60,8,0,-0.0135539881904701,-0.0340548274919011
60,9,0,-0.0339650456257483,0.0635437158410273
60,10,0.13881805626508,-0.011681313413759,0.0662129983814395
60,11,0,0.0591968045720083,0.145079094074547
60,12,0,0.0208181938910576,0.0881460192911986
60,13,0,0.048968544592164,0.0963996104898867
60,14,0,0.0639762638648697,0.162213744182129
60,15,0,0.0398493386244849,-0.00915396660513571
60,16,0,0.0235234101869558,-0.05864668962209
60,17,0,-0.0119431052764533,-0.00863665237211694
60,18,0,0.0776494169051654,-0.1031386851577
60,19,0,0.0126545198045671,-0.059303511385072
60,20,0,-0.0498107496184403,0.00248826169607516
60,21,0,-0.034100903205446,-0.0977343156594542
60,22,0,0.0220187090590576,0.104008183002978
60,23,0,0.00317728267528645,0.00881951419254735
60,24,0,-0.0017393817223894,-0.00693635618381799
60,25,0,0.0910961559833287,0.0376454647832972
60,26,0,0.0413338948766299,0.209308273533296
60,27,0,0.0769627822351316,-0.043563240105161
60,28,0,0.0531538312268417,0.1843502136838
60,29,0,-0.0429455827472395,-0.0639045353751504
60,30,0,0.0299132122262678,0.0234086536336832
60,31,0,0.0026364416077504,-0.0586240013724054
60,32,0,0.0205866984879555,0.101227769185593
60,33,0,-0.00874554490157311,0.0100105224537305
60,34,-0.118853683365131,-0.0521263692111229,0.0498093322711476
60,35,0,-0.0346869585041456,0.0112657539838079
60,36,0,0.0208374110985118,0.0156793356513421
60,37,0,0.00614098097854947,-0.053324172546547
60,38,0,0.0292397773440625,0.0490127759148113
60,39,0,-0.0695316191322124,-0.0748609786567004
60,40,0,0.0428344165652519,-0.11440673274958
60,41,0,0.0221197840119,-0.0482504204039747
60,42,-0.114259028970617,0.0485243280541963,0.0501473471368003
60,43,0,0.0463496783552815,0.243488916505868
60,44,0,-0.0492103247748547,-0.0257917319496245
60,45,0.122449418855389,0.065332027573924,-0.158631169806811
60,46,0,-0.0793495563655554,-0.119216438634652
60,47,0,0.0170041265949767,0.0410258521748032
60,48,0,-0.108780667709881,-0.0625792864478164
60,49,0,-0.0423404617252529,-0.0984419650410587
60,50,-0.121296322324104,0.00438783463241252,0.0689855336241583
60,51,0,0.0243448653279274,0.0272975459848859
60,52,0,-0.0934558876936458,-0.132817481949087
60,53,0,0.0178653342259487,0.0126124217855585
60,54,0,0.0687127080266268,0.227897793758948
60,55,0,0.0179580503467556,-0.106143153184844
60,56,0,-0.0423686565529978,-0.117799601252244
60,57,0,0.0494776554266317,-0.020837072368256
60,58,-0.126929913790483,0.021585789021753,0.0911395585592805
60,59,0,-0.140237647785588,-0.208294799191668
60,60,0,1,1
60,61,0,-0.0321131186553871,-0.104441124326666
60,62,0,-0.00535102884131319,-0.188814644978755
60,63,0,0.0023731839002648,-0.211709831038815
60,64,0,0.0956683641669924,0.229324262039722
60,65,0,0.0828183351008982,-0.0399305737178026
60,66,0,-0.0526158225704409,-0.112727801819783
60,67,0,0.0693092965451498,0.0682167071661377
60,68,0,-0.0954947068023016,-0.158182875061063
60,69,0.117874455945467,0.0762323633804311,0.289686009338856
60,70,-0.118322898862508,-0.0173461937801346,0.0728681219425106
60,71,0,0.0351444714415539,-0.0691968449390744
60,72,0,-0.00438644895094041,0.073543721698843
60,73,0,0.0314272226269332,0.0796408143078857
60,74,0,-0.0444785735277866,-0.0641941781805856
60,75,0,0.0435947748222343,0.00430260120799341
60,76,0,0.0045335433702092,0.0588919313663664
60,77,0,0.0152726212868403,-0.0910049137325437
60,78,0,0.0456240861890929,0.0401902820672352
60,79,0,-0.0231101585472222,0.0907902431347139
60,80,0,-0.0855781835776809,-0.0643249486564673
60,81,0.12613135047561,0.0483142236245371,0.125137063193078
60,82,0,-0.00788155858252669,0.157265109977389
60,83,0,-0.0865207196988778,-0.08540415503519
60,84,0,0.0544059942066167,0.290310570222024
60,85,0.121781611795563,0.0334990573728064,-0.0581782606321035
60,86,0,0.000643230120415505,0.0798306630552023
60,87,0,-0.075898886698564,-0.0922504532421698
60,88,0,0.0537228867182525,-0.0510851787121267
60,89,0,-0.0587981230548037,-0.1076784142591
60,90,0,-0.0723497764019723,-0.141691912562869
60,91,0,-0.000266821131932472,0.0640134031522299
60,92,0,-0.0456304634567184,-0.114533607862264
60,93,0,0.0496743843534832,0.0449421799681095
60,94,0,0.0410129685913884,-0.104539696286344
60,95,0,-0.0628254088564692,-0.035681419232863
60,96,0,-0.00861683809837451,0.0286342565532458
60,97,0,0.0760599463503841,0.026545248510106
60,98,0,-0.0339268277990012,-0.0091194761068566
60,99,0,-0.0152681829037146,0.102780267562658
60,100,0,0.0622464361487674,0.148248382387892
61,1,-0.122499752074423,0.027457061869911,0.35431097943104
61,2,0,0.0380681168985619,0.0577262334604437
61,3,0,-0.0274832057566095,-0.261170476714019
61,4,0,-0.0251957021204883,0.06658401815352
61,5,0,0.0103596369158801,0.077358747092112
61,6,0,0.0130200361755041,0.0598456541254142
61,7,0,0.120284701940271,0.119812158813535
61,8,0,0.0043030797307274,0.0853199345040822
61,9,0,0.0486687492008499,0.0191516624652705
61,10,0,-0.0456513369484335,0.0739906097594362
61,11,0,-0.0742816824252702,0.0562827975307342
61,12,0,-0.00561061404236811,-0.164046806241166
61,13,0,-0.0163297030324545,0.0113954205589881
61,14,0,-0.0263405889240308,-0.178928567206786
61,15,0,-0.038680478661012,0.00247656852729557
61,16,0,-0.0683872154321317,-0.183312590089242
61,17,0,0.0131518443999775,-0.133847237505475
61,18,0,-0.0690152117396473,0.0798538745021143
61,19,0,-0.0287647130650598,-0.00491205899527911
61,20,0,-0.0167744876019342,0.0715370280586786
61,21,0,0.0111499396026123,0.105975466368123
61,22,0,0.00116202608738238,-0.087859721131344
61,23,0,-0.0501807847425942,0.0614955540482128
61,24,0,0.0215539366389687,-0.00696650951349941
61,25,0,-0.178280709919546,-0.198043833454348
61,26,0,0.00579089299643472,-0.128561515129708
61,27,0,-0.0408476678831192,0.116140057649686
61,28,0,-0.0725916314705239,-0.0491887715179771
61,29,0,0.016084839519642,-0.0847594706984042
61,30,0,0.0147189886598217,0.012894610435524
61,31,0,0.0744095615527098,-0.133514429176766
61,32,0,-0.020695436091576,0.0813560077270218
61,33,0,0.0690249616293001,-0.0135942616485973
61,34,0,0.112488765064202,-0.0688080795790475
61,35,0,-0.0144800211415739,-0.127405641114761
61,36,0,0.0254398282481469,-0.128859562646561
61,37,0,0.0142948884167976,-0.0123461558892336
61,38,0,-0.00632095090218399,0.0284798261697979
61,39,0,0.0897144110075874,0.1076568880993
61,40,0,0.0102814689483636,-0.111587025460174
61,41,0,-0.0568809135788876,0.00355022102274799
61,42,0,-0.0287752393523045,-0.258507836086912
61,43,0.122202027868995,-0.0279154608954301,0.0100180634230096
61,44,0,0.0603832390465226,0.000198707599989599
61,45,0,-0.0759810405394383,0.235728679792289
61,46,0,0.0839010916235111,0.070504879165005
61,47,0,0.0231703156233062,0.0543685899587364
61,48,0,-0.00827965096888918,0.0138010181551255
61,49,0,0.0493909651253562,-0.128858859923257
61,50,0.123154978067926,-0.0923533127228924,-0.317140930548985
61,51,0,0.0124563148273702,0.0882638936260214
61,52,0,0.0400297294702725,0.0523171134838127
61,53,0,-0.149883517060111,-0.186984706157778
61,54,0,-0.0675161477996928,0.0063272661150652
61,55,0,-0.0302681610884934,-0.0905737614135399
61,56,0,-0.0664794569256645,0.0990073241364885
61,57,0,0.0587840477724923,-0.0352781070657752
61,58,0,0.0132079585069749,0.117215534703802
61,59,0,0.00538439146998564,0.164467732138031
61,60,0,-0.0321131186553871,-0.153338857751475
61,61,-0.640942294849083,1,1
61,62,0,-0.00663643138982941,0.0663093008425548
61,63,0.124411845898079,-0.066419003369543,-0.242231189795967
61,64,0,-0.0120274440602143,-0.126375218297051
61,65,0,-0.0189139896880589,0.115055656802955
61,66,0,-0.111900719560427,0.181111421558332
61,67,0,-0.013908382393486,-0.0819939205604393
61,68,0,-0.0440656616898166,-0.109537933565798
61,69,0,0.0328748988077072,-0.0569925557657276
61,70,0,0.0472803412216394,-0.0346945355318041
61,71,0,0.0367529523842634,-0.163244604071729
61,72,0,-0.0230731862541433,-0.145643105266691
61,73,0,0.0280365968858079,0.0148098477574986
61,74,0,-0.0572407812632082,-0.11351128715751
61,75,0,0.0303969080027608,-0.153193910088587
61,76,0,0.0619033035451389,-0.0984543882737106
61,77,0,-0.024048504180152,0.158027042378823
61,78,0,-0.0565207324558097,0.0293805747521743
61,79,0,0.0269145872146716,0.0540424399008982
61,80,0,0.0497165084323811,-0.147674703021779
61,81,0,-0.0187427955330756,0.0527816390188158
61,82,0,0.0497686877303311,-0.112826524638593
61,83,0.134417532342514,0.0474792548368255,0.0741695554460071
61,84,0,0.0374176861697471,0.0490599762662917
61,85,0,-0.0595619830091373,0.0520097839948184
61,86,0,0.00986525176526953,-0.15811650998312
61,87,0,0.00220359965713689,-0.106149423182187
61,88,0,0.0321143990866426,-0.0675476996535672
61,89,0,0.0494447994391388,0.0637277981890745
61,90,0,-0.0465239152494769,0.0666927458730402
61,91,0,-0.0312493253596089,0.0484757462351201
61,92,0,0.0820059382115728,0.122219460239459
61,93,0,0.0496455813954441,0.159344384993441
61,94,0.116501803128051,0.0100779584718606,-0.0784105879946922
61,95,0,0.0733495017091319,-0.0635745981808552
61,96,0,0.0528972922093928,-0.11650079161849
61,97,0,-0.00128801383322274,-0.179998055310555
61,98,-0.123928886012915,-0.0676843705255917,0.139794325134779
61,99,0,0.0314344024414871,-0.136246426198639
61,100,0,-0.163829398564159,-0.101521113857843
62,1,0,0.035091040068611,-0.0394213603757031
62,2,0,0.0375874270838771,0.118669949649362
62,3,0,-0.10464356414593,-0.0822010511470642
62,4,0,0.0229339905951582,0.0669007513203041
62,5,0.129168499019357,-0.161652531694338,-0.122391725889508
62,6,0,-0.00514450690562823,0.131990977832018
62,7,0,0.0307956362421105,0.0269697707453055
62,8,0,0.0137260506049153,0.133355644475775
62,9,0,0.0577986120911652,0.129973800669687
62,10,0,-0.164697170329962,-0.255733552774262
62,11,0,-0.0177513269198281,0.0163151053995682
62,12,-0.130275679849261,0.0382520973580767,0.0298939196920422
62,13,0,-0.00101432708739432,-0.110116175093941
62,14,0,0.0124542099225682,-0.053049165747457
62,15,0,0.0123959192751363,-0.158352333910002
62,16,0,-0.00267816347955159,0.116060469742792
62,17,0,-0.00172072429660299,-0.0701456702970102
62,18,-0.139582567473203,-0.0282039086255188,-0.170298110932577
62,19,0,0.0122404647344517,0.0402894917765926
62,20,0,-0.0221005047422513,-0.115374618522821
62,21,0,-0.0462157001106857,-0.114840181870915
62,22,0,0.0227620617779783,0.0886205771526647
62,23,0,0.055174944082117,0.0142170979041251
62,24,0,0.00926227635015757,-0.0967349593987199
62,25,0,-0.00757354066519263,-0.20222920026589
62,26,0,-0.0193911454579688,-0.117322771689893
62,27,0,-0.0775731344801224,0.0167004963439887
62,28,0,0.0420496782932658,0.0725470731765499
62,29,0,0.0243586330693307,-0.134636670653061
62,30,0,-0.0349605545092769,-0.107797961737141
62,31,0,0.0143663577349957,0.142960441007863
62,32,0,0.00492583390441698,-0.137987582875171
62,33,0,0.00260285200911416,0.0125455176081065
62,34,0,0.00616607920863523,-0.00570396899721088
62,35,0,-0.00592357672415682,-0.0172202785774441
62,36,0,-0.0287019031494928,0.18413319089437
62,37,-0.133450137897559,0.0139942761016166,-0.153115365789516
62,38,0,0.00158111245657708,-0.0233352654164931
62,39,0,0.0206716038153625,0.271999532044655
62,40,0,-0.0399010005273883,-0.0331246801111024
62,41,0,-0.00171408664014578,-0.039217827031961
62,42,0,-0.0219952558694554,-0.0484315786390306
62,43,0,-0.0268446669310643,-0.110340743079339
62,44,0,0.00283310778513322,-0.121273141423029
62,45,0.133566039993076,0.0162648855556646,-0.259660526436132
62,46,-0.131144512026526,0.0284549849735989,0.146174801084686
62,47,0,-0.00528124901995346,-0.250865052841304
62,48,0,0.00663843459966857,-0.151970741857184
62,49,0.134699237335265,0.0361878218849897,0.0286826964810335
62,50,0.132308259116261,0.0375533060029009,0.13999002964216
62,51,0,0.0382962519930807,-0.138859668346457
62,52,0,-0.0361909277988612,-0.0252084252724358
62,53,0.129218347741641,0.0394554479914614,0.136069866111327
62,54,0,0.0127995868929804,-0.0366494083518224
62,55,0,0.0148386289618757,0.107689157229023
62,56,-0.135214621248854,0.0208519098453471,-0.0278205328738042
62,57,0,-0.0119757950839461,0.154337029325545
62,58,0.138453298514053,-0.0207700520982216,-0.0899233814995656
62,59,0,0.0294146931602756,0.034810189694312
62,60,0,-0.00535102884131323,-0.261434845894683
62,61,0,-0.00663643138982941,0.0625347704575764
62,62,0,1,1
62,63,0,-0.0201053494990413,-0.119315055633561
62,64,0,-0.012021361532745,0.073555037221331
62,65,0,0.00635349267629066,-0.170797666889856
62,66,0,0.0127014449978299,-0.107051079882938
62,67,0,-0.0248224913109096,0.0241845262583745
62,68,0,-0.00952797856789451,-0.0891413387201228
62,69,0,-0.00630761383053529,-0.112232260046412
62,70,0,-0.0373181495273548,0.178691274282012
62,71,0,-0.0170915898492333,0.0322864782006516
62,72,0,0.0528499548669769,-0.0721631497250578
62,73,0,0.0292003018961984,-0.0783883661781773
62,74,0,0.0574766094727977,0.00521883495418324
62,75,0,-0.0132437770919892,0.0648624310900285
62,76,0,0.0144008972855617,0.0513326958009461
62,77,0,0.00826120047496289,-0.0481873088607359
62,78,0,0.00629365596338216,0.0810199985672202
62,79,0,0.01336741865225,0.0153118006735393
62,80,0,-0.0303687640020784,0.0367909102874383
62,81,0,0.005797720618174,0.0664390902630504
62,82,0,0.0317702686116114,-0.0604452837830875
62,83,0.13362145261192,0.0436614014282561,-0.0126803292832613
62,84,0,-0.00619026970395061,-0.0671035441939259
62,85,0,0.0185954177816763,0.0167727080028514
62,86,0,-0.0975947495862272,-0.102951056062848
62,87,0,-0.00639443040426652,0.11550584467909
62,88,0,0.00433529256865218,-0.044087516508679
62,89,0,-0.0934901594876354,0.0593296598334874
62,90,0,-0.0243463919461461,-0.0520406171798184
62,91,0,-0.0035646624150115,-0.0832024615596933
62,92,0,0.0211954992648716,0.130829875697997
62,93,0,0.0348635367200684,0.230090086375304
62,94,0,-0.0408894755814673,0.00727378997959761
62,95,0,-0.0192337865259593,-0.138414594206942
62,96,0,0.0206021381783255,0.148714549852144
62,97,0.119642991733426,-0.00124332543113499,0.0538740215447119
62,98,0,-0.0079050884126736,0.0273695971624559
62,99,0,-0.0843888992087633,-0.103449721600253
62,100,0,0.0220000983127768,-0.0342743769777746
63,1,0,-0.0532706053075729,-0.105547510105996
63,2,0,-0.0768052009036372,0.0182475194256088
63,3,0,0.0438516337458611,-0.0231087293400201
63,4,0,0.000545640465466925,0.0153396939030091
63,5,0,0.00932392888841094,-0.0382887517723992
63,6,0,0.0112716398861953,-0.0291003403688619
63,7,0,-0.193000948081385,0.0786983354868452
63,8,0,0.0648203528552801,-0.0145843276784328
63,9,0,0.0417367851694119,0.0707156533732839
63,10,0.14782035201289,0.0652115452412166,0.0454387436288213
63,11,0,0.0395045610096664,0.0313164006126109
63,12,-0.127178090348355,0.0781816731190455,0.116118791297613
63,13,0,0.0274810112299854,0.0679036914903743
63,14,0,-0.0484661368917729,0.0971361537204935
63,15,0,0.0119924507904633,-0.0884159335165035
63,16,0,0.0797471332668352,-0.0251600952524566
63,17,0,0.0277153988173127,0.228522746014924
63,18,0.136263686343473,0.112148187807216,-0.0240659828277178
63,19,0,0.0367363555433652,0.0349369510461855
63,20,0,-0.0129757890738421,-0.0778228453259791
63,21,0,-0.042458556812207,0.0583124797902528
63,22,0,0.0752844983075208,0.0203633219769105
63,23,0,0.0525045330944731,0.117811188721163
63,24,0,0.037346308131129,-0.029210899356165
63,25,0.124826500353579,0.0637082338981101,0.158842788320669
63,26,0,-0.0596450984480747,0.0288321802340844
63,27,-0.134828061860465,0.132708764342676,0.0362267786353776
63,28,0,-0.0109212971860984,-0.0100138433996331
63,29,0,0.0110187027190081,0.103226782974464
63,30,0,0.0320768460364496,0.123279159118972
63,31,0,0.059734708521982,0.00840420452933623
63,32,0,0.0980926386950887,0.128655780004786
63,33,0,0.0493128807589837,0.105558705699988
63,34,0,-0.0238463460908227,-0.0142236452420218
63,35,0,0.0497627692742414,-0.0213401070595284
63,36,-0.126865612601211,0.0685516116294215,-0.1028213852931
63,37,0,-0.0752273012079727,-0.0325173051968239
63,38,0,-0.0537213137025321,0.0199077719686
63,39,0,-0.00559653544996647,-0.085114570012939
63,40,-0.134967806989156,-0.00491774969159868,0.272920959440396
63,41,0,0.0252302751778493,0.0586512370358989
63,42,0,0.0067277280276803,0.00733495801495657
63,43,0.128162906546161,-0.00469008979354514,-0.136245487672398
63,44,0,-0.0654052020934847,-0.0360726148460099
63,45,-0.130390214976167,-0.000407069004740443,0.148115488113023
63,46,0,-0.169229005069308,0.00761220906195843
63,47,0,-0.0137626401744273,0.0440158345543859
63,48,0.136967367522839,0.0779718453222438,0.059988034304319
63,49,0,-0.0636106810821563,0.170201906377128
63,50,0,-0.0134494198742139,0.134406402899151
63,51,0,-0.0308909847693087,0.0871415100244128
63,52,0,-0.0114274318749002,0.122488882703388
63,53,0,0.00941943761016561,0.0319177304065651
63,54,0,0.0434751547345362,-0.101093557119987
63,55,0,0.0537065265982332,0.0609347070950655
63,56,0,0.0268991707870216,0.147989783295662
63,57,0,-0.0156521077477889,0.148563399492909
63,58,0,0.0133998106349467,-0.044323188099689
63,59,0,0.0464181688721655,0.147415165997168
63,60,0,0.00237318390026486,-0.237272653441483
63,61,0,-0.066419003369543,-0.184908143599292
63,62,0,-0.0201053494990413,-0.0965770894595971
63,63,0,1,1
63,64,0,0.016462429158911,-0.141033631866726
63,65,0,-0.0127267350701342,-0.0547568860374068
63,66,0,-0.0245963482871987,-0.0510158225265203
63,67,0.119306952784877,-0.011980958844468,-0.0671490121280522
63,68,-0.127570359765961,0.0363216370320333,0.152570965360091
63,69,0,0.00468676377398874,-0.222692531519938
63,70,0,-0.0280478801663113,-0.109514772477187
63,71,0,0.0593148773638832,0.046280598868521
63,72,0,0.0472629584631151,0.0375222591143697
63,73,0,0.0235712491524004,0.0024662401831456
63,74,0,0.0628905985165306,0.110518828183049
63,75,0,0.0275197616328888,0.168282928461394
63,76,0,-0.0253929512685971,-0.0278638179025092
63,77,0,0.0142663555231853,-0.0196473869991247
63,78,0,0.0301905385673535,0.072067077466035
63,79,0,-0.0212774910355992,-0.0636660697145275
63,80,0,-0.0402282020532778,0.0679274001737254
63,81,0,-0.0163397948561194,-0.122369602720949
63,82,0,-0.0317123299656257,-0.0486891697900554
63,83,0,0.0193515157875507,0.103428547840908
63,84,0,-0.0831356563637821,-0.289829407529626
63,85,0.124969685169377,-0.0152788740903574,0.128958890466283
63,86,0,0.0478354577987426,0.164549707056071
63,87,0,0.00355839251909145,0.0123936989875151
63,88,0,0.0321526578402425,0.0358373976564348
63,89,0,0.0600256076698888,-0.063155792782412
63,90,0,0.0355879542597024,0.21825573186238
63,91,0,-0.0425077142516273,-0.0800343870918734
63,92,0,-0.0524755726790161,0.104744257458068
63,93,0,-0.181120787197915,-0.00554070705569795
63,94,0,0.0540081658499095,0.160657436610199
63,95,0,0.0252764182505544,-0.0312956013986851
63,96,0,-0.0424105797860161,-0.171497944029581
63,97,0,0.0899045571628951,0.0512287687163737
63,98,0,-0.0412437024861768,-0.0247998940628928
63,99,0.121148517513367,-0.0350891420134004,-0.0317238926801088
63,100,0,0.156081814532345,0.0425506607876066
64,1,0,-0.0392718430644685,-0.209187700168708
64,2,0,-0.0239341846790727,-0.0280262188916631
64,3,0,-0.0133316216828035,-0.0237693104997249
64,4,0,-0.137315064389151,-0.138000628841621
64,5,0,-0.0273570419825598,0.195117939722986
64,6,0,-0.0354269262223056,-0.00226789584169596
64,7,0,-0.0852618197563889,-0.189901376665557
64,8,0,-0.0207694481725341,0.088310475785032
64,9,0,-0.024275652084247,0.00861456404142794
64,10,0,0.0203494706367688,0.03994696497184
64,11,0,0.0478050217017396,0.207028661306605
64,12,0,0.0367202408908367,0.0113009824783461
64,13,0,0.0637413143366559,-0.0328373796785247
64,14,0,0.0500632660560763,-0.0270860548496257
64,15,0,0.0992593628777298,0.21878504532349
64,16,0,0.105105300890179,-0.00676143598130926
64,17,0.119511288350045,0.00857926343151336,-0.000505498738358039
64,18,0,0.0440523464389255,-0.0204965252162999
64,19,0,0.0576611340152905,0.237424548861783
64,20,0,-0.0623116785107701,0.112991961375221
64,21,0,0.0260453525363061,0.0622141174836572
64,22,0,0.0976299664307922,0.204561680451139
64,23,0,0.044144869282809,-0.0806551411349483
64,24,0,-0.106055654714894,-0.148370479668205
64,25,0,0.076711403224396,0.0569561456705502
64,26,0,0.0473206548357856,0.0973984008607354
64,27,0,0.0503418474647321,0.0276425874406583
64,28,0,0.070064802816952,-0.026634816961537
64,29,0,-0.023839094510263,-0.0130224515701157
64,30,0,0.0158053991601539,-0.0415311424954766
64,31,0,-0.0272468824918547,-0.191111536431188
64,32,0,0.0393577925150643,-0.00945018456753006
64,33,0,-0.00902091397897644,-0.0690704076736693
64,34,0,-0.0766759473355218,-0.0255159334060143
64,35,0,-0.0503869588139614,0.0453292243636717
64,36,0,0.068940437716011,0.248378878639674
64,37,0,-0.116944078413974,-0.0275296368034103
64,38,0,-0.0232217009171983,0.113238894266063
64,39,0,-0.0227782368366127,-0.153783874503964
64,40,0,-0.0681819491528477,0.0751893107812071
64,41,-0.12633800919441,0.049386788887087,-0.133756518889807
64,42,0,0.0354699818998571,0.137229817548061
64,43,0,0.0263294978131883,0.0106870007462191
64,44,0,-0.0992156242712053,0.0197596935638884
64,45,0,0.0404106846658998,-0.123570420499104
64,46,0,-0.0739969327657978,-0.0959183196069169
64,47,0,0.0189944268015417,0.105330673040606
64,48,-0.130899790956426,-0.0144989500242775,-0.0552746426459297
64,49,0,-0.0406725100870332,-0.0209927971945819
64,50,0,0.00263700719705375,-0.0919601165920397
64,51,0,0.035401267329893,0.0852707408854242
64,52,0,-0.113654619910258,-0.0524446369406069
64,53,0,0.0677939284276773,-0.032220252415715
64,54,0,0.00829708197358902,0.0484438152388443
64,55,0,0.0410643680204363,0.203481114363751
64,56,-0.126152090422047,0.000712792864638195,-0.0662174165329018
64,57,0,-0.0173024274948934,-0.184715367095681
64,58,0,-0.118653938288749,-0.00845587669083265
64,59,0,-0.070088333955789,-0.141262671014006
64,60,0,0.0956683641669924,0.233983513600999
64,61,0,-0.0120274440602143,-0.0878246619972607
64,62,0.133377386539657,-0.012021361532745,0.0542025696997315
64,63,0,0.016462429158911,-0.128395937303757
64,64,0.154567940626293,1,1
64,65,0,-0.0109567936164823,-0.0628148805852135
64,66,0,0.0123467379196764,0.0291878694717417
64,67,0,0.0578850496376136,0.0962768431140298
64,68,0,0.0726089359773784,-0.0776808406366165
64,69,0,0.0497373429931313,-0.0209666020157528
64,70,0,0.0106770720711774,0.118255763613725
64,71,0,0.0407517712232249,-0.0529288771304029
64,72,0,0.00786046244660404,0.0349866515892409
64,73,0,0.01941067764445,0.104393603049388
64,74,0,0.0435582751106269,0.138870481589408
64,75,0,0.0140496054295269,0.155255026140219
64,76,0,0.0124672553916012,0.0958350865863228
64,77,-0.116379269427589,0.00303067454332068,-0.0673059579643296
64,78,0,0.00214288151205323,-0.0137051902387421
64,79,0,-0.06440852237804,0.132113919287973
64,80,0,-0.0234467134579779,0.0883369489144046
64,81,0,0.0292535757560673,0.24051214819968
64,82,0,5.33975605831715e-06,-0.065375646636646
64,83,0,0.0172522274751241,-0.140638693114288
64,84,0,0.0290556053478243,0.131290349289947
64,85,0,0.0322884874403214,-0.232200245011223
64,86,0,0.000165164964668794,0.0430274787216588
64,87,0,-0.0449719266300318,-0.0359614540367157
64,88,0,0.0614908631311492,-0.152242566621558
64,89,0.115129212558169,0.0508392591011623,-0.0568035131872577
64,90,0,0.0418890996571105,0.0387621594587256
64,91,0,-0.0167795974301902,0.0663974791787108
64,92,0,-0.216777634627637,0.0433494439103542
64,93,0,-0.027490277413905,0.0475211676230764
64,94,0,-0.0259114407626986,0.16298946206155
64,95,-0.111566204937063,-0.0470497367917626,0.0183683294402741
64,96,0,-0.0324029335031489,0.0566712846658266
64,97,0,0.0676026054348351,0.00855511296810275
64,98,0,0.0221727216084909,0.0182020320138105
64,99,0,-0.0562697643785791,-0.0558848203236717
64,100,0,0.157249123297647,0.0401275118911043
65,1,0,0.0837190964420172,0.0851286681915938
65,2,0,0.0197570217468827,0.061368518492678
65,3,0,-0.154844775124687,0.0352595173070751
65,4,0,0.0452506845402422,-0.0347445629896923
65,5,0,-0.0246807713232789,-0.05969184494867
65,6,0,-0.0768602614252914,-0.0485512308373289
65,7,0,-0.104073746033692,-0.0616157475027665
65,8,0,0.00733410336725591,-0.0352323811598228
65,9,0,-0.146561269543819,-0.262090036443381
65,10,-0.139706974697199,-0.0342676663688772,-0.0846040256616941
65,11,0,0.00838534571220376,-0.114672047747233
65,12,0,-0.065589732253404,-0.00846562611460198
65,13,0,0.00353502737704794,-0.0956167996308104
65,14,0,0.0121765196379073,-0.0319017996293028
65,15,0,-0.0848226280935364,-0.0681899292532849
65,16,0,-0.0439183017049917,-0.0692750255697873
65,17,0,-0.146548376746201,-0.217361222013356
65,18,0,0.0634408468505057,-0.058861261312407
65,19,0,-0.142692608058542,-0.148751836318644
65,20,0,-0.0850218034055325,0.161650136314819
65,21,0.120927985082941,-0.0281133058930285,0.0844930274319861
65,22,0,-0.0261997357535216,-0.101376088534315
65,23,0,0.014553145923655,-0.132025304025725
65,24,0,0.0256456615101763,0.0195514011232323
65,25,0,0.0873331720076105,0.0330950498857488
65,26,0,0.0197793469455772,-0.161320134081992
65,27,0,0.00654873792959972,0.00396610928768101
65,28,0,0.120619100284425,-0.0160956403497664
65,29,-0.130213669065341,-0.0629402416931716,-0.0368181762332588
65,30,0,0.0196363916905563,-0.054915363694293
65,31,0,-0.0186916064367762,-0.0437347387831687
65,32,0,-0.00595198890232373,0.0444264614747817
65,33,0,0.0486017262630825,-0.1054231031153
65,34,0,-0.0598822391534512,0.10125392379826
65,35,0,0.00167038097070131,0.15535377246548
65,36,0,0.0600750080958537,0.0272997529240136
65,37,0,0.0374519337160874,0.110645198224442
65,38,0,0.0902821671675832,0.0340652769033779
65,39,0,-0.0204611462682657,0.0325902421317591
65,40,0,0.0177247052425487,-0.212583393261449
65,41,0,-0.0150183924879901,0.0408821045769401
65,42,0,0.0399389424360396,-0.0854741817814125
65,43,0,0.0102650710409836,0.00452566384987482
65,44,0,-0.0206653503714535,0.0568328919492897
65,45,0,0.106094122918593,0.187023044569306
65,46,0,0.0672249091600824,0.18333234918296
65,47,0,-0.0106552870306983,0.0606918238141079
65,48,0,0.0659882105771766,0.00186733539132564
65,49,0,-0.0144549614559794,-0.0332157870086455
65,50,0,-0.187762532987868,-0.256192798423348
65,51,0,0.063515346299837,0.138426830594064
65,52,0,-0.015579767510125,-0.0166987795528013
65,53,0,-0.0354603438122861,-0.121901906166128
65,54,0,0.0254039626073417,0.0651120170587593
65,55,0,0.0861290178318349,-0.021545716610981
65,56,-0.124754569930964,0.0190800181048338,-0.169419467691943
65,57,0,-0.00629576101423329,-0.152008525714675
65,58,0,0.0111020942281788,0.166124802561165
65,59,0,0.016287460805936,-0.150923952800995
65,60,0,0.0828183351008982,-0.0594525973047237
65,61,0,-0.018913989688059,0.11667896628773
65,62,0,0.00635349267629075,-0.183662046619188
65,63,0,-0.0127267350701342,-0.0727440309890886
65,64,0,-0.0109567936164824,-0.0916626834387348
65,65,0,1,1
65,66,0,-0.193851794905651,-0.078084980085076
65,67,0,0.0291333539012465,-0.148936182353707
65,68,0,-0.0207401896360965,0.0482113174247991
65,69,0,-0.139185004412525,-0.0564696873637988
65,70,0,-0.122099198193723,-0.28824482861843
65,71,0,-0.0314970959661686,-0.279373967080873
65,72,0,-0.166031676715225,-0.10789075307467
65,73,0,0.0188910278353251,-0.148118789029697
65,74,0,0.0484544168203361,-0.165389102899893
65,75,0,-0.0095892519337526,-0.0966075209120816
65,76,0,0.020916347438462,-0.1628195656464
65,77,0,0.022523340264128,0.107007625303298
65,78,0,0.0477970210148352,-0.0947360811055885
65,79,0,0.0302640475138962,0.0642246604229143
65,80,0,-0.197418482440032,-0.198095640207716
65,81,0,-0.0346789595317083,-0.135750540911216
65,82,0,0.0610539570937995,-0.0217876299346418
65,83,0,0.0238741079066016,-0.0477956359681777
65,84,0,-0.0308007009940024,-0.0600140976799837
65,85,0,0.0221222012999429,-0.125322006400724
65,86,0,0.0258334740000298,-0.246863170174171
65,87,0,-0.0912740476880734,0.148170676260494
65,88,0,-0.0288496438028989,0.0150963666559872
65,89,0,-0.0682381963833332,-0.0164991414602333
65,90,0,0.024247767984022,0.197856855945211
65,91,0,-0.0673550174150604,-0.26549969789343
65,92,0,0.00417152589477344,-0.155100029888856
65,93,0,0.064953053613522,-0.170595203183402
65,94,0.117646622160262,-0.0773006067547531,-0.00984705544958006
65,95,0,-0.208993308255877,0.0230647753743367
65,96,0,0.0158413566015193,0.0504793382661689
65,97,0,-0.0302165500529167,-0.100863094041297
65,98,0,0.0491992407781681,0.130435547545734
65,99,0,0.0644520164159857,0.068014383933867
65,100,0,-0.0553393464093885,-0.092517159009701
66,1,0,0.00490386552160706,0.112373663930036
66,2,0,-0.021593873331551,-0.0517863488885383
66,3,0,0.0851689372675495,-0.0971920793213598
66,4,0,0.0536711187588524,-0.149613135852814
66,5,0,0.0678172249582793,0.0431310453364258
66,6,0,0.109224509688093,0.0788262582031685
66,7,0,0.0326428603945444,0.137892413379763
66,8,0,-0.0635444314989212,-0.197899531797027
66,9,0,-0.00505323753787037,-0.0974422757524925
66,10,0,0.0216781571894373,0.0881051814121992
66,11,0,-0.118841551823793,-0.0304360675922528
66,12,0,0.034115620091229,-0.0433429202759851
66,13,0,0.0582285644131739,0.0120838376303177
66,14,0,0.0125421172602396,0.070149867296755
66,15,0,0.0443860866434251,0.139045781660582
66,16,0,0.0538629619937313,0.113263540770326
66,17,0,0.0281721006808806,-0.0178213999677955
66,18,0,-0.0294992461699276,0.140313586776474
66,19,0,0.131056408359462,0.0482691484245322
66,20,0,0.0269896704611803,-0.084497591241866
66,21,0,0.0929268322092622,0.0657861531060823
66,22,0,0.00414980648970312,-0.0301795318256774
66,23,0.128935898680076,0.0819199482766993,0.156032956754602
66,24,0,-0.0147260504274162,0.220284857573741
66,25,0,0.000191264068678109,-0.0426859472094178
66,26,0.11814530851955,-0.0512395831413434,-0.0609706548573589
66,27,0,-0.0443414739571321,0.0376479460870142
66,28,0,0.0107054978689361,-0.00127997377416545
66,29,0,0.0213319579767681,-0.151549222220088
66,30,0,-0.0426367233407968,0.0560309015585611
66,31,0,-0.122754228515612,-0.033491215015653
66,32,0,-0.0584032238129059,0.00422735161540416
66,33,0,-0.146942061066116,0.0782510763350727
66,34,0,-0.099670346247049,-0.123971052298611
66,35,0,-0.0612564202509711,-0.0341101772933449
66,36,0,-0.137870629496387,-0.0535561314289289
66,37,-0.126474800708729,0.0640673170481163,0.0697314122740394
66,38,0.131821328055877,0.0181617962590081,0.00117289023589735
66,39,0,-0.0139341260657095,0.00751548852949251
66,40,0,0.0128060537720094,0.150258409203382
66,41,0,0.0576059814426263,0.00301451888767207
66,42,0,0.00375898080594436,-0.00542564643399227
66,43,0,0.0406877688152066,-0.0202655418145106
66,44,0,0.111669173669066,0.144217218349528
66,45,0,0.0507581892062313,0.135904913274244
66,46,0,0.000168685091135184,-0.013612988579807
66,47,0,0.0172803195243268,-0.174262872489431
66,48,0,-0.0718417401272229,0.100254197136108
66,49,0,0.127395461361942,-0.164801992513862
66,50,0,0.0381521004689302,-0.179473717878182
66,51,0,0.0879975994062981,0.0852192512906691
66,52,0,0.0446399993210409,0.250348781150373
66,53,0,0.100497318719177,-0.0135548469723568
66,54,0,0.0618255599707493,-0.108957902292576
66,55,0,-0.056395349154927,0.074532743413052
66,56,0,0.023076029402057,0.190649574666277
66,57,0,-0.13402376462607,-0.152808545556717
66,58,0,-0.0317998413317943,0.0875350006240953
66,59,0.12708366587138,-0.0481737413689161,0.0301940968851928
66,60,0,-0.0526158225704409,-0.132157491954801
66,61,0,-0.111900719560427,0.14461918301843
66,62,0,0.0127014449978298,-0.0906408575563627
66,63,0,-0.0245963482871987,-0.0533653032213731
66,64,0,0.0123467379196764,0.0335372842305887
66,65,0,-0.193851794905651,-0.0614841213954395
66,66,0,1,1
66,67,0,0.0320505805029873,-0.088100201407975
66,68,0,0.0426219126978975,0.109849466600976
66,69,-0.114725948584675,-0.0371596781971119,0.0374031737852596
66,70,0,0.0634833790442143,-0.0405669009000722
66,71,0,-0.0284144127335852,-0.208514533395541
66,72,0,0.0707396129101232,0.0941970541125004
66,73,0.121433181780527,-0.105904277412042,-0.0453681222951127
66,74,0,0.14679323944552,0.0430078600112047
66,75,0,-0.193739270530731,-0.124083535549181
66,76,0,-0.0819052030891292,-0.0876002949335872
66,77,0,0.0289462794613736,0.0188467223759989
66,78,0,-0.0317323728721292,-0.0294975678135658
66,79,0,-0.00964808097256764,-0.116304766031482
66,80,0,0.140860144577119,0.168948552721615
66,81,0.122762295813056,-0.00576059075394296,0.0105222321170385
66,82,0,-0.0460857046467726,-0.0599806858325848
66,83,0,-0.0990186448573484,-0.0729032084301274
66,84,0,-0.0142696847929038,-0.00823465909308662
66,85,0,0.032534179030061,0.158470129365421
66,86,0,-0.0861574711456498,-0.135233633874266
66,87,0,-0.00234254969629538,-0.0632970126040674
66,88,0,-0.10012648530605,0.091218330385005
66,89,0,0.0365736484718818,-0.00651684162553852
66,90,0,0.0849540141211857,0.0439591298297911
66,91,-0.121565625176094,0.0910737125543617,0.0269666789790073
66,92,0,-0.00638563852002641,-0.135957744851172
66,93,0,-0.0452340222691699,-0.0850650398283768
66,94,0,0.0477427461655259,0.0274136216352171
66,95,0,0.0227030850264211,0.136070053690727
66,96,0,-0.0234015180615266,0.0236643698701784
66,97,0,-0.0438762559693146,0.0438842872953747
66,98,0,0.107854512341487,0.127884313299133
66,99,0,-0.0895576062614375,-0.256018250303516
66,100,0,0.0425566898404842,-0.161137187958573
67,1,0,-0.0042105153489013,0.070582181391509
67,2,0,-0.0367357631660509,0.0761670171120893
67,3,0,0.0577968708407113,-0.0725228166341053
67,4,0,0.030416700241091,-0.0868036780774818
67,5,0,0.0489712733307329,0.121524760775666
67,6,0.131947614587391,0.0200109549440037,0.128220272208753
67,7,0,-0.0167442379915473,-0.11211630940037
67,8,0,-0.0541552750036508,-0.0522420897879301
67,9,0,-0.0194240970426571,0.297050478789508
67,10,0.152933565854964,0.0102924624734504,0.0723620963810471
67,11,0,-0.0316339498933338,0.266582010865157
67,12,0,-0.139141867422737,-0.0239950458112883
67,13,0.140011904853946,0.0730371530173646,-0.00990555116261695
67,14,0,0.0461202583375775,-0.048974149168172
67,15,0,0.0363459981226006,0.118086201317263
67,16,-0.129107475585534,0.0295725285170353,-0.0808376902274155
67,17,0,-0.0277463118458272,0.149208090565793
67,18,-0.14097714668703,-0.0578145897615193,0.0367942070505927
67,19,0,0.0600898396660546,0.220217725012638
67,20,0,0.0356743934338209,-0.0240588153787945
67,21,0,0.0329778360950349,-0.0795960724491778
67,22,0,-0.00735761539829485,0.295384604157026
67,23,0,0.0646755984986989,0.202691730128743
67,24,0,-0.00827865993025845,0.0091441905164686
67,25,0,0.0529437586569945,0.0660148609988627
67,26,0,-0.0236893401136154,0.0658980836340754
67,27,0,0.0430981567004554,0.029070084775064
67,28,0,0.0658281187196985,0.190711429410218
67,29,0.14254149283801,-0.0170710366321141,0.0399007584222693
67,30,-0.143325843729352,0.00687937434745363,0.095543769452829
67,31,0,-0.0569251536607793,0.108673437166253
67,32,0,-0.0272641122542548,-0.127725794254968
67,33,0,-0.0284945005193772,-0.0798621753982749
67,34,0.130939145101679,-0.0597192351669777,0.241388200348115
67,35,0,0.0063522274868539,-0.0362840342261127
67,36,0,-0.0201809706026453,0.25360642066605
67,37,0,0.0442064803824511,-0.138961910825135
67,38,0,0.0355917350758149,0.0627611691024459
67,39,0,-0.0875390167034984,-0.133686113682779
67,40,0,0.00708411078197048,-0.273963627394103
67,41,0,-0.0317028271341865,-0.19020490671023
67,42,0.125877290042404,0.0580168586230175,0.0803967825842046
67,43,0,0.103878461840571,0.0943949818648569
67,44,0,0.0169942408274361,-0.157982815866652
67,45,0,0.0606598253352577,-0.17957927500849
67,46,0,-0.0378450413473484,0.0369714316525402
67,47,0,0.0310379107227928,-0.152329488830493
67,48,0,-0.0151949938162508,0.01733721847468
67,49,0,0.0413879146033509,0.036827221169663
67,50,0.133630160205497,-0.0185706613069889,0.0767119472473257
67,51,0,0.0448739242460139,-0.047900110926052
67,52,0,0.00846352507439886,-0.228690265246952
67,53,0,0.0181637120184121,0.157709343085521
67,54,0,0.0277320850016779,-0.00163515652574628
67,55,0,-0.0155988758282321,0.286879166949301
67,56,0,-0.0233016706997786,-0.156465462980998
67,57,0,-0.0265115752107948,0.121662564119063
67,58,0,0.00463812776915902,-0.100976854284993
67,59,0,-0.0190786661385816,0.0357259406592013
67,60,0,0.0693092965451499,0.130848724842637
67,61,-0.134398356506978,-0.013908382393486,-0.107122255916578
67,62,0,-0.0248224913109096,0.0335033728512968
67,63,0,-0.011980958844468,-0.11492425813655
67,64,0,0.0578850496376137,0.180994480225991
67,65,0,0.0291333539012464,-0.19187291687705
67,66,-0.136840268836338,0.0320505805029873,-0.144143443899903
67,67,0,1,1
67,68,-0.118794817558085,0.00996304614123,-0.0242671920673378
67,69,-0.112639411783654,-0.00565209525039503,-0.0520185779533017
67,70,0,0.00996953113465054,0.189503250542479
67,71,0,-0.0365891081373579,0.11471831556384
67,72,0,-0.0117774792464317,-0.116373777221912
67,73,0,-0.0378257839020326,-0.0672039788422699
67,74,0,-0.00828741353281087,0.0526227155094017
67,75,0,-0.00416957587102227,-0.0301905958905894
67,76,0,-0.0451782150912025,0.108477027635217
67,77,0,0.0229737042539611,-0.13670057227874
67,78,0,-0.0232557946112344,0.00290619978710888
67,79,0,-0.00488251159188688,-0.0641774998356694
67,80,0,-0.00118286971729251,0.0388576311729371
67,81,0,0.0450521026931614,0.25062280682816
67,82,0,-0.14809646424957,0.0130903629772881
67,83,0,-0.0213628987591788,-0.102039916023882
67,84,0,-0.0210085063257266,0.117085863360955
67,85,0,-0.00537209889609879,-0.111937538307186
67,86,0,-0.0172515353409802,0.00726031275633203
67,87,0,-0.104875141594694,0.0788357875504267
67,88,0,0.00160374942883494,0.0329839696174527
67,89,0,0.00516551901370818,0.0595409561999513
67,90,0,0.0573975269501835,-0.113381312598919
67,91,0,0.0378875085189749,0.0947875164462526
67,92,0,-0.0213573938258352,0.115721387278805
67,93,0,-0.0305131439605466,0.0847204321260262
67,94,0,0.00227035047915787,-0.0641012600596586
67,95,0,-0.0610445223324969,-0.164797368537397
67,96,0,-0.0180463658289921,0.0314887081158291
67,97,0,0.00624336623781356,0.0817282349365418
67,98,0.118843809811631,0.0337075072222627,-0.12541904529008
67,99,0,-0.00242593821406829,0.0774918970073061
67,100,0,0.0389004650526955,0.0901237518851153
68,1,0,0.0409710551644107,-0.145729321693085
68,2,0,0.0175818439122777,-0.00761807687347298
68,3,0,0.00262632914406831,0.311829462489714
68,4,0,-0.00202394074956584,0.00555238462394453
68,5,-0.131360609213494,-0.0190850570423276,0.202038861706629
68,6,0,-0.0379718303278175,-0.0080488809488451
68,7,0,0.0110304315935357,0.0339042230511437
68,8,0,-0.00789792339846126,-0.0327508916584809
68,9,0,-0.0332015541006358,-0.0100053356340284
68,10,0,0.0242007832057563,0.158864215037947
68,11,0,0.0253877493217532,0.000944668393932863
68,12,0,-0.0499757395868644,0.0466327008090595
68,13,0,0.00559688055312244,-0.150469640012328
68,14,0,0.0481364840493532,0.00241416602530675
68,15,0,0.0741421171894571,-0.158831798154885
68,16,0,0.0484169715868206,0.0196346851360872
68,17,0,-0.00397099152861499,-0.255438137746377
68,18,0.14195141414561,0.0504585771885133,0.048765589829751
68,19,0,-0.00967139705067816,0.0314108105264365
68,20,-0.14677099977846,0.0445462907921762,-0.107677728995772
68,21,0,-0.0177885258898205,-0.0407875287284417
68,22,0,0.0312321028396162,-0.0380089567449939
68,23,0,0.0432447146441823,-0.00367460628308975
68,24,0,-0.0197595659117062,0.0757757536322694
68,25,0,0.0620601305182001,0.115448986029065
68,26,0,0.043141628786592,-0.213930015271148
68,27,0.140455865837667,-0.00654380697152845,-0.0500633930065832
68,28,-0.139865998436487,0.0228580627076776,-0.0731743770006233
68,29,0,0.0354874118397179,-0.0677872974038163
68,30,0,-0.00919978574513031,0.168967491267122
68,31,0,-0.0307071487255185,0.0957941062791107
68,32,0,-0.0787841627235184,0.111348683749953
68,33,0,-0.0236281635523118,0.174957266463947
68,34,0,-0.0253667269035461,-0.0339738836525176
68,35,0,0.0153484491947033,0.149102111285103
68,36,0,0.053746683531481,0.151938175907377
68,37,0,-0.0497822168616508,0.0100764576063341
68,38,0,0.00494578148230443,-0.193508683902305
68,39,0.128874415365405,-0.129954984733837,-0.173013226452562
68,40,0,0.0168375044575755,0.133328554988873
68,41,0,0.0266942079286292,0.0322271693231611
68,42,0,0.0142443688568674,-0.0705704861793562
68,43,0,-0.00972008527863207,-0.0785112968098043
68,44,0,-0.0239787110468647,0.0483403189836033
68,45,0.135832780569007,0.05735494019391,0.19720957088945
68,46,0,0.0451688041408893,0.010606544306165
68,47,0,-0.00118735208781615,0.205244387571097
68,48,0,-0.100544087943349,0.0592320462046277
68,49,0,-0.00978100600866374,-0.162639456687646
68,50,0,-0.0388342842497814,-0.00412413806449359
68,51,0,0.000655246044991776,0.0316747261820053
68,52,0,-0.0337458699706613,-0.0286704879202751
68,53,0,0.0962831575718487,-0.0948738027469433
68,54,0,-0.127597713044757,-0.136459983337529
68,55,0,0.0180215204080303,-0.083070872766043
68,56,0,0.0812246557511109,0.0947726907629265
68,57,0,-0.0191394662845632,-0.18066412266884
68,58,0.140802980436415,-0.105529523305702,-0.0885459490167012
68,59,-0.136368259692969,0.0632373701594735,-0.0447069735532416
68,60,0,-0.0954947068023016,-0.21512468005319
68,61,0,-0.0440656616898166,-0.101464619470208
68,62,0,-0.00952797856789453,-0.0875552370102453
68,63,0,0.0363216370320334,0.185138186470737
68,64,0.135640925490102,0.0726089359773784,-0.103540303988403
68,65,0,-0.0207401896360965,0.0440366719098722
68,66,0,0.0426219126978974,0.127428912064985
68,67,0,0.00996304614123,-0.0172056687516296
68,68,0,1,1
68,69,0,-0.00121910804572216,-0.0199429464670982
68,70,0,-0.028744840323335,-0.038829859394711
68,71,0,-0.0136623234117081,0.0373134515402239
68,72,0,0.0388008231478097,0.149103308563485
68,73,0,0.00353530318332295,-0.0395093384426205
68,74,0,0.0271536829333491,0.0562372918710384
68,75,0,0.00799314302577877,-0.00803348405930904
68,76,0,-0.00149717206597464,-0.167264510960888
68,77,0,0.0139778462810148,-0.0318886901286101
68,78,0.123431633813606,0.000260779799348732,-0.0930102313170517
68,79,0,-0.098497694158067,-0.0515912351456247
68,80,0,-0.0130197136005643,-0.0836272292445643
68,81,0,0.0385948806131277,0.0961220437979793
68,82,0,0.0126743978620299,-0.0295844747977198
68,83,0,-0.0920029398296636,-0.0910324944047286
68,84,0,-0.11723088228187,0.014545695243933
68,85,0,0.0454187815964938,-0.0133643077565451
68,86,0,-0.000661027049835891,-0.151313889486107
68,87,0,0.0178795270440015,0.0797103995496289
68,88,0,-0.0243030625818024,0.121022652845563
68,89,0,0.0704000095974728,0.0134147095794013
68,90,0,0.00295276279994454,-0.0595057834220173
68,91,0,0.0217822167055903,-0.0454055447282983
68,92,0,-0.116234522368428,-0.0822060760854509
68,93,0.128008365505228,-0.130848906690916,-0.17901314110029
68,94,0.119459500268198,-0.175793620211164,-0.0324959840427816
68,95,0.118534035637867,0.0242194773873001,0.13304906614182
68,96,0,0.00046823915282761,0.0673912123392944
68,97,0,0.0446073387525651,0.0852665599601986
68,98,0,0.0266258698375332,0.0884256818871197
68,99,0,0.0204542822675452,0.000643121936912227
68,100,0,0.0984280718793349,0.0788976250606557
69,1,0,-0.0469101450974629,-0.0395677415639998
69,2,0,0.00310143725421206,-0.140776566863516
69,3,0,0.0131616213734717,0.0203073060562104
69,4,-0.138140305809925,-0.0228471187373142,0.152034676331918
69,5,0,-0.00220850494428443,-0.134769533797374
69,6,0,-0.014732428157818,0.0358007402407644
69,7,0,0.00155306142445919,0.0251693468191481
69,8,0,0.0327144473278072,0.157964606489443
69,9,0,0.0312594992906848,0.0412123350865256
69,10,0,0.0546679950916769,-0.0188281772386181
69,11,0,0.0641012419166134,0.0429468611941549
69,12,0,0.0781951181409395,0.165957526826436
69,13,-0.133502150234901,-0.0255426189667654,-0.0955546764930184
69,14,0,0.0232467347203828,0.161118248041512
69,15,0,-0.0161560460448477,0.0654841616846207
69,16,0,0.0169492694336159,0.0222639693556609
69,17,0,0.0590780906991657,0.000588484605832887
69,18,0,0.00124998216848701,-0.150790210568078
69,19,0,-0.0925499624060703,-0.152064264490088
69,20,0,-0.0281552199293471,0.00423117939245838
69,21,0,-0.0377238166968693,-0.173343181231518
69,22,0,0.0258015793526545,0.172829287169275
69,23,0,-0.0197699517790771,0.126213995040913
69,24,-0.133848275860402,0.0130541255359792,0.224100800103041
69,25,0.123139865216389,-0.00980305635548138,-0.149310026053528
69,26,0,0.0432271788474654,0.200088286269619
69,27,0,0.0446527407015295,0.164459066550281
69,28,0,-0.0380053058072211,-0.000720582877001189
69,29,0,-0.085590541834347,-0.0559678724802112
69,30,-0.13666200986309,0.0542076581110333,0.126914299677736
69,31,0,0.0389297897700938,-0.0216339093863303
69,32,0.138081130337763,0.0137572272333092,-0.00338711422513876
69,33,0,-0.0123287990861654,-0.0138975408470507
69,34,0,0.0573275568541772,0.100612410788649
69,35,0,-0.0779402242279367,0.128261942020867
69,36,0,-0.0304364938021796,0.116865133415346
69,37,0,-0.0540187010561606,-0.117318546459806
69,38,0,0.001785752985709,-0.0376860264024713
69,39,0,0.0310781703352444,0.133335635115684
69,40,0,0.0268733313917619,-0.17673342484105
69,41,0,-0.00378410512275105,-0.208632677047364
69,42,0.120024714355064,-0.0120239405271442,-0.0184312109298357
69,43,0,0.0191424214857844,0.00986785904842577
69,44,0,-0.0288014561735426,-0.104203152495928
69,45,0,-0.0461378315614261,-0.00901067440823643
69,46,0,-0.0754699383637044,-0.110381261820123
69,47,0,-0.0077968402489138,-0.111876055231222
69,48,0,-0.167768194011872,-0.1177397735193
69,49,0,-0.0785692614954641,-0.0605745547540054
69,50,0,0.08226771847582,0.120750521125266
69,51,0,-0.0632558691724229,-0.116469872215365
69,52,0,-0.00524457988489115,-0.183588613909749
69,53,0,-0.0145983858835058,0.0563698599543638
69,54,0,0.0111633506543415,0.209048089726605
69,55,0.13585506519232,-0.0872675094125333,-0.294690500931102
69,56,0,-0.0353626979417379,-0.0877700949516724
69,57,0,0.069256182303271,-0.0110732863481646
69,58,0,-0.026534826807742,-0.115923382929393
69,59,0,-0.0510284513104037,-0.215498383037211
69,60,0,0.0762323633804312,0.34130909345147
69,61,0,0.0328748988077072,-0.0457359585615169
69,62,0,-0.0063076138305353,-0.0955015125767373
69,63,0,0.0046867637739887,-0.234109657183749
69,64,0,0.0497373429931314,-0.0242110227720436
69,65,0,-0.139185004412525,-0.044685892799001
69,66,0.130477977193653,-0.0371596781971118,0.0375896293663553
69,67,0,-0.00565209525039503,-0.0319521488899486
69,68,0,-0.00121910804572214,-0.0172774199356664
69,69,0,1,1
69,70,0,0.0172628227565388,0.0486587662853013
69,71,0,0.0926130622662792,-0.0762757997761608
69,72,0,0.0100022893048706,0.120213353583373
69,73,0,0.0509451576706586,0.0472192744353763
69,74,0,-0.11534235268711,-0.0355184026438725
69,75,0,0.0912629737522536,0.0373693162328635
69,76,0,0.0137166538727065,-0.000296364287397549
69,77,0,-0.127132239616382,-0.269008898822059
69,78,0,-0.00989790505975112,0.101961459077539
69,79,0,0.0147746869540231,0.125063080553142
69,80,0,-0.0352060668252339,-0.079267367426736
69,81,0,0.0176384005177699,0.0965688764265407
69,82,0,0.0307624223214882,0.0792376283104127
69,83,0,0.0179617107648757,0.0151764432894861
69,84,0,0.0439921256560712,0.216620627587565
69,85,0,-0.0341107321110355,-0.0929480892500969
69,86,0,0.0314843310931242,0.0955051091003411
69,87,0.112362773878715,0.0268711636748235,-0.240913255071613
69,88,0,0.132360004561472,0.122647526751007
69,89,0,0.0220800811664233,0.0415850411708063
69,90,0,-0.0154531989873381,0.0321566475457492
69,91,0.121008648423659,0.0533977860814657,0.0342631107582991
69,92,0,0.00638622881241632,-0.0709304597302841
69,93,0,0.0215566160260299,-0.0119158858179164
69,94,0,0.028626337501402,0.00918321881773752
69,95,0,0.0378557369850023,-0.060603554715432
69,96,0,0.00737896316355283,0.133207591594082
69,97,0,0.0998786736565918,-0.0103597004275407
69,98,0,-0.1493144429443,-0.0609272228984507
69,99,0,-0.00186963037236398,0.0978825923109757
69,100,0,0.0620231566984581,0.144374985642353
70,1,0,-0.121564088325625,-0.147222225440148
70,2,0,-0.082088492237161,0.0268433920947809
70,3,0,0.0490393838127432,0.0338892037983451
70,4,0,0.0467403851547154,0.0787084437210105
70,5,0,0.0679669668457871,0.0880189688950098
70,6,0,0.0261941722006047,0.0172372261244675
70,7,0.118209601674144,0.0666411993911127,-0.127992617755985
70,8,0,-0.114412214705499,0.230204090912541
70,9,0,0.0104484496278471,-0.0859388848524197
70,10,0,0.0124380423145508,0.0527632174643972
70,11,0,-0.0246207893996491,0.109683082542834
70,12,0,0.0258180472154778,0.0662920924894939
70,13,0,-0.00598485368131352,-0.0190941750722729
70,14,0,0.0238971845594788,0.0358474135462146
70,15,0,-0.0188529738402925,-0.0557502233655408
70,16,0,0.0178241918295113,-0.0443832009374646
70,17,0,0.0553926183685415,0.122319262250286
70,18,0,-0.1369696245487,-0.0711487373683614
70,19,0,0.0135358172971501,-0.0376503074880099
70,20,0,0.0240767905328199,-0.162223757713866
70,21,0,0.00732818548880093,-0.0337959747804246
70,22,0,0.0488974542511435,-0.0450778725736098
70,23,0,-0.011308987209343,-0.0334582729931723
70,24,0,-0.0616712708112178,-0.0689608780966798
70,25,0,-0.135152889124442,0.0320604644376672
70,26,0,-0.0230647371543136,0.103100148312455
70,27,0,0.0554178834225228,0.214336611439722
70,28,0,-0.0757111263050953,-0.0844697529866353
70,29,0,0.0128831585646062,-0.0388792685202552
70,30,0,0.0154524509591504,0.155608653976576
70,31,0.119938791579703,0.0152825265985595,-0.0701263339826025
70,32,0,0.0117673360489063,-0.156938111525843
70,33,0.116436652966,0.034542005199036,-0.00599927890777436
70,34,0,0.0175247984771482,0.154166197313933
70,35,0,0.0255496238240615,0.00197825581145751
70,36,0,-0.00738917632685867,0.131700607447045
70,37,0,-0.0338753858593516,0.0853294322918267
70,38,0,0.0327595599859983,0.0138493397592104
70,39,0,0.0555720389289636,-0.0707870385894136
70,40,0,0.0505673542020835,0.010103467062322
70,41,0.11829130847776,0.00695165740682926,0.0707712915231524
70,42,0,-0.00482937830203469,0.119204012143582
70,43,0,-0.0135425976414089,-0.13173059311999
70,44,0,-0.044184155607528,0.00132130384527415
70,45,0,-0.0833352977662998,-0.340641766307983
70,46,0,0.0262552764386799,0.0311176408644942
70,47,0,0.031844321009823,-0.245016628249785
70,48,0,-0.0517935179821822,-0.165661825166055
70,49,0,-0.0173511416439452,0.0964860325406926
70,50,0,0.0383874803267504,0.112658723249356
70,51,0,0.00835763349683215,-0.0125934553424823
70,52,0,0.059937556667215,0.136491882408999
70,53,0,-0.0258928519532112,0.0563592475250197
70,54,0.11605724534955,0.0470118949253033,0.0181291738262091
70,55,0,-0.135318161173433,0.020057191186432
70,56,0,-0.162355085472225,-0.103541852074301
70,57,0,-0.0532983870369835,-0.0509316235757074
70,58,0,-0.0932265167598281,-0.273305573925536
70,59,0,-0.00119013115447261,0.0118357744684131
70,60,0,-0.0173461937801347,0.0906461135994528
70,61,0,0.0472803412216394,-0.0293962549098989
70,62,0,-0.0373181495273548,0.160541442734594
70,63,0,-0.0280478801663113,-0.121556351416332
70,64,0.116512308056763,0.0106770720711775,0.144177893318092
70,65,0,-0.122099198193723,-0.240828485429439
70,66,0,0.0634833790442143,-0.0430449981656243
70,67,0,0.00996953113465059,0.122899335152955
70,68,0,-0.028744840323335,-0.0355178490859339
70,69,0,0.0172628227565389,0.0513750630039309
70,70,0,1,1
70,71,0,0.0372721639867166,0.117976758632179
70,72,0,0.0155380906442625,0.103011975659843
70,73,0,0.0235354141002979,-0.0222837825041188
70,74,0,-0.0274435251355654,-0.033181793539061
70,75,0,0.0160557425899676,0.155462012239546
70,76,0,-0.00404421469545205,0.0941252959474683
70,77,0,-0.00946229764420346,-0.179187869312098
70,78,0,-0.017907681333035,0.16731959697393
70,79,0,-0.0158768734885597,-0.0782172606102951
70,80,0,0.119619595270976,0.0767020961480837
70,81,0,0.0204252105291154,0.237765104895298
70,82,0,-0.0122805324297422,-0.0567004217949658
70,83,0,0.00263087423153569,0.0087107082373649
70,84,0,0.0768813338259575,0.085407049659317
70,85,0,-0.0170335041342821,-0.103114104126959
70,86,0,0.0287007230316778,0.0617167370018328
70,87,0,-0.0175538737538943,-0.0982477551005682
70,88,-0.116524897104847,-0.107208432533913,-0.0704333960881485
70,89,0,0.00994832663857679,-0.0826126031671187
70,90,0,-0.00733944244986479,-0.0940052194275501
70,91,0,0.00561646724534378,0.155594451212688
70,92,0,0.0397618490535655,-0.034153347877032
70,93,0.121837318228006,0.0236699095971436,0.0335306888830462
70,94,0,0.084182824939531,0.0141806125453518
70,95,0,0.000157593272778641,0.161513622047492
70,96,0,-0.00101101743071013,-0.0688899473499385
70,97,0,0.03002844330674,0.0787796782685349
70,98,0,0.0865772773252861,-0.0747314446424901
70,99,0,0.0115312176263994,-0.00396656147829455
70,100,0,0.0286002735381544,0.0287287317304145
71,1,0,-0.058004213674316,-0.159626503539899
71,2,0,-0.0130822119060297,-0.137226521064846
71,3,0,0.0137533146047607,0.0457593344150936
71,4,0,-0.0362245153117887,-0.0366451143806327
71,5,0,-0.00979301563361605,-0.149108627233679
71,6,0,0.0175502775092828,-0.0487581836392492
71,7,0,-0.0106140377962613,-0.0277575291819502
71,8,0,0.0625637215532854,-0.0591583519800463
71,9,0.133433346956579,0.0400433233595232,0.0547052185264018
71,10,0,0.0682273511873913,0.0895955583640061
71,11,0,0.0577005341793192,0.218999261601302
71,12,0,0.11121792595978,-0.0647226974665664
71,13,0.135474080040357,-0.0316005550427979,0.0078697050010634
71,14,0,0.0619347353505714,-0.0602725632527478
71,15,0.131722038026987,-0.143898519457709,-0.155933618723525
71,16,0,0.0758447851773441,-0.00777668772788713
71,17,0,0.0470615337946919,0.0483109573489386
71,18,0,0.0217029693158755,-0.00252600843466392
71,19,0,-0.0453693743804482,0.156597304831726
71,20,0,-0.0595728733238614,-0.114498069239486
71,21,0,-0.0299945077452425,0.0154624948356608
71,22,0.125297029587815,0.0658468337184977,0.0632611816559765
71,23,0,-0.000408116152649657,-0.0993235916760564
71,24,0,0.0493396719239501,-0.144823662049331
71,25,0,-0.0110953668585059,0.0524353762193476
71,26,0,-0.0149303047215385,-0.0805418111131802
71,27,0,0.0933438119367546,0.0709543778607335
71,28,0,-0.153030250519316,-0.0827302737628522
71,29,0,-0.118370394286812,-0.00421653660515143
71,30,0,0.031429476841514,-0.0675673500498173
71,31,0,0.109939917739685,0.0691096252257437
71,32,0,0.0454388393642045,0.0947992246252664
71,33,0,-0.0242674553409797,0.0628558385863513
71,34,0,0.0910254737067984,0.109100532703125
71,35,0,0.0502357397625907,-0.0619662209517968
71,36,0,0.0134936031056251,-0.0600890149100252
71,37,0,-0.104440392350135,-0.200726050296877
71,38,0,-0.0402005164901638,-0.136763137464376
71,39,0,0.0680126403113869,-0.0196905151486489
71,40,0,0.00791051243296341,0.103063676003904
71,41,0,-0.000427937923031606,0.0832234019865771
71,42,0,-0.128369784815932,-0.0755804720241576
71,43,-0.128298676708754,0.0153279143108596,0.0399599829622641
71,44,0,-0.00956412361996755,-0.0359124843935246
71,45,0,-0.180899997739682,-0.0869085630285389
71,46,0,-0.128483900148204,-0.313526533205067
71,47,0,-0.0284486478905778,0.0730470807282071
71,48,0,-0.0481067691538136,0.0164473219300897
71,49,0,-0.220733779839404,-0.127382113163249
71,50,0,0.0600622492013026,0.07638194255784
71,51,0.131829425996712,-0.0869083279006864,-0.0321159946375666
71,52,0,-0.064954163732098,-0.0687160235543681
71,53,0,-0.146016973350097,0.0612846665449519
71,54,0,0.0164768035560167,-0.13497202687067
71,55,0,-0.0245220496687918,-0.13264386043572
71,56,0,-0.0764414661147071,-0.0627172700856617
71,57,-0.12984752075295,0.0176089374346878,0.00956864044751083
71,58,0,-0.0201732485831379,-0.0387874849942365
71,59,0,-0.0175252939124662,0.0758664205561355
71,60,0,0.0351444714415539,-0.0813563213834605
71,61,0,0.0367529523842634,-0.130726357310323
71,62,0,-0.0170915898492333,0.0274156084240021
71,63,0,0.0593148773638832,0.0485509037813057
71,64,0,0.0407517712232249,-0.0609905342000672
71,65,0.128900023230952,-0.0314970959661686,-0.220610237778225
71,66,0,-0.0284144127335852,-0.209112787366511
71,67,0,-0.0365891081373578,0.0703167887693562
71,68,0,-0.0136623234117081,0.032258165168425
71,69,0,0.0926130622662793,-0.0761152086131587
71,70,0,0.0372721639867166,0.111503848690052
71,71,-0.20910890516825,1,1
71,72,0,-0.0026446326878347,-0.093460600473232
71,73,0,0.0919680239574189,-0.0846904242711357
71,74,0,-0.0327458859396047,0.076148711807484
71,75,0,-0.0150938047656489,0.0840811601023091
71,76,0,-0.00572835890062998,-0.00315320633665458
71,77,0,-0.0449871077040092,0.0630928060531522
71,78,0,-0.107291272140666,0.0438115521716133
71,79,0,-0.00908886273610758,-0.093624155582705
71,80,0,0.0177520133388359,0.00602836046404128
71,81,0,-0.0101576936291737,-0.0285271481837184
71,82,0,0.00151038259143045,-0.0735010480936989
71,83,0,0.0521222231696118,-0.058202120724988
71,84,0,0.102813197230881,0.050261036578863
71,85,0,-0.00793714866458935,-0.0341633405165225
71,86,0,0.0321355804843161,0.0256553596075118
71,87,0.112258124780733,-0.0260502846631083,-0.0937609037557444
71,88,0,0.0673567298961733,-0.0734612070362456
71,89,0,0.0605247185243869,0.0244170013054744
71,90,-0.121983646921772,-0.00296581299037344,-0.0894104315367705
71,91,0,0.0188109784101332,-0.100914220289617
71,92,0,-0.020919621789902,0.152955224162612
71,93,0,0.01455805579486,-0.0833114421745032
71,94,0,0.057357855279225,-0.0200798864642399
71,95,0,0.0640746985543638,0.162976789709731
71,96,0,-0.0293245074841945,-0.111184861027114
71,97,0,0.138984589630664,0.109258473996134
71,98,0,-0.0369268145587814,-0.214656662302007
71,99,0,-0.0310593992892775,0.0416712972209928
71,100,0,0.0795210529026678,0.140916089482245
72,1,0,-0.0153867283403788,0.0537119105632232
72,2,0,0.0365706382239352,-0.226262427982149
72,3,0.133603161731397,0.0784390751794316,0.20746508973775
72,4,0,0.0175623632193938,-0.0897824301412515
72,5,0,0.011930244424988,0.0281144388063813
72,6,0,0.0566121415459835,0.15447983679674
72,7,0,0.0410238104866161,0.0924072921587021
72,8,0.143531825183156,0.00930569600840379,0.0556795879005456
72,9,0,0.0131218358316425,-0.179586974562548
72,10,0,-0.0660076231873664,-0.0942576586799143
72,11,0,-0.134438296812138,-0.108735830501692
72,12,0,0.0510378438821444,0.25783924210368
72,13,0,-0.0192086060745363,-0.023400001794769
72,14,0,0.0398181395658938,0.264064234437431
72,15,0,0.0509371178023609,0.163312026962975
72,16,0.136054062797525,0.0325558794366197,0.0372267475874274
72,17,0,0.0632809577382775,-0.0161027583825183
72,18,0.148562377828122,-0.00563608681470358,-0.022117353804411
72,19,0,0.0558511055319113,0.028671660357928
72,20,0,0.0518922040469649,-0.362325131046567
72,21,0.139499184490025,0.00905857513109532,-0.0470334362844995
72,22,0,0.0410262828685772,0.0340708667372022
72,23,0,0.0197901392623514,0.111672186375198
72,24,0,-0.0175163393486757,0.203967604261754
72,25,0,0.0473699623998557,0.129562957471197
72,26,0,-0.0252234367976691,-0.175855282792479
72,27,0,0.0164002797710817,0.0202989312340478
72,28,0,0.0351638221491083,0.16862001020246
72,29,0,0.0277538181866642,-0.120975233280307
72,30,0,-0.00722603612302867,0.14053211944561
72,31,0,-0.0103108468268105,0.016782672778938
72,32,0,0.0143461103155597,-0.023744774497769
72,33,0,-0.0103022009685443,0.089645483394543
72,34,0,0.0162514478040147,0.14514143309737
72,35,0,0.052219683935317,-0.0384580260200363
72,36,0,0.00287508857161264,-0.0844823723690448
72,37,0,0.0272244897728448,-0.254348676933932
72,38,0,-0.122781950481361,-0.17527601550273
72,39,0,-0.0162423495993195,0.11105826922336
72,40,0,-0.00278663538929043,-0.17058360562463
72,41,0,0.0113876336396801,-0.0742658481015287
72,42,0,-0.00933262845938602,-0.0914632429333403
72,43,0,-0.0129448575830006,0.0295575166992745
72,44,0,-0.00694606321931301,-0.000631429848252858
72,45,0,-0.0559083384816606,0.00326973695123998
72,46,0,-0.0186113989149523,-0.000786121433798633
72,47,0,0.00383588132076155,0.0577989762564962
72,48,0,-0.127162704618268,0.0484357293907754
72,49,0,0.0609070197950381,0.0738864419576847
72,50,0,0.0335902838209362,0.00119463211925242
72,51,0,0.0061082790782102,0.00912674241143987
72,52,0,-0.0288015436035975,-0.0841871609312814
72,53,0,0.0318908003250842,0.0771987339012995
72,54,0.14140355092487,0.0563203833400521,0.0256400491681623
72,55,0,0.0141814092523923,0.147617878928742
72,56,0,0.0193587088949555,0.113748764123078
72,57,0,-0.159565054829939,-0.012430868595643
72,58,0.147360459244621,-0.00932016845396051,0.174590530518831
72,59,0,-0.00493097302752519,0.0289490114806567
72,60,0,-0.00438644895094043,0.137519905140001
72,61,0,-0.0230731862541433,-0.185493717501744
72,62,0,0.0528499548669769,-0.0974557895956066
72,63,0,0.0472629584631152,0.0626040280189843
72,64,0,0.00786046244660406,0.0641190511565293
72,65,0,-0.166031676715225,-0.135499877521817
72,66,0,0.0707396129101232,0.150243790440154
72,67,0,-0.0117774792464317,-0.11344787058414
72,68,0,0.0388008231478097,0.205010671558827
72,69,0.146531129682545,0.0100022893048706,0.190788562141336
72,70,0,0.0155380906442624,0.154844600074835
72,71,0,-0.00264463268783469,-0.148642676666409
72,72,0,1,1
72,73,0,-0.0216246392162428,-0.124116687427891
72,74,0,0.0232031010306986,0.128817837599618
72,75,0,0.00867290651712985,-0.219389761187034
72,76,0,-0.0481349004575714,-0.0727399553497817
72,77,0.123942358487419,-0.0164374968474777,-0.163842531240229
72,78,0,-0.00512330941829681,-0.034109808354107
72,79,0,-0.00112810813979571,0.102556339659415
72,80,0.13131800210926,0.0518830338488505,-0.0338104560578569
72,81,0,-0.000855294502155187,0.0463212507525191
72,82,0,0.0113414288133904,0.0592628594673649
72,83,0,-0.0218088568114469,0.0238109630640817
72,84,0,0.00107028944269938,-0.207364109881029
72,85,0,0.0275077621095848,0.0704902965447096
72,86,0,-0.00322643541946824,0.117542899475056
72,87,0,0.0458498339016834,-0.230250061503466
72,88,0,-0.0323171820041362,0.140062497645527
72,89,0,0.0093539465842573,-0.0943396115316218
72,90,0,0.0167086439529746,-0.0502533674481801
72,91,0,0.011874130141102,-0.0254688232978092
72,92,0,-0.000797261506389108,-0.155265476054435
72,93,0,-0.189959358389522,-0.119121772955389
72,94,0,0.0359728797048627,-0.0526081748193259
72,95,0,0.044748436413136,0.22758416539881
72,96,0,-0.000132647302869137,-0.144411456843459
72,97,0,-0.00857461232083119,-0.139643931758151
72,98,0,-0.0218888925890217,-0.0196094869870242
72,99,0,-0.0683956629425047,-0.136295252291058
72,100,0,0.112209996383678,0.11482390978769
73,1,0,0.00259618837151748,-0.0942978510543222
73,2,0,0.0275903192574735,-0.00845529303662998
73,3,0,-0.0768245605759541,-0.00492903044382534
73,4,0,-0.0253867188768405,-0.0782688111418199
73,5,0,-0.023529872292157,0.0591475497915836
73,6,0,-0.24379376042007,-0.0127295761254085
73,7,0,0.00722488014047235,-0.106334386916727
73,8,0,-0.00220974960758849,0.151228313662464
73,9,0,0.0550475969296084,-0.0168007259578776
73,10,0.1468512436153,-0.0117974582234216,0.252335870104373
73,11,0,0.184466233400263,0.129733745306539
73,12,0,0.0356025669261741,0.117847680462421
73,13,0,0.0121230543175267,-0.0621119167154802
73,14,0,-0.0149432710418496,-0.0344138286210572
73,15,0,-0.0245804470732474,-0.00967522199480192
73,16,0,-0.0506760340921189,0.0247736515412002
73,17,0,0.0561193535037317,0.0560184434421605
73,18,-0.135370343302925,0.0718100917601757,-0.0204066596021641
73,19,0,-0.0793406518275852,-0.105600257164007
73,20,0,-0.112102977164492,-0.0376795888994896
73,21,0,-0.130079026543253,-0.122617764784544
73,22,0,0.0929830381996722,0.0364157769945835
73,23,0,-0.0572345023113293,0.0710669232472935
73,24,0,0.0372032201293393,0.0779178196077744
73,25,0,-0.0473901143606506,-0.0954788130467646
73,26,0,0.0563179369213023,0.283838390121
73,27,0,0.0350809730318961,-0.0338020462075607
73,28,0,-0.171517591082896,-0.224917431032935
73,29,0,0.0857288255453718,0.0873189504918875
73,30,0.137625630293798,0.03228675848148,-0.075581397697941
73,31,0,0.175323155217026,0.0499624033853957
73,32,0,0.0844416027939428,-0.0783071017735258
73,33,0,-0.0628807026013338,-0.173361798078425
73,34,0,0.0262531748967504,-0.0343918215690589
73,35,0,-0.0403037573167012,0.206603154305025
73,36,0,0.0853150446662358,-0.0551318842857282
73,37,0,-0.0877935151063349,-0.0138833048584701
73,38,0,-0.0909630655504746,0.00911374754737922
73,39,-0.122899612913214,0.0151431387030965,0.0802238062405678
73,40,0,0.0339564651192501,0.114508059929567
73,41,0.13132747113078,-0.156279847949414,-0.252800051400269
73,42,0,-0.00410372012544983,0.078923273444327
73,43,0,-0.175431385235179,-0.123923206075021
73,44,0,-0.183603152058938,0.0171343217602892
73,45,0,-0.0537568746771636,-0.248481007427032
73,46,0,-0.152339208187341,-0.104266776820756
73,47,0,0.091500813559189,0.114500864520251
73,48,0,-0.115697253031607,-0.133098161324315
73,49,0.130634378854062,-0.177522836975397,-0.00196642094067826
73,50,0,-0.0339283445601964,0.0948536770922961
73,51,0,0.00306346555192219,-0.121749264209407
73,52,0,0.0312820654891431,-0.0120354208691516
73,53,0,-0.0545413341716237,-0.235596704849459
73,54,0,-0.01666249016486,0.233494582545682
73,55,0,0.0522321119375857,-0.0596491011673588
73,56,0,0.0235496889419177,0.0432381953399507
73,57,0,0.0948958607558368,-0.00992907713796189
73,58,0,0.0113403496962574,-0.01836212522579
73,59,0,-0.0256334812876074,-0.0441743326691554
73,60,0,0.0314272226269332,0.107390123635616
73,61,0,0.028036596885808,0.0136018681018641
73,62,0,0.0292003018961985,-0.0763400546480277
73,63,0,0.0235712491524004,0.00296727200018129
73,64,0,0.01941067764445,0.13796447858759
73,65,0,0.0188910278353252,-0.13414470073223
73,66,0,-0.105904277412042,-0.0521817579146297
73,67,0,-0.0378257839020325,-0.0472438078281316
73,68,0,0.00353530318332289,-0.0391739744382443
73,69,0.133519465827618,0.0509451576706587,0.0540415282095147
73,70,0,0.0235354141002979,-0.0241549392264578
73,71,0,0.0919680239574189,-0.0971310198618373
73,72,0.147564338475819,-0.0216246392162429,-0.0895032624908373
73,73,0,1,1
73,74,0,-0.137148754017985,0.0898908527630487
73,75,0,0.103845154158817,0.0557203477069725
73,76,0,0.172947136807705,0.178920367356258
73,77,0,0.0665159348258462,0.0551670755303851
73,78,0,0.051961190059757,0.21892532178355
73,79,0,0.0417430713842042,0.0173075016792651
73,80,0,-0.130515861302976,-0.016511493652115
73,81,0,0.07461121059672,0.0555665891137054
73,82,0,0.0945840274214658,-0.00781223317502952
73,83,0,0.0320633986765402,-0.032808377847393
73,84,0.118801946212002,0.0711668180053685,0.20501627322341
73,85,0,0.0173480815889103,0.144919197980252
73,86,0,-0.104945608799527,0.156917537924089
73,87,0,-0.0276742423423691,-0.00913246510354818
73,88,0,0.0483404424202504,-0.0930524969235306
73,89,0,-0.0466316342933643,0.0261014039623399
73,90,0,-0.128333234264322,-0.0509019400915796
73,91,0,-0.19362020751452,0.0649631543057145
73,92,-0.123580518473524,0.0309154505284995,0.0267872389159936
73,93,0,0.0901349330270203,0.214758395885306
73,94,0,0.0173386103006716,0.0465097167109465
73,95,0,0.0356060664536237,-0.0185685488570663
73,96,0,0.0119422292343967,-0.0315541633685603
73,97,0,0.107852906571658,0.219132144617656
73,98,0,-0.0224283325197102,0.156440381086721
73,99,0,0.0804002579002122,0.10153041252606
73,100,0.117479609636183,0.0212708154984994,0.057016704301679
74,1,0,0.0317213505589194,-0.0237238359432282
74,2,0,-0.0141840472298468,0.163561237941743
74,3,0,0.0345125209133045,0.0220799878437912
74,4,0,-0.000498673687936651,-0.20052016088036
74,5,0,-0.00857014261294275,0.0409506455505384
74,6,0,0.0836561913985388,0.0133863757606406
74,7,0,-0.121787254002126,-0.0619895526836493
74,8,0,0.00441685769816299,0.141144700983329
74,9,0.132491797962461,0.00352392015476126,0.119338271015908
74,10,0,0.0261726533426099,0.0145869400059596
74,11,0,-0.130693119846975,-0.103874378519332
74,12,0,0.0624184969693707,-0.0548035031918949
74,13,0,0.0705528690771817,-0.122556261796867
74,14,-0.135439383398744,-0.000842601135019679,0.0856930984064975
74,15,0,0.0648103017390456,0.0752953403683031
74,16,0,0.119239400195756,0.203505031147054
74,17,0,-0.153709227313626,0.0452152038119735
74,18,0,0.0147818913784129,-0.159523613272625
74,19,0,0.0774219797212743,0.129734845184478
74,20,0,0.0563626585754431,0.0127042950945202
74,21,0,0.0890359063803767,-0.0119637924380367
74,22,0,0.0403935439132465,0.189387337809238
74,23,0,0.178013665858231,0.196249527725534
74,24,0,-0.0064663027576461,-0.142622578018296
74,25,0,0.0166831817639021,0.119672222236388
74,26,0,-0.0468974852131171,0.10820669314027
74,27,0,-0.0816080612000859,-0.1018025707442
74,28,0,0.0781075520945434,-0.192078588698659
74,29,0,-0.0554053050930079,0.0572019575039487
74,30,0,0.0312480466781122,0.0990585971660901
74,31,0,-0.141918043650015,0.027861255121141
74,32,0,-0.0352141700567047,0.0191083559022495
74,33,0,0.00487904774870935,-0.0667969111745424
74,34,0,-0.116873952245128,-0.00518673334899223
74,35,0,0.035969337738926,0.094950442458847
74,36,0,0.0530258701113916,0.113726576440226
74,37,0,-0.0634211885016932,-0.21298817323805
74,38,0,0.0463851729307201,0.0621874379628563
74,39,0,-0.000276802733190908,0.0298042136982022
74,40,0,-0.0458442025680434,-0.0734332726497417
74,41,0.13140038202707,0.0977164932331578,-0.0293172408373595
74,42,0,0.02402314608775,0.092994571369588
74,43,0,0.0603533776626946,-0.0918977907387397
74,44,0,0.0238256998040961,0.034676683410744
74,45,0,0.0859188948974198,0.174890078535777
74,46,0,0.0646548911029563,-0.190447697424201
74,47,0,-0.0657858319815683,0.0919160355404801
74,48,0,0.12229900634175,0.196859048878287
74,49,0,0.0997401292049876,0.107742085128685
74,50,0,-0.00699129983864489,0.124600142790291
74,51,0,0.0644080373383765,-0.0587487222398046
74,52,0,0.0103924233739849,-0.115463114078051
74,53,0,0.112414832540696,0.150971829828555
74,54,0.128918739442362,0.0119244668529897,-0.0349774995228418
74,55,0,0.0476929392114934,0.0144085514199304
74,56,0,0.0602596660448335,0.0441769111886735
74,57,-0.128931274512095,-0.179318351479072,-0.0520560398240148
74,58,0,-0.0529208202275359,-0.00302486601519783
74,59,0.130118231347984,0.0681274970101978,0.202827301956512
74,60,0,-0.0444785735277865,-0.100910326690734
74,61,0.129124846503629,-0.0572407812632082,-0.121534151095271
74,62,0,0.0574766094727977,0.00592496425608015
74,63,0,0.0628905985165306,0.155013520224324
74,64,0.129424232317059,0.0435582751106267,0.213951165577418
74,65,0,0.0484544168203362,-0.174615011978817
74,66,0,0.14679323944552,0.0576669593312984
74,67,0,-0.0082874135328109,0.0431255335912868
74,68,0,0.0271536829333491,0.06500302912186
74,69,0,-0.11534235268711,-0.0473885103311368
74,70,0,-0.0274435251355653,-0.0419303235235489
74,71,0,-0.0327458859396047,0.101811660230448
74,72,0,0.0232031010306986,0.108291909832925
74,73,0,-0.137148754017985,0.104791683834831
74,74,0,1,1
74,75,0,-0.220705728654241,-0.273675751127354
74,76,0,-0.0752279460953741,-0.0597928746480831
74,77,0,0.00574968183791885,0.0133136608097183
74,78,0,0.00281604521936822,-0.139194550445199
74,79,0,-0.0304490109157683,0.0752690759291462
74,80,0,0.106479943680883,0.0740946912259043
74,81,0,-0.0373660091343615,0.0896043981983449
74,82,0,-0.0172004127705608,-0.0140154475397062
74,83,0,0.0621787791444695,0.00318707366660364
74,84,0,-0.057908852977358,-0.171225971764144
74,85,0,-0.00702155122828923,-0.346271887354952
74,86,0,-0.00590661829213917,0.056706776058748
74,87,0,-0.0415004864760306,-0.00181625253313862
74,88,0,-0.0488452599539714,0.102494989736531
74,89,0,0.0797163668999879,0.159657263241853
74,90,0,0.0945866749776898,-0.0294209997971038
74,91,0,-0.00692359908939296,0.026188747313078
74,92,0,-0.0607367575436573,0.294909082356999
74,93,0,-0.0591224032462916,-0.0172457379795424
74,94,0,-0.0532982123337992,-0.0663678198647308
74,95,0,-0.0575045300423036,-0.0697960758701799
74,96,0,-0.0324359765026637,-0.108871893116798
74,97,0,-0.112608838091473,-0.0158848042952809
74,98,0,0.139617414254226,-0.13062821298594
74,99,0,-0.185221194288936,-0.10235671346359
74,100,0,0.0732070611987976,0.0803171629131329
75,1,0,-0.0578974124146671,-0.290583268706048
75,2,0,0.0591431079116355,-0.0443851222213287
75,3,0,-0.0274216354096806,0.188522989255247
75,4,0,0.0115607574706843,0.0793953658990604
75,5,0,-0.0166390351790364,-0.0434620667076033
75,6,0,-0.0388584195557787,-0.0492413414104635
75,7,0,0.0362609035700077,-0.0408209650350588
75,8,0,0.0593392991207499,0.0881304628648692
75,9,0,0.0118398807685517,0.0058121255294016
75,10,0,0.0502755964850656,-0.00188580029527841
75,11,0,0.074133855016991,0.0851985422243865
75,12,0,0.011821253963381,0.181543040273688
75,13,0,-0.0566473395561299,-0.0592037424502503
75,14,0,0.0336653164020602,0.0515584323645218
75,15,0,-0.0203028685787205,-0.193970223511646
75,16,0,0.0153346809807389,-0.0477725120933438
75,17,0,0.039824764459625,0.166062045752883
75,18,0,-0.0686257056357672,0.000784385340362696
75,19,0,-0.0554191140979038,-0.0576994508891172
75,20,0,-0.0583315083946842,-0.10885687266258
75,21,0,-0.139878644296379,-0.0397676005255911
75,22,0,-0.0358493477710306,0.0404325397157036
75,23,0,-0.0671572857121545,-0.107812337212837
75,24,0,0.00266676178549241,0.076528437043193
75,25,0,-0.00991705499212437,0.0204634838571999
75,26,0,0.0182936059832409,0.0079872735453536
75,27,0.127007583117354,0.0836357877647811,0.123897443058977
75,28,0,-0.0311993291791556,-0.011972123174102
75,29,0,0.0262136871672,0.00504567405646562
75,30,0,0.0454068275897547,0.0207094689338036
75,31,0,0.101884065869725,-0.0502836990997079
75,32,-0.131853546161817,0.00567232237832338,0.0244609682083488
75,33,0,0.0495957230751088,-0.0519892593091983
75,34,0,0.0763437774494952,0.0736950079906598
75,35,0,0.00539289295292958,0.164164671314706
75,36,0,0.00512071151205621,0.0444753387335677
75,37,0,-0.0356515491024914,0.115076301283954
75,38,0,-0.0295175953948783,0.0335842132575871
75,39,0,0.00642284783247804,0.0639968457124137
75,40,0,0.0135621458801673,0.209289758566021
75,41,0.124526432110619,-0.0298010258206092,-0.135624427451024
75,42,0,-0.0144030625097981,0.0843695244356735
75,43,0,-0.0275028278306691,-0.132155559242192
75,44,0,-0.125511058541647,-0.0401897574678917
75,45,0,-0.0320367680438561,-0.0511016919482737
75,46,0,-0.0465419549390879,-0.194849591261664
75,47,0,0.00258917759522328,0.178984471171923
75,48,0,-0.15436568889966,-0.129489631196895
75,49,0,-0.0910610539361434,0.0927664035974125
75,50,0,0.0467281584204117,0.067332784380236
75,51,0,-0.0663013682470171,0.0910184847255762
75,52,0,-0.123110710172902,-0.101932861528705
75,53,0,-0.0520306571612641,0.0637254774544721
75,54,0,0.0437481860157227,0.0537350943602807
75,55,0,0.0197392725199335,0.105656553803316
75,56,0,-0.0289897784386211,-0.0824861600573347
75,57,0,0.10185253148642,-0.04926326051653
75,58,0,-0.00307265406175821,-0.114155456165334
75,59,0,0.00383342400964846,-0.193068029199932
75,60,0,0.0435947748222342,0.00483426720315414
75,61,0,0.0303969080027608,-0.117235832663587
75,62,-0.131464870912002,-0.0132437770919892,0.0526338310686234
75,63,0,0.0275197616328888,0.168706943030193
75,64,0,0.0140496054295269,0.17096608691085
75,65,0,-0.00958925193375262,-0.072902968405424
75,66,0,-0.193739270530731,-0.11891947035398
75,67,0,-0.00416957587102221,-0.0176844883403929
75,68,0,0.00799314302577875,-0.00663701379331534
75,69,0,0.0912629737522536,0.0356364446958135
75,70,0,0.0160557425899676,0.140414587686027
75,71,0,-0.015093804765649,0.0803513617918689
75,72,0,0.00867290651712984,-0.131824444988251
75,73,-0.127497616857126,0.103845154158817,0.0464285076068427
75,74,0,-0.220705728654241,-0.195612186015156
75,75,0,1,1
75,76,0,0.0464858057003527,0.0101147958356744
75,77,0,-0.0306182100828185,-0.115627452102497
75,78,0,0.0252317232413763,0.0928871818929829
75,79,0,0.0501815032330529,-0.126232039055262
75,80,0.133157850937057,-0.0521801147226419,0.0946954569929457
75,81,0.130994775446932,0.040870637808237,-0.168594652983568
75,82,0.122450754604113,0.0267522916741064,-0.113943340001732
75,83,0,0.0273506459728088,0.131957587963541
75,84,0,0.0355848908953658,0.0223256508573556
75,85,0,0.00997119602709651,0.160692075452118
75,86,0,0.0257299724046999,0.192314111296952
75,87,0,0.0485425682951666,-0.0747430720618817
75,88,0,0.0563034399222372,0.0114700738851854
75,89,0,-0.028666973703537,-0.214888804865539
75,90,0,-0.0538780460582623,0.113621008272797
75,91,0,0.0366734654562512,-0.0847301872306917
75,92,0,-0.00458306943801235,0.0314389208952965
75,93,0,0.0400528840368621,0.027447520409221
75,94,0,-0.00408031209011687,0.24586469286289
75,95,0,0.0326780597608831,0.038223039761726
75,96,0,0.0111847699924588,0.0338317207482553
75,97,0,0.0925648647857823,0.177925547380481
75,98,0,-0.0605047738872651,-0.0033536986136334
75,99,0,0.0417000324110941,0.115877123737705
75,100,0,0.0211836860025266,0.0408325039746023
76,1,0,0.0492605108059496,-0.0274042912343277
76,2,0,0.0283566786601242,0.0270942468581194
76,3,0,-0.204950362458767,-0.263816226375494
76,4,0,-0.0922616887216548,0.0972565020192867
76,5,0,-0.0239749731620662,0.192195422950301
76,6,0,-0.239434215905132,-0.133533095859813
76,7,0,0.0170637256441241,-0.103804879564994
76,8,0,-0.021828480410346,0.00394677734624542
76,9,0,-0.00634899663469533,-0.113414062460472
76,10,0,-0.0166509592341267,0.0232323866138691
76,11,0,0.138941438055949,0.241432264527513
76,12,0,-0.0132777230071371,0.00105546551776889
76,13,0,0.0211666292520993,0.132454653993051
76,14,0,-0.030798087359342,0.0114929293099989
76,15,0,0.00352232551225611,0.0762341994752686
76,16,0,-0.197982369738124,0.0496110349116601
76,17,0,0.0414654402632553,-0.00212037641629316
76,18,0,0.0423279946287058,0.0516869668736044
76,19,0.140717519996233,-0.0532867925147498,-0.174839920790613
76,20,0,-0.109858337863565,0.0657452952782548
76,21,0,-0.0801161476486674,-0.120100966598186
76,22,0,0.0535484162777544,-0.0554171422842825
76,23,0,-0.0546001393094084,0.0507659438362979
76,24,0,0.0131509014021296,-0.0155796168288925
76,25,0,-0.0451016497014121,-0.12189088127646
76,26,0,0.104564807930775,0.212576915607562
76,27,0,0.0264976660889619,0.0999933597248236
76,28,0,-0.0484210036437821,0.0973979476516443
76,29,0,0.079189464689808,0.0849723835829867
76,30,0,0.0221929339535987,-0.081632284784453
76,31,0,0.143244504683904,-0.00998842983447897
76,32,0,0.0495076939715884,-0.0753438379116951
76,33,0,0.0731307093597487,-0.0859917403337035
76,34,0,0.0323817923253811,0.090700788591602
76,35,0,-0.164119402765585,-0.000683011813724761
76,36,0,0.0395791055185953,-0.075500622614959
76,37,0,-0.038948198675605,0.138080753286254
76,38,0,-0.0811357248478092,0.128002575374962
76,39,0,0.0512581397105308,0.244780227083255
76,40,0,0.0512390228554001,0.0397885897214217
76,41,0,-0.129826100615825,0.0112928484385817
76,42,0,0.00330656374984443,0.178195454755518
76,43,0,-0.120609540706639,-0.126320078784194
76,44,0,-0.0624605410856975,0.0255277643618792
76,45,0.133597932472817,-0.0718018721848669,-0.371001739667118
76,46,0,0.00712611029422576,0.173851207607047
76,47,0,0.0710136783306871,0.14945334524735
76,48,0,-0.0030988801458774,-0.0703322795077843
76,49,0,-0.0955666795551685,-0.0138692904040691
76,50,0.132339851267032,-0.0422861870065452,-0.0382196439481731
76,51,0,0.0180584881114257,-0.148714070005385
76,52,0,0.000155787367227158,0.0217178570724395
76,53,0,-0.0946551819219867,-0.158964878790987
76,54,0,-0.0690597310228807,-0.0559448128571274
76,55,0,0.0297147736894288,-0.0601854640252089
76,56,0,0.0421615041982897,0.0438266329806701
76,57,0,0.145144857592446,0.0672551390386183
76,58,0,0.0837632668010784,-0.0419424168128674
76,59,0,-0.00480068945248535,0.00764511110380132
76,60,0,0.00453354337020921,0.114645826798058
76,61,0,0.0619033035451389,-0.13054397907055
76,62,0,0.0144008972855617,0.0721719981224561
76,63,0,-0.0253929512685971,-0.048399002965717
76,64,0,0.0124672553916012,0.182848642055881
76,65,-0.131931318406849,0.0209163474384621,-0.212884363302716
76,66,0,-0.0819052030891293,-0.145461235497669
76,67,0,-0.0451782150912024,0.110093451528812
76,68,0.145419831127577,-0.00149717206597469,-0.23942830218037
76,69,0,0.0137166538727065,-0.000489675058751333
76,70,0,-0.00404421469545203,0.147298117275422
76,71,0,-0.00572835890062999,-0.00522095360377084
76,72,0,-0.0481349004575714,-0.0757278319027921
76,73,0,0.172947136807705,0.258305458728741
76,74,0,-0.0752279460953741,-0.0740477587464851
76,75,0,0.0464858057003528,0.0175250803539864
76,76,0,1,1
76,77,0,0.0640987741847592,-0.054815686232644
76,78,0,0.0657065911496099,-0.0439996045210427
76,79,0,0.00550353601011446,0.126021048405829
76,80,0,-0.0461666722972184,0.0627593004564481
76,81,0.123713579071477,0.0545393824273049,0.0495853802004186
76,82,0,0.112268057030615,0.0341873826067491
76,83,0,0.0430499571087777,0.155296937487877
76,84,0,0.0594662341133046,0.253426831459499
76,85,-0.11944721913713,-0.0106100944332703,-0.203459611575063
76,86,0,-0.0109164521198774,-0.0240159219380455
76,87,0,-0.0615827509071665,-0.168307549983835
76,88,0,0.0781893855132545,0.0073493354914962
76,89,0,0.00439742923780356,-0.0298898007213608
76,90,0.12360983573365,-0.175207045037129,0.0352063964830512
76,91,0,-0.0727998276487591,0.184449694907156
76,92,0,0.0174352193429546,0.0506451345151414
76,93,0,0.135380120859492,0.131772136123229
76,94,0.114672774382675,-0.0243426147319744,0.196925296555749
76,95,0,0.0393765418881514,-0.0344233935298858
76,96,0,0.0223615826243786,0.148312114213987
76,97,0.11846625692704,0.0577582288364584,0.153013285602711
76,98,0,-0.0155972195658,-0.0458526708496839
76,99,0,0.0796996599059197,0.0905418684219873
76,100,0,-0.0647761680873714,-0.023244912246667
77,1,0,0.0354187993245864,0.218587292879348
77,2,0,0.00258188506624348,-0.0320222262173832
77,3,0,-0.0544724600483761,0.0912978774931639
77,4,0,0.050541949572657,0.0201479106255119
77,5,0,-0.0093695128110073,0.0127022254072874
77,6,0,-0.124562349368648,-0.181236593466282
77,7,0,-0.131282607785178,0.00550745715242483
77,8,0,-0.0795173191813211,-0.179991108773895
77,9,0,0.0115249695934321,-0.0180681315956737
77,10,0,-0.0960980355002982,-0.137700049338947
77,11,0,0.0519752409712555,-0.053406315653977
77,12,0,-0.141475531981201,-0.192244747936617
77,13,0,0.0425658916615709,0.156690339434802
77,14,0,-0.008720262729364,-0.0109902405023907
77,15,0,0.0680137407462414,0.0219518373881202
77,16,0,-0.0585437723174357,-0.0606948866472747
77,17,0,-0.0719621998125631,-0.00877833394700216
77,18,0,0.0774378743493742,0.0783470360639415
77,19,0,0.017486829451263,0.076264488431555
77,20,0,0.0121413032892559,0.122414529638426
77,21,0,-0.0554498154604154,-0.026752162819757
77,22,0,-0.0223580791849802,-0.195434908477441
77,23,0,-0.00313447083076878,-0.116624757507703
77,24,0,-0.0259829569153738,0.00278034614694221
77,25,0,0.0164983093200677,-0.108921958194373
77,26,0,0.0531359872769351,0.118729729869659
77,27,0,0.0146746509736472,-0.135439286568623
77,28,0,-0.113510358519519,0.116618176472456
77,29,0,0.0917571732587023,0.0208708705421872
77,30,0,-0.0217263833268302,-0.160713838962804
77,31,0,0.109450761297127,0.219099020124722
77,32,0,0.0437040515227479,0.0175856592454656
77,33,0.118514893009035,-0.0304130278221139,-0.093206672792505
77,34,0,-0.0800817189745917,-0.14972244040697
77,35,0,-0.0107776882368899,0.0266472756304656
77,36,0,0.0144702167794371,0.0766622075158439
77,37,0,0.0643608091680694,0.0776605221634404
77,38,0,-0.0345130718986291,0.0163265696102175
77,39,0,-0.0292398425928631,0.0665164678864864
77,40,0.122928917720933,0.010302952416618,0.047953265993252
77,41,0,0.023935495857526,0.136574629813463
77,42,0,0.10062149300127,-0.000258227417693185
77,43,0,0.0247882720080917,-0.0771015475506178
77,44,0,-0.00414472692993451,0.0254079985440833
77,45,0.118759638805629,-0.015160385077632,-0.0092458693531425
77,46,0,-0.0461260343294512,0.0520862494254291
77,47,0,0.0801360678832302,0.126417935029305
77,48,0,0.0658768875531652,0.102858108027105
77,49,0,0.0564997589616547,0.0454236181842136
77,50,0,-0.0275654273871706,-0.150696623520815
77,51,0,0.0482388313364176,0.0985763472650639
77,52,0,0.0791701339856335,0.286948610534502
77,53,0,-0.0888172896498626,0.0500435763411683
77,54,0,-0.00669962255970222,0.017779919956086
77,55,0,0.0570275078565003,0.0103316595749636
77,56,0,0.0266638697780123,-0.027506481569046
77,57,0,0.0130322180758218,0.120449041462566
77,58,0,0.0758081917234829,0.0943714041740072
77,59,0,-0.0371622515441564,-0.0181825074609342
77,60,0,0.0152726212868403,-0.104929250800563
77,61,0,-0.0240485041801519,0.12410305036337
77,62,0,0.00826120047496287,-0.0401269920385347
77,63,0.124088969283964,0.0142663555231853,-0.0202129577315472
77,64,0,0.00303067454332071,-0.0760588905172963
77,65,0,0.022523340264128,0.0828669155195945
77,66,0,0.0289462794613736,0.018535607013509
77,67,0,0.0229737042539612,-0.0821718982646662
77,68,0,0.0139778462810148,-0.0270357011682709
77,69,0,-0.127132239616382,-0.263255854496448
77,70,0,-0.00946229764420338,-0.166084354455852
77,71,-0.124220423696084,-0.0449871077040091,0.061873767715451
77,72,0,-0.0164374968474776,-0.101027223623992
77,73,0,0.0665159348258463,0.0471718643906132
77,74,0,0.00574968183791884,0.0097653822824897
77,75,0.116891393844927,-0.0306182100828184,-0.118656935827153
77,76,0,0.0640987741847593,-0.032466399746491
77,77,0,1,1
77,78,0.120151996882426,0.0439862894053909,-0.244191543926417
77,79,0,-0.010006949700747,-0.0828841564110049
77,80,0,-0.0670777491219381,-0.0312367771381168
77,81,0,0.0809181619141296,-0.063427402943676
77,82,0,-0.00660845945669433,-0.0637172861998648
77,83,0,-0.0425592384369627,-0.0476257261327967
77,84,0,0.00836891744656729,-0.0570635210372693
77,85,0,-0.0126514004898246,0.0420147043388833
77,86,0,-0.011844306959941,-0.0957494585381763
77,87,0,-0.00558516175869612,0.137850997053276
77,88,0,-0.0163785838332617,-0.00723352880937524
77,89,0,-0.04536126280754,-0.0525750990767925
77,90,0.12534814705226,-0.00304994053078744,-0.0691331079073773
77,91,0,-0.0428918466768008,-0.2527087826033
77,92,0,0.011404373377252,0.0163579135106371
77,93,0,0.0706242564618133,0.00671310742787598
77,94,0,0.0212741913214826,-0.0956249337159366
77,95,0,0.00322335749750962,0.0435464533416515
77,96,0,-0.00642570059751511,0.0321528569413358
77,97,0,0.00830412326829921,0.219763919215676
77,98,0,0.0037507156104456,-0.0503368791722065
77,99,0,0.034181038122642,0.0736136502249209
77,100,0,-0.0265142399321097,-0.072172392936029
78,1,0,0.0295866898600089,0.020806303774569
78,2,0,0.00808639197921577,0.00846392150573792
78,3,0,-0.0488703530323203,-0.15165225672248
78,4,0,0.0361853368846463,-0.044617595089271
78,5,0,0.00274121741652539,-0.208572371876564
78,6,0,-0.115740559744403,-0.0489903981997797
78,7,0,-0.138639844053513,-0.0959719920700886
78,8,0,0.0118925563836007,0.0229275541325086
78,9,0,-0.0471050931080506,-0.0742217276386301
78,10,0,-0.00860593290458907,0.0873180731426312
78,11,0,0.0788156347609082,-0.0653920852832782
78,12,0,-0.00618950509019189,0.0694336209146172
78,13,0,0.0240072707481804,0.0487181993771649
78,14,0,-0.0415378739101074,-0.0748877436629246
78,15,0,0.0642727963732826,-0.020887450981536
78,16,0,0.0085852691986676,-0.0897667692059194
78,17,0,0.0282778120912218,0.0392168813906192
78,18,0,0.109824701114996,-0.0150105645363035
78,19,0,0.00256254692216915,0.0510557877712052
78,20,0,-0.0483101868722585,-0.149968324395926
78,21,0,-0.176795681327479,-0.132631769984057
78,22,0,0.0010959146904809,0.128494478032319
78,23,0,-0.0065572581617994,-0.0305339459007586
78,24,0,0.0213143054344256,-0.0417513985638668
78,25,0,0.0122880102242426,0.000759426390314607
78,26,0,0.0447608378651806,0.0126517476723653
78,27,0,0.0408572705667216,0.147521584276805
78,28,0,0.0396346498039659,-0.0521707455417549
78,29,0,0.070845051810186,0.142009351549101
78,30,0,0.0351682349554238,-0.0659321327660195
78,31,0,0.00827129331534428,-0.0507374106407025
78,32,0,0.0176183779983836,0.0697816994996969
78,33,0,0.0450029275700762,-0.00689940239392571
78,34,0,-0.0341700651152327,-0.0649985837586949
78,35,0,-0.136890917423157,-0.0826334982148316
78,36,0,0.0876680989538989,0.0533882131254164
78,37,0,-0.0251686991195092,-0.0656296128902351
78,38,0,-0.0094642415081835,-0.0929256041175927
78,39,0,-0.0162109732368274,0.0595986685678947
78,40,0,7.68657785363952e-05,0.201015166541382
78,41,0,0.000123617230060082,-0.215833636117272
78,42,0,0.0587294509745777,0.035258533653163
78,43,0,-0.0732447332288939,-0.110813196981297
78,44,0,-0.0703604154637085,-0.0788085183420157
78,45,0,0.0673846368664585,-0.102538118472197
78,46,0,-0.0594918747800632,-0.181019281348339
78,47,0,-0.0133150638187876,-0.0709803584887893
78,48,0,0.0295248990251106,-0.183018586849608
78,49,0,-0.0240000087464581,0.0286686803134539
78,50,0,-0.0456723373124278,0.116502741888257
78,51,0,0.0512325866051476,0.163256108124761
78,52,0,-0.0899652890546889,0.041034264133142
78,53,0,0.00995940526368235,-0.190912756151234
78,54,0,0.0328099964095115,0.0817309227916925
78,55,0,0.0349830719813929,-0.14485967509687
78,56,0,0.088497750182644,0.00149821371944467
78,57,0,0.0732169251286064,-0.0477784668128006
78,58,0,0.0284970815236413,-0.102651902869126
78,59,0,-0.00600708603283872,-0.0599186473729717
78,60,0,0.0456240861890929,0.0443624270436742
78,61,0,-0.0565207324558098,0.0220888876318594
78,62,0,0.00629365596338221,0.0645890175258674
78,63,0,0.0301905385673535,0.0709781201524333
78,64,0,0.00214288151205324,-0.0148266849219189
78,65,0,0.0477970210148353,-0.0702335106302908
78,66,0,-0.0317323728721293,-0.0277728022835382
78,67,0,-0.0232557946112344,0.00167240311569446
78,68,0.132023098234899,0.000260779799348729,-0.0754908292087445
78,69,0,-0.0098979050597511,0.0955234385485135
78,70,0,-0.017907681333035,0.148466831953642
78,71,0,-0.107291272140666,0.0411318149746806
78,72,0,-0.00512330941829684,-0.0201350894280282
78,73,0,0.051961190059757,0.179209731935377
78,74,0,0.00281604521936818,-0.0977409391836549
78,75,0,0.0252317232413763,0.0912536982878985
78,76,0,0.0657065911496099,-0.0249482773518722
78,77,0,0.043986289405391,-0.233772345899589
78,78,0,1,1
78,79,0,0.00936333574783212,0.117540569201312
78,80,0,-0.0999714766019402,-0.0210957849509378
78,81,0,0.0326547853239931,0.226890621790433
78,82,0,0.0373733997730169,-0.0469486493421016
78,83,0,-0.0397297434338862,0.0208114516852685
78,84,0,0.0298982293971728,0.189016613404898
78,85,0,0.0377103689477951,0.159508154571218
78,86,0,0.0335926040338018,0.161589798428542
78,87,0.115152807018812,-0.0367862887543884,0.0155697911609537
78,88,0,-0.0722657349887991,-0.0887451983939398
78,89,0,-0.0677453670455959,-0.195023933696811
78,90,0,-0.00244684596491381,-0.117091752409343
78,91,0,-0.0504782085811091,0.079793455652669
78,92,0,0.00311878336882114,0.0821977843939972
78,93,0,0.0350533592075677,0.15724997802068
78,94,0,0.0098557604857623,-0.0733479679691934
78,95,0,-0.126555779847674,0.0937623465443314
78,96,0,-0.0332546634883847,0.0917035701838207
78,97,0,-0.00960219346733611,-0.0996750277819142
78,98,-0.123482538339778,0.00451707386842528,0.0688468712855688
78,99,0,0.000839807464614064,0.0299617169318908
78,100,0,0.0268142394442454,-0.0423436053450789
79,1,0,0.0426548603709474,-0.0933151318010739
79,2,0,0.0187935423159208,0.128114116177708
79,3,0,0.0529718918222124,-0.151174165843978
79,4,0.140486192001688,0.0185258997801145,0.101133104224552
79,5,0,-0.0289842509305591,0.00303564716627966
79,6,0,0.0170692267947241,-0.148359623229486
79,7,0,0.116778065878528,0.112586494204198
79,8,0,0.0673229548564411,0.0909437013161284
79,9,0.133724091942597,0.0415817386266243,-0.221377902070436
79,10,-0.148299381216196,0.00805555807129511,-0.0303686335833634
79,11,0,-0.049599408833036,-0.0676465476992629
79,12,0,-0.0410353425563562,-0.0388930691494166
79,13,0,-0.0792238054054798,-0.0596293037912686
79,14,0.136699092598878,-0.0434150707131167,-0.161839145160015
79,15,0,-0.0517352704327103,0.117028277251941
79,16,0.125195267845109,-0.0455379111601694,-0.0430204380778074
79,17,0,-0.0483885842294827,-0.152780698614231
79,18,0,-0.132740458745155,-0.23516261864459
79,19,0,-0.113083929551319,-0.0162086066264747
79,20,0,0.0557405356844185,0.0529508700730007
79,21,0,-0.067564320673509,-0.187926059607545
79,22,0,-0.0378364458541738,0.113761362992275
79,23,0,0.0126039775273004,-0.126838383447831
79,24,0,0.00569330927664108,-0.0901695773897844
79,25,0,-0.0456460763124867,-0.216940563878245
79,26,0,-0.089865180778131,-0.0565941396305313
79,27,0,-0.0353608289457903,-0.1475118745656
79,28,0.13469692056232,-0.0185427501869535,-0.0567282468346075
79,29,-0.138222208233586,0.0295915987178248,0.337108626786157
79,30,0,0.0252238241810236,-0.0755266385634934
79,31,0,0.0133446404997276,-0.039009056220943
79,32,0,-0.0662507681510556,0.131092946204714
79,33,0,-0.0171057384251419,-0.182624546785349
79,34,0,0.0656535117863568,-0.037438800259918
79,35,0,0.0807229795433883,-0.0164366978032353
79,36,0,-0.162138970061395,-0.189218403283817
79,37,0,0.0704471577262596,0.139145890241043
79,38,0,0.00480217058999716,0.0834656344879351
79,39,0,0.0374662784579062,-0.107683227177447
79,40,0,-0.107765692747284,0.0158276125451388
79,41,0,-0.141004711596143,-0.0665504547725291
79,42,0,-0.00751576932829153,-0.0253752867050503
79,43,0,-0.00489024030575166,-0.134782284121186
79,44,0,0.0443003748073202,-0.0409133264336327
79,45,-0.130812759774284,-0.0393092358064196,0.0391486902687322
79,46,0,0.049126960730726,0.0192375922172977
79,47,0,-0.0074705096262938,0.151816517037144
79,48,0,-0.116839920987394,-0.120172136556258
79,49,0,0.0582746437270046,0.0632545351636944
79,50,0,0.0193863088729691,-0.049093332339932
79,51,0,-0.0196741634152456,-0.108592859858359
79,52,0,-0.0226567671183973,-0.248458862386011
79,53,0,-0.0362724748178369,-0.247201360457629
79,54,-0.130117800735096,-0.00248146452803033,-0.0504490394095901
79,55,0,-0.136551781815595,-0.153783240819248
79,56,0,0.0434250071204472,-0.12267059642126
79,57,0,0.0289018440119197,0.140830427213439
79,58,0,0.0226085980876294,0.128792505989855
79,59,0,0.0374188698339447,0.0449765046148049
79,60,0,-0.0231101585472222,0.137432746613543
79,61,0,0.0269145872146717,0.0557192561257078
79,62,0,0.0133674186522501,0.0167397711776188
79,63,0,-0.0212774910355991,-0.0859908864318586
79,64,0,-0.06440852237804,0.19600374517634
79,65,0,0.0302640475138962,0.0652961509346506
79,66,0,-0.00964808097256763,-0.150171600389576
79,67,0,-0.00488251159188685,-0.0506471601077849
79,68,0,-0.0984976941580672,-0.0574243647707937
79,69,0,0.0147746869540231,0.160679262857956
79,70,0,-0.0158768734885597,-0.0951791969612999
79,71,0,-0.00908886273610756,-0.120540766963362
79,72,0.14901950808717,-0.00112810813979572,0.0830220778364871
79,73,0,0.0417430713842042,0.0194292832134462
79,74,0,-0.0304490109157683,0.0724815817592731
79,75,0,0.0501815032330529,-0.170067406115052
79,76,0,0.00550353601011447,0.0979922392121534
79,77,0,-0.010006949700747,-0.108815519260476
79,78,0,0.00936333574783211,0.161192411466046
79,79,0,1,1
79,80,0,0.00443202887464547,-0.258882539877657
79,81,0,0.0213412981067305,0.20009174638528
79,82,0,0.0184929156700155,0.0746199385979649
79,83,0,0.0495024375361628,-0.00459486851938689
79,84,0,0.000261665656928132,-0.0144986941673719
79,85,0,-0.00806099699705772,0.0449917629750402
79,86,0,0.0349276541311426,-0.101862303468959
79,87,0,0.0178839116580981,0.00955361784391194
79,88,0,-0.0359660371470386,-0.0989718694612135
79,89,0,0.000698044070862994,-0.00488667938221725
79,90,-0.127914659840573,-0.0500588198878083,-0.0123425603959474
79,91,0,0.0816131465713337,-0.0666908081321754
79,92,0.122317426161526,0.0922343413842743,0.167332887922334
79,93,0,0.0472157285604279,0.235787164465638
79,94,0,-0.0287413587568461,-0.121144645554059
79,95,0,-0.0113972518947199,-0.0775161786571895
79,96,0,0.0814658139017148,0.130449039587825
79,97,0,-0.00457154447507655,-0.122331467623386
79,98,0,0.0508338432538393,0.076235777940152
79,99,0,0.0365206304763934,0.182834614676139
79,100,0,-0.18325794944949,-0.139156367307597
80,1,0,-0.13606512106236,-0.266713916335487
80,2,0,0.0145994312875704,-0.039686036973125
80,3,0,0.09745064377515,0.192028715592909
80,4,0,-0.0275392544360848,0.0487121550858205
80,5,0,0.0850335820571657,-0.0742179070549751
80,6,-0.131361927386506,0.197484944482592,0.241302132660497
80,7,0,0.0712451706660984,-0.0183444675605118
80,8,0,0.022830664871591,0.0545201095681835
80,9,0.13729069453761,0.0462901441344651,0.295873624132246
80,10,0,0.0692351851535023,0.241591653127238
80,11,0,-0.0919163784247518,-0.0198218245258698
80,12,0.130993229961379,-0.0530948026740927,0.163383612288216
80,13,-0.139390421995761,-0.0168427272250308,0.236914722758844
80,14,0.140345042489555,0.00934885611291988,0.135231038796104
80,15,0,-0.0383872774004563,0.139409519154446
80,16,0,0.0347576670902733,0.127102155470159
80,17,0,-0.0172868493254382,0.0777759138015047
80,18,0,-0.210120446312955,0.0187090013551609
80,19,0,0.0598363436152367,0.126622072608788
80,20,0,0.07254679725814,-0.12445481485099
80,21,0,0.172961588976061,0.194674657884413
80,22,0,-0.0512177673647776,-0.00877390636177777
80,23,0.136796308335298,0.0756766482348331,0.127441948184306
80,24,0,-0.0236499000124098,0.13513505128212
80,25,0,-0.0508841303261348,0.235103002094599
80,26,0,-0.0546605322269462,-0.0572318661590161
80,27,0.138872688402209,0.0711112021125402,0.138242342241268
80,28,-0.138289469813835,-0.139790608578777,-0.233004326108779
80,29,-0.141908781680546,-0.0261629483924291,-0.317660821901403
80,30,-0.142689651006273,-0.0311913667266909,-0.161435847077727
80,31,0,-0.0428656830194983,-0.035150116616866
80,32,0,-0.00943246044059933,0.0174364866801431
80,33,0,-0.00846033695050648,0.142927121767848
80,34,0,0.0591774649620422,0.100618851455673
80,35,0,0.146171331085215,0.0348472459535191
80,36,0,-0.121739733742318,0.0226978713658264
80,37,0,0.0600050632681724,0.179416701077983
80,38,0,0.004118601346288,-0.0414087114872966
80,39,0,0.0834938312069958,-0.0135256387260606
80,40,0,0.0317521063746909,0.098407936532798
80,41,0,0.0117462976748687,0.00483213865134826
80,42,0,-0.0620992863374718,-0.0690614242629257
80,43,0,0.0462906760778143,0.233457576307175
80,44,0,0.103354352030656,0.121183023669555
80,45,0,-0.19704647248051,-0.351456356380897
80,46,0,0.122208389263707,0.010658002153712
80,47,0,-0.0283598926401816,-0.0747921183114718
80,48,0,-0.0232139608567616,-0.0457278813495287
80,49,0,0.0627945078374585,-0.0699140538635468
80,50,0,0.107900705779928,0.296298566022226
80,51,0,-0.129788096470835,-0.192655722413277
80,52,0,0.0965012812536315,0.265903400479366
80,53,0,-0.00284482530066521,0.123885314194964
80,54,0,-0.0265570561303823,-0.0330936418093229
80,55,0,-0.085791203029565,0.0876327439728411
80,56,0.135959374734305,-0.087550823663429,0.0482613395882903
80,57,0,-0.159449812282483,-0.243087147277297
80,58,0,-0.169430623067308,-0.215386740924296
80,59,0,0.0170914294379918,0.0155479034895999
80,60,0,-0.085578183577681,-0.11916881715793
80,61,0,0.049716508432381,-0.186341076979318
80,62,0,-0.0303687640020784,0.0492261552628024
80,63,0,-0.0402282020532778,0.112284940147473
80,64,0,-0.0234467134579779,0.160394813839296
80,65,0,-0.197418482440032,-0.246486317000228
80,66,0,0.140860144577119,0.266978879778035
80,67,0,-0.00118286971729255,0.0375301896990726
80,68,0,-0.0130197136005643,-0.113920036568992
80,69,0,-0.0352060668252339,-0.1246399531643
80,70,0,0.119619595270976,0.114229638095812
80,71,0,0.0177520133388359,0.00949898896523853
80,72,0,0.0518830338488506,-0.0334976429282595
80,73,0,-0.130515861302976,-0.0226851101252359
80,74,0,0.106479943680883,0.087323333085919
80,75,0,-0.052180114722642,0.156139494183434
80,76,0,-0.0461666722972184,0.0597253661815314
80,77,0,-0.0670777491219383,-0.0501900547956561
80,78,0,-0.0999714766019402,-0.0354066327331361
80,79,0,0.00443202887464547,-0.31683627180112
80,80,0.782309804810211,1,1
80,81,0,-0.0291916313939627,-0.377726234662595
80,82,0,-0.0827153791762784,-0.187884813155322
80,83,0,0.0118287829737642,-0.107656735836955
80,84,0,0.0409970366266389,0.0445128827366601
80,85,0,-0.0546855309567595,-0.131852073954958
80,86,0,-0.0179785318216036,-0.0650673641380193
80,87,0,-0.0202016917857821,-0.0979535902766613
80,88,0,-0.0462991685247721,0.205626976483169
80,89,0,0.117992374569013,-0.0887313425668567
80,90,0,-0.0310657385430872,0.0911013756389891
80,91,0,0.0860395487211275,0.194489961769892
80,92,0,-0.00131561923717502,-0.28260947441258
80,93,0,-0.0443712887864477,-0.0330652530731933
80,94,0,0.045826348100779,0.139008258538762
80,95,0,0.181090904021049,0.484685192277913
80,96,0,0.0174889690458893,0.0298921961501363
80,97,0,-0.0754536652917274,0.0797321840697859
80,98,0,0.123065387802973,0.0745020457332799
80,99,0,-0.0315722969603996,0.0119977185211097
80,100,0,-0.0563384210903996,-0.0872447419355504
81,1,0,0.00741679415928076,0.186756690023316
81,2,0,0.0464730466734678,0.106311270510094
81,3,0,-0.0184381809259762,-0.0168912222868202
81,4,0,0.0577767391390569,-0.0724024297496748
81,5,0,-0.0152419877278716,0.191530151852812
81,6,0,-0.211538792952997,-0.200093086749263
81,7,0,0.019137772135986,-0.0697245485432555
81,8,0,-0.135718474820106,0.0405080320112789
81,9,0,-0.117493532264325,-0.0939200233556625
81,10,0,0.00338621799328504,-0.030345713330113
81,11,0,0.0355102425981041,0.153280140300741
81,12,0,-0.143535570344843,-0.0897005734120634
81,13,0,-0.066319162028836,-0.0686195127232404
81,14,0,0.0287646098900067,-0.0721521833341733
81,15,0,0.0405660298076088,0.0975167630857793
81,16,0,-0.0117769998174078,-0.262013210845452
81,17,0,-0.121500878509984,0.031649657590833
81,18,0,-0.0733639263162247,-0.0395283898390732
81,19,0,-0.0288356360573137,0.107516858092112
81,20,0,-0.00570644853434391,0.132882914006894
81,21,0,-0.00177664449562955,-0.0152751895392168
81,22,0,0.0105411789284135,0.234511482254322
81,23,0,0.00763109162619848,0.0714322671568628
81,24,0,-0.126786556334128,-0.202842598598092
81,25,0,0.0408013245735761,0.0835605240227727
81,26,0,0.109133822502186,0.251026072490714
81,27,0,0.0250772863844736,-0.0134341282712806
81,28,0,-0.0154790509241169,0.00931743898220224
81,29,0,0.0374701542919986,0.0814279919232685
81,30,0,0.0855948624218102,0.00170040516954618
81,31,0,-0.0502564744443433,-0.0539685003020931
81,32,0.128455467872769,-0.00246774072978203,0.110714873318238
81,33,0,-0.0612371840574238,0.0207799226633867
81,34,0,-0.111705798477843,0.000361608534085528
81,35,0,-0.00472300928369242,-0.0514861680592517
81,36,0,-0.0152978108447153,0.0229443978827025
81,37,0,0.0200879725079833,-0.134378142049943
81,38,0,0.00999236262995042,0.00283466672729042
81,39,0,-0.043061241494814,-0.171805961777635
81,40,0,0.0188509030134476,0.034910695266061
81,41,0,0.0261814571387437,-0.0626120287638899
81,42,0,0.0538981646791639,0.12861122016166
81,43,0,0.026234385748795,-0.0235610368515008
81,44,0,-0.0403932281532563,-0.0477579239181639
81,45,0,0.0312233871897769,0.206461528239749
81,46,0.117492248095453,0.0165516416510414,0.0592976813043779
81,47,-0.112586797584842,0.0444743072955154,-0.0465881013706787
81,48,0,-0.00229450826370238,0.0615051936129136
81,49,0,0.00888894414001985,-0.0877879221764416
81,50,0,-0.010876901177177,-0.166583027753215
81,51,0,-0.00750261954293057,0.0590947802138562
81,52,0,0.0174836455252115,-0.124986738321867
81,53,0,0.0183220098503822,-0.0276754137695306
81,54,0,-0.015036597934302,0.10294792624276
81,55,0.126384582161784,-0.0498820109085042,-0.00477018809599585
81,56,0,0.0158350857909011,0.0498313155868089
81,57,0,-0.0628624841037835,-0.165445289727371
81,58,0,0.0264944569454763,-0.0103989572827865
81,59,0,-0.139152873030459,0.0174265809568981
81,60,0,0.0483142236245371,0.139276858368893
81,61,0,-0.0187427955330755,0.0400124542265198
81,62,0,0.00579772061817398,0.0534058564426107
81,63,0,-0.0163397948561194,-0.121523394498528
81,64,0,0.0292535757560673,0.262358275306109
81,65,0,-0.0346789595317083,-0.1014773903261
81,66,0,-0.00576059075394293,0.0099894167461168
81,67,0,0.0450521026931614,0.1454235862557
81,68,-0.13025039261106,0.0385948806131277,0.0786656666357803
81,69,0,0.0176384005177699,0.091224153846122
81,70,0,0.0204252105291154,0.212730376088197
81,71,0,-0.0101576936291737,-0.0270051349199765
81,72,0,-0.000855294502155172,0.0275710509408793
81,73,0.124211797883279,0.07461121059672,0.045864650884556
81,74,0,-0.0373660091343614,0.0634428029338411
81,75,0,0.040870637808237,-0.167007987908451
81,76,0,0.054539382427305,0.0283494212797888
81,77,0,0.0809181619141296,-0.0612263265234427
81,78,0,0.0326547853239931,0.228778550944597
81,79,0,0.0213412981067305,0.147119801874585
81,80,0,-0.0291916313939626,-0.226927418429668
81,81,0,1,1
81,82,0,0.0178168715338129,0.00370823825074702
81,83,0,0.00585049744737058,-0.0941482699863082
81,84,0,-0.0114173055225841,0.104099852076556
81,85,0.12625036445679,0.00463519451021877,-0.0667206637874448
81,86,0,-0.111657146570478,-0.0533637992036667
81,87,0,0.0209501515005499,0.008003699931088
81,88,0,-0.0221295481560711,-0.206387468148267
81,89,0,-0.0200362098536966,0.150559005543636
81,90,0,-0.116409787706117,-0.161581673172583
81,91,0,0.00389637919293882,0.170979626941876
81,92,0,0.000672198872859125,0.131860479103552
81,93,0,0.03083964809907,0.0708812769043531
81,94,0,-0.028668926426358,-0.0277493656649879
81,95,0,-0.0287731003558472,-0.152772202468592
81,96,0,0.0415262636911783,0.10149110934685
81,97,0,0.0699835952708974,-0.00281603980329057
81,98,0,0.0716627796611465,0.0618820830202893
81,99,0,0.0189297395942461,-0.115910858360286
81,100,0,-0.0475264810917795,0.0246793953094008
82,1,0,0.0571366822171812,0.183409828510885
82,2,0,0.0482697699021614,-0.0153945745369667
82,3,0,-0.168016923526422,-0.245792480177554
82,4,0,-0.0064368052828218,-0.123733311654166
82,5,0,-0.0409032762297738,-0.292756008884066
82,6,0,-0.0912605969963401,-0.0853955270808092
82,7,0,0.0585618741735486,-0.0139901845899771
82,8,0,0.00734281120614168,-0.0229325000476202
82,9,0.128511899727994,-0.0289458414600992,-0.204814802260477
82,10,0,-0.050207172003095,-0.069468359991614
82,11,0,0.0304717032951616,0.0468331334438819
82,12,0,0.0321978568964151,0.181337165782012
82,13,0,-0.034415572580906,-0.042883309928021
82,14,0,0.0043106455516215,-0.0117854709729205
82,15,0,0.00885581675183704,-0.0814320893428981
82,16,0.120315505411219,-0.0557265237832721,-0.0660157969882761
82,17,0,0.0198589674461795,0.0980937396307132
82,18,0,-0.0126791820293147,0.102520382240096
82,19,0.132413489161525,-0.0517315754217319,-0.137644455570789
82,20,0,-0.0494683753601918,0.0451258616607459
82,21,0,-0.0350926656216758,-0.125405739098221
82,22,0,0.0302528517214791,0.0586886174956653
82,23,0,-0.0705636178637971,0.0861310194482232
82,24,0,0.0460505525179253,0.089875012466003
82,25,0,-0.0237059570415295,-0.184677758061159
82,26,0,0.0900466065334248,0.142692843110108
82,27,0,-0.127840063153263,-0.178343200142006
82,28,0,0.00180880828860572,0.0858619882325873
82,29,0,0.0185705430027976,0.0950078289707082
82,30,0,0.0530911474766656,-0.0729144274654302
82,31,-0.129228353470476,0.0427333876120422,0.205992778278492
82,32,0.13495259726178,-0.00660072267133084,-0.0222172960654191
82,33,-0.125454965388827,0.0221916123291474,0.141971759254115
82,34,0,0.012975870145605,-0.0733319180326148
82,35,0,-0.150123843526726,-0.285370894962228
82,36,0,0.0739138008701869,0.035903902130027
82,37,0,-0.118234018631046,-0.0866945281949386
82,38,0,-0.100114544382014,-0.0870164324925789
82,39,0,0.0662298711698713,0.0852519450418691
82,40,0,0.0111802594848683,0.0269080747140834
82,41,0,-0.0450920082748874,0.00551793490302175
82,42,0,-0.0101348580008959,0.196486938079868
82,43,0,-0.0726651520150484,-0.0452759846576024
82,44,0,-0.0116985283154565,0.0293576268879101
82,45,0,0.025977528959985,0.124285181191208
82,46,0.123434870474425,0.0246199662765465,0.0646657253413287
82,47,0,0.0133446347543799,-0.0147955284399642
82,48,0,-0.0164979717587226,0.0555590262375863
82,49,0,-0.0189604929195623,0.072038130217609
82,50,0,-0.0427487600415494,0.00828228482383151
82,51,0,0.0224623618357593,-0.0088881612999513
82,52,-0.117023574818098,-0.0253885224882399,-0.28749360282376
82,53,0,0.00380987382158601,0.229098868246203
82,54,0,-0.0429993512256763,-0.0973852468320252
82,55,0,0.0149216242423977,-0.00581871777494113
82,56,0.127265708661334,0.0339036439214975,-0.0105078243326213
82,57,0,0.0803073133042216,0.15152785883927
82,58,0,0.0285074538625321,0.226352667088724
82,59,0,0.0180599091256702,-0.0350955234430405
82,60,0,-0.0078815585825267,0.23800122530474
82,61,0,0.0497686877303311,-0.116299362867242
82,62,0,0.0317702686116114,-0.066066520443051
82,63,0,-0.0317123299656257,-0.0657464817757786
82,64,0,5.33975605836419e-06,-0.0969678025491806
82,65,0,0.0610539570937995,-0.0221458073618305
82,66,0,-0.0460857046467726,-0.0774279012462803
82,67,0,-0.14809646424957,0.0103280838813787
82,68,0,0.0126743978620299,-0.0329215217137894
82,69,0,0.0307624223214882,0.101778943810973
82,70,0,-0.0122805324297422,-0.0689797295546709
82,71,0,0.00151038259143042,-0.0946096273218624
82,72,0,0.0113414288133903,0.0479633437440148
82,73,0,0.0945840274214658,-0.00876785495815597
82,74,0.130566735665452,-0.0172004127705608,-0.0134931643839788
82,75,0,0.0267522916741064,-0.153474490079793
82,76,0,0.112268057030615,0.0265772602394902
82,77,0,-0.00660845945669428,-0.0836319745611118
82,78,0,0.0373733997730169,-0.0643688379179439
82,79,0,0.0184929156700155,0.0746020308876206
82,80,0,-0.0827153791762783,-0.153481242645899
82,81,0,0.0178168715338129,0.00504221587952751
82,82,0,1,1
82,83,0,0.053828747194825,0.0339737403740839
82,84,0,0.0030868807877057,-0.0417982585462413
82,85,0,-0.00198944204822736,0.0725444027349472
82,86,0,0.00267560433988752,0.196456610109486
82,87,0,0.0253492200484671,-0.140814984060467
82,88,0,0.0243380094199201,0.0141180206375321
82,89,0,-0.00775469798169663,0.0499425467794983
82,90,0,-0.0720278867720377,-0.0775258612375977
82,91,0,-0.0543833950792253,-0.0903686642424692
82,92,0,0.0281706607054183,0.0632430208043348
82,93,0,0.0414213245857797,-0.0669320415345584
82,94,0,-0.0398655247330674,-0.110631321384114
82,95,0,-0.0254465540706474,-0.0911718518149803
82,96,0,0.050890218085529,0.0431924117471807
82,97,0,0.0457082120667635,0.0065899846830462
82,98,0,-0.0114849022446566,-0.0520057574037795
82,99,0,0.0182231865603619,-0.0367187554699417
82,100,0,-0.0227884874239406,0.0833989576712193
83,1,0,-0.0110755269868626,-0.0175580658025332
83,2,0,0.000801334967059277,-0.102798217774726
83,3,0,-0.0020044786210747,-0.120580501931235
83,4,0,-0.0343923979788131,-0.0476864892903952
83,5,0,-0.0349205886846291,-0.113531298277591
83,6,0,0.0179886131760047,0.0235986897908832
83,7,0,0.0402723978995592,0.130732652093722
83,8,0,0.0570695863975241,0.180101525602844
83,9,0,0.0145144900981255,-0.146892600286289
83,10,0,0.012758456703313,-0.103242495903916
83,11,0,-0.120040021613703,-0.0830750656057734
83,12,0,0.074504217133657,0.13361048498595
83,13,0,-0.0129210343257356,0.073099054983753
83,14,0,0.040310023531374,0.0783027816326011
83,15,0,0.00443731783419546,-0.0879180054394449
83,16,0,0.0394370771384775,-0.0348135312407887
83,17,0,-0.0468395167696861,0.215071439922673
83,18,0,-0.0632901989193706,-0.105509774208607
83,19,0.125335387374056,-0.023317921645907,-0.141209060226004
83,20,0,-0.0316099565983465,-0.0645506104735421
83,21,0,0.0376758152463895,0.24194241473665
83,22,0,0.068281388742025,-0.204625051046039
83,23,0,0.0385588944143549,0.171399904043174
83,24,0.123822957555987,0.0096422906327102,-0.00298986321777603
83,25,0,-0.0107341954231456,-0.0530566626753659
83,26,0,0.0241673943650706,-0.157098703583819
83,27,0,-0.0106935117611055,0.0954566430753404
83,28,0,0.0107625867194584,0.0954778823947715
83,29,0,-0.12385130269551,0.0423801619752629
83,30,0,0.0573533353133356,0.154974307433451
83,31,0,0.0232142050590866,-0.0431459684951757
83,32,0,0.0281348701262854,-0.00116031749221158
83,33,-0.118748828269502,0.0295021469307474,0.195089974259282
83,34,0,0.00980566541020637,0.105030475571516
83,35,0,0.0329508187363854,-0.0702968192884119
83,36,0.115777506472977,0.00477898070070497,-0.336451640156858
83,37,0,-0.181900708782079,-0.111935796633684
83,38,0,-0.0127747253227052,0.0895396895408487
83,39,0,0.091590712429295,-0.0183348284509199
83,40,0,-0.0457128313422858,-0.102841859860285
83,41,0,-0.077680430296338,-0.125988050512515
83,42,0,-0.00187941271580678,0.0402697093120003
83,43,0,0.000900078167324828,-0.179851517555713
83,44,0.121735703611605,-0.0138623624993624,-0.0834618444739474
83,45,0,-0.0605834320355513,0.126199040470242
83,46,-0.11683671659393,-0.00958985727922417,-0.168931617753361
83,47,0,-0.0308770747940362,0.0755996707467488
83,48,0,0.0128005647232253,-0.035763828205419
83,49,0,-0.0152524763728399,-0.0310559763935414
83,50,0,0.0140792562624007,-0.0243996166223024
83,51,0,-0.0455650810785802,0.131305281281601
83,52,0,-0.0180812875651854,-0.102762679614843
83,53,0,-0.000861619062555873,-0.0706266342124598
83,54,0,0.00529739036156038,-0.199518041109987
83,55,0,-0.0411022077429906,-0.151909190806417
83,56,-0.120462779098317,-0.0209485157677245,0.0462116131826315
83,57,0,-0.0125994556872537,0.122036108675259
83,58,0,-0.0112613232369418,-0.0499049183110053
83,59,0,0.0359312100347837,-0.0165348425641864
83,60,0,-0.0865207196988779,-0.198497928208485
83,61,0,0.0474792548368254,0.117414563682641
83,62,0,0.043661401428256,-0.0212852969232379
83,63,0,0.0193515157875507,0.214491824610961
83,64,0,0.0172522274751241,-0.32036609416421
83,65,0,0.0238741079066015,-0.0746104982854015
83,66,0,-0.0990186448573483,-0.144531619827459
83,67,0,-0.0213628987591788,-0.123642656640231
83,68,0,-0.0920029398296637,-0.155576016942454
83,69,0,0.0179617107648757,0.0299382660270592
83,70,0,0.00263087423153568,0.016274918901244
83,71,0,0.0521222231696117,-0.115056398931126
83,72,0,-0.0218088568114469,0.0295960654380895
83,73,0,0.0320633986765402,-0.0565500620164346
83,74,0,0.0621787791444697,0.00471225855016933
83,75,0,0.0273506459728088,0.272968032817136
83,76,0,0.0430499571087777,0.185411819572969
83,77,0,-0.0425592384369627,-0.0960034540587282
83,78,0.115656648070815,-0.0397297434338861,0.0438212850667976
83,79,0,0.0495024375361628,-0.00705503251744456
83,80,0,0.0118287829737642,-0.135062568778765
83,81,0,0.00585049744737054,-0.196605796778118
83,82,0,0.053828747194825,0.0521763304051052
83,83,-0.862435422139242,1,1
83,84,0,0.0454936293283081,0.032331153698175
83,85,0,-0.0409014312696293,-0.0645268199886769
83,86,0,0.0318470462978606,0.179376032935785
83,87,0,-0.00301073220225208,-0.218973331497963
83,88,0,0.0744897567631852,0.269053842333847
83,89,0,0.0921422442067856,0.168313068258085
83,90,0,0.0162236509681572,0.238832365372932
83,91,0,0.0390589055986415,0.139279587453474
83,92,0,-0.0424619960071551,0.100550693226326
83,93,0,0.0530762256765411,0.0129575414975783
83,94,0,-0.0132631169552695,-0.0128666361865494
83,95,0,-0.00795846444847893,-0.179162547031759
83,96,0,0.0363276088281198,-0.113258948977776
83,97,0,0.00868942627423635,0.0996390266740234
83,98,0,0.0592197214938124,-0.130995337603717
83,99,0,-0.0145607652870454,-0.023569107793067
83,100,0,0.013910653393329,-0.149753561919681
84,1,0,-0.0486946639933916,-0.0973280224174757
84,2,0,0.0150346390484962,-0.0448991378024713
84,3,0,-0.0244414531214579,-0.0910051775940632
84,4,0,-0.0220149822245809,-0.102830254404566
84,5,0,0.019190656295891,0.0563125021280931
84,6,0,-0.00534808371157048,0.108487623933235
84,7,0,-0.0206281033502517,-0.302707552867273
84,8,0,0.0448316459683886,0.137200696640371
84,9,0,0.0168884047416215,-0.131611297325459
84,10,0,0.00573130707605303,0.160740677452271
84,11,0,0.0407344775619947,0.132065359009483
84,12,0,0.106063659782237,0.0825819464425153
84,13,0,0.00967862079425612,-0.0876201637417505
84,14,0,0.0584786025108606,0.0210601083361479
84,15,0,-0.0138940739032946,0.0972811418419149
84,16,0,0.0174517815604347,0.0460295187417813
84,17,0,0.00631638849835251,-0.147031249600639
84,18,0,-0.0233444243292027,0.0238479856868875
84,19,0,0.000962467007198182,0.0251700542565793
84,20,0,-0.064842294104668,-0.0599551936199913
84,21,0,-0.125150441107806,-0.0916640117053778
84,22,0,0.0805297811281147,0.0686125616923955
84,23,0,0.00458286841439587,0.0936001630516842
84,24,-0.126982252703314,0.0411630765341207,0.0529949675758032
84,25,0,-0.0618715378565538,0.00435017503842766
84,26,0,0.0161365082003607,0.0329858532441607
84,27,0.126183455652506,0.0900578327835356,0.154198342499239
84,28,0,-0.0671591097226418,0.0489608340333648
84,29,0,-0.0134362051310154,-0.170186831850628
84,30,0,0.0014171234994259,-0.130403727102489
84,31,0,0.0802019829733806,-0.0994975857536121
84,32,0,0.01791750496472,0.00780134811026452
84,33,0.121778658959283,0.0536523285520295,0.131039490117269
84,34,0,0.0814715640397565,0.0899200428930084
84,35,0,-0.0353008940871465,0.00064755082214533
84,36,0,0.00305142494943371,0.0388646269237369
84,37,0,-0.0706136349700442,0.0252155030227038
84,38,0,-0.0313848725267235,0.0882957827183338
84,39,0,0.0858077370180527,0.261604154669
84,40,0,0.0530677213359421,0.0868938966538139
84,41,0,-0.0126352215637131,0.045366196595627
84,42,0,0.0183890602444517,0.182510721404836
84,43,0,-0.0397856902067645,0.00551245296943322
84,44,0,-0.0106413521081273,-0.04861695768378
84,45,0,-0.195829906973192,-0.122041227899199
84,46,0,-0.0312526164089531,-0.0545789554118857
84,47,0,0.00416701777411237,0.0654191841573581
84,48,0,-0.128534602391845,-0.129597452241979
84,49,0,-0.0866846587997867,-0.338826757047819
84,50,0,0.0427574501992218,0.2113929223371
84,51,0,-0.0340991033183969,0.0987247412701407
84,52,0,0.0269687087214542,-0.0463179451134421
84,53,0,-0.0758198749196177,-0.116687097121365
84,54,0,0.0173127730797047,0.178568551630708
84,55,0,-0.0586693602378153,-0.12065731866113
84,56,0.123536340584415,-0.0579324028210372,-0.0774364572418944
84,57,0,0.0089550611565641,-0.0669193271960144
84,58,0,-0.00644582611312163,-0.143799499359347
84,59,0,-0.153349340200554,-0.340054081141889
84,60,0,0.0544059942066166,0.332932605056713
84,61,0,0.0374176861697471,0.0383212907381079
84,62,0,-0.00619026970395064,-0.055579052961128
84,63,0,-0.083135656363782,-0.296571400264689
84,64,0,0.0290556053478242,0.147567605503691
84,65,0,-0.0308007009940024,-0.0462254852358965
84,66,0,-0.0142696847929038,-0.00805523759751486
84,67,-0.131916772831844,-0.0210085063257267,0.0700034107089431
84,68,0,-0.11723088228187,0.0122658370741473
84,69,0,0.0439921256560712,0.210849682626976
84,70,0,0.0768813338259574,0.0787364060784725
84,71,0,0.102813197230881,0.0490252606301873
84,72,0,0.00107028944269938,-0.127176571123348
84,73,0,0.0711668180053685,0.174362530956861
84,74,0,-0.0579088529773579,-0.12491746173578
84,75,0,0.0355848908953659,0.0227875719167478
84,76,0,0.0594662341133046,0.149294435320222
84,77,0,0.00836891744656726,-0.0567571155712105
84,78,0,0.0298982293971728,0.196380885472565
84,79,0,0.00026166565692811,-0.0109842731038406
84,80,0.131331222530907,0.0409970366266389,0.0275547211661051
84,81,0,-0.0114173055225841,0.107263160438074
84,82,0,0.00308688078770571,-0.0316741419128709
84,83,0,0.0454936293283081,0.01595282879282
84,84,0,1,1
84,85,0,-0.0106352010715776,0.0238901296659929
84,86,0,0.064068198270817,-0.0716820999486383
84,87,0,-0.0922675850361174,-0.0850906181637972
84,88,0,0.0643321933457637,-0.0111853276398614
84,89,0,-0.00265990262555473,-0.108028330097278
84,90,0,-0.0169599781942347,0.0548730195351765
84,91,0,0.0125923193746884,0.140210957074773
84,92,0,-0.00942773998813938,-0.0590500739626055
84,93,0,0.109063823845338,0.0977276457724455
84,94,0,0.0662784467571017,-0.0228958203223033
84,95,0,0.0633722212893885,0.0454968122187728
84,96,0,0.00435931948500957,0.0147171061715214
84,97,0,0.0285876694475208,0.150384658265379
84,98,0,0.0556850971517934,0.00866435455300682
84,99,0,-0.00634384237370292,0.0640790747191338
84,100,0,-0.0155618331410776,0.024250013794188
85,1,0,0.0267945200874649,0.0562088181045964
85,2,0,-0.140301537996807,-0.0873979208849825
85,3,0.11689682883765,-0.00257991782203056,0.0332412740803512
85,4,0,0.0243933475711478,-0.0922883683083833
85,5,0,-0.0920235988250476,-0.121577196253217
85,6,-0.121659958147269,0.0212091346209363,-0.0634403067840571
85,7,0,0.0375961033472513,-0.00203053051518135
85,8,0,0.0157500366901322,-0.118743901328548
85,9,0,-0.0445279318650827,-0.105949645124162
85,10,0,0.0245078403597987,-0.0100997072917145
85,11,0,0.0083344547608973,0.145554587483695
85,12,0,0.0137083270897727,0.00156692997541561
85,13,0,0.0315023190354885,-0.0871793745149694
85,14,0,-0.0236376731499596,-0.00544951182793257
85,15,0.125520111021158,0.084151857025246,-0.0512496241339091
85,16,0,0.0561029839803326,0.0023646713031394
85,17,0,-0.00985388831332802,0.168779903576063
85,18,0,0.0574611482190258,0.177072340152656
85,19,0,0.0185513460897053,-0.12108181209491
85,20,0,-0.0490281199267511,-0.19316411376746
85,21,0.122055586716628,0.00464146577442148,-0.167893444978329
85,22,0,-0.0661756980701219,-0.067481258110936
85,23,0,0.0133335328974152,0.109627491689984
85,24,0,0.0119714771200611,0.214819244418023
85,25,0,0.0544435377174634,-0.0871059078527061
85,26,0,-0.00938791042660898,-0.0689399639815092
85,27,-0.128615998523686,-0.010170347454295,-0.117732413146302
85,28,0,0.0470576074374837,0.0466877214285158
85,29,0,-0.000620449780289378,-0.0330683214626544
85,30,0,-0.0389724078693078,0.0396623484829383
85,31,0,-0.0799653986889976,0.0922343562925048
85,32,0,-0.0567839351786572,0.026246269498611
85,33,0,0.0117745646369496,0.0154196787209142
85,34,0,-0.18822552006759,-0.203156852378727
85,35,0,-0.0599453153261977,-0.0991094406142836
85,36,0,-0.0267443909866042,-0.12781547476901
85,37,0,0.032461264267492,0.0328590134014339
85,38,0,0.0210307897291199,-0.0146414774457336
85,39,0,-0.133225943048107,0.0242730755990291
85,40,-0.128749305040277,0.0276945762062704,0.185407101982145
85,41,0,-0.0029365646408953,-0.0388892841545639
85,42,-0.116062923048204,-0.0137195530432,-0.0741763875889856
85,43,0,-0.133945285085922,-0.157255088285704
85,44,0,0.0124745015371916,-0.0062181041078978
85,45,0,0.115275643024275,0.0989102599130029
85,46,0,-0.0362877923342159,0.0963684983871923
85,47,0,0.0164674370775472,0.0943480470720131
85,48,0,-0.00170568797057084,0.00918854933214606
85,49,0,-0.0305193213214013,0.0604706902151657
85,50,0,-0.0203724482824037,0.0434444857352135
85,51,0,0.11271873115948,0.189533675319388
85,52,0,-0.150812981481455,-0.0558910389282007
85,53,-0.120333856970325,0.0612168178643518,-0.0508888073027929
85,54,0,0.116101720449066,0.0791560176795755
85,55,0,-0.0128509345914953,-0.0256726365889532
85,56,0,0.0593172619333753,0.0805989360707173
85,57,0.123733852473442,-0.00628938195863841,0.151660807631205
85,58,0,0.00646240446565041,0.124229067181847
85,59,0,0.0489317205959005,0.104145369482655
85,60,0,0.0334990573728064,-0.0601345083726154
85,61,0,-0.0595619830091373,0.036615704670913
85,62,0,0.0185954177816764,0.0125209828764356
85,63,-0.129964282242714,-0.0152788740903575,0.118934447180495
85,64,0,0.0322884874403214,-0.235228777701966
85,65,0,0.0221222012999429,-0.0870011691608225
85,66,0,0.0325341790300609,0.139717142404391
85,67,0,-0.00537209889609878,-0.060319820583796
85,68,0,0.0454187815964938,-0.0101573104698878
85,69,0,-0.0341107321110355,-0.0815423380877848
85,70,0,-0.0170335041342821,-0.0856780340063708
85,71,0,-0.00793714866458934,-0.0300343578806401
85,72,0,0.0275077621095847,0.0389647961958737
85,73,0.129112238017457,0.0173480815889103,0.111086249230078
85,74,0,-0.0070215512282892,-0.227688081165602
85,75,-0.122425918992379,0.00997119602709648,0.147828420048697
85,76,0,-0.0106100944332703,-0.108028610355408
85,77,0,-0.0126514004898246,0.0376645353313757
85,78,-0.120894079477587,0.0377103689477951,0.149365975104291
85,79,0,-0.00806099699705772,0.0307216824646013
85,80,0,-0.0546855309567595,-0.0735642508773384
85,81,0,0.0046351945102188,-0.0619627075551857
85,82,0,-0.00198944204822737,0.0495473157518217
85,83,0,-0.0409014312696293,-0.028696327266542
85,84,0,-0.0106352010715777,0.0215321828235277
85,85,0,1,1
85,86,0,-0.0262538458254165,0.0705541498013843
85,87,0,-0.0282630552049777,0.0467839298094258
85,88,0,-0.0538194275866749,-0.0506072690099843
85,89,0,-0.163905379479785,-0.145119283175891
85,90,0,0.0460359722147375,0.0214126042875518
85,91,0,-0.0016596276787529,-0.0925969683808654
85,92,0,-0.163095322054527,-0.157459306855084
85,93,0,0.0298444052018198,0.0983900685528551
85,94,0,0.0168415976571658,-0.000648294428049688
85,95,0,-0.0229784482490909,-0.0115740320722607
85,96,0,-0.0445448756122945,-0.120231867875426
85,97,0,0.00523241398689793,0.0109730378965563
85,98,0,0.0457412621347432,-0.0389521763670072
85,99,0,0.0178195532363051,0.0161032793744862
85,100,0,0.00519863774131351,0.064360619920572
86,1,0,-0.0220428120261586,-0.087457836580508
86,2,0,0.00610491897151413,-0.159091908153512
86,3,0,0.041050646670056,0.0369879951602823
86,4,0,0.0271335625042605,-0.0298793191906581
86,5,0,-0.00255326961650044,-0.143086806753734
86,6,0,0.0276755312475642,0.0014838193199872
86,7,0,-0.0181941393817057,-0.0468756239244018
86,8,0,0.0819438612279971,0.052294041254391
86,9,0,-0.0139260290302833,0.083329057162665
86,10,0,0.0305739012512229,-0.067788580776123
86,11,0,-0.0993268779999194,-0.0375426066767148
86,12,0,0.0584135069102906,0.056341768764725
86,13,0,-0.10318299772902,-0.0737259622557069
86,14,0,-0.00151503377622942,-0.0412789486669942
86,15,0,-0.0193252261092472,-0.0449153723631808
86,16,0,0.0391139206317369,0.0107201833260602
86,17,0,0.0158196734215215,0.288255990262286
86,18,0,0.0278670228343756,0.120805686411975
86,19,0,0.000380005298345743,0.115067565617625
86,20,0,-0.00843646704580982,-0.0423265771060945
86,21,0,-0.133879060767586,-0.0883556334155011
86,22,-0.120132701976232,0.0224903531591521,0.046000515972565
86,23,0,0.0376609117234408,-0.0252435122148057
86,24,0.130227049490699,0.0569686460595122,0.180078118336276
86,25,0,-0.0149962846029968,-0.0292060534768546
86,26,0,0.00560119743899066,0.0707760807171675
86,27,0,0.0551268577415098,0.0461028654763817
86,28,0.128864371246666,0.00548705669545507,0.00568857138605837
86,29,0,0.00602177795088784,0.0891729673157126
86,30,0,-0.047491419246929,0.0467703942667509
86,31,0,0.010210321795204,0.0908891773044669
86,32,0.1343453853151,0.0090371664612232,-0.00883564043360028
86,33,0,0.0287734310432023,-0.0330320878445301
86,34,0,0.0607471817156403,-0.079858373612075
86,35,0,0.0366787913226991,0.0292103118885241
86,36,0,0.00619078143028485,0.112645889208932
86,37,0,-0.0393463504629485,-0.193881626449763
86,38,0,0.0280333685709008,0.000133257350791771
86,39,0,0.0816762973450719,-0.0525071230665175
86,40,0,0.0178154439247193,0.0328757567167117
86,41,0,0.0157986526691944,-0.171206303250277
86,42,0,-0.00680783801594584,-0.0325168338383717
86,43,0,-0.0162085179272272,-0.126866972642017
86,44,0.128031843302123,-0.00967236494432782,0.0518010528767276
86,45,0,-0.0428224286588577,0.049545734968939
86,46,0,-0.00238222261858396,-0.285311831313305
86,47,0,-0.031148368542687,-0.129639865409154
86,48,0,-0.00231076535485623,-0.0231816896727057
86,49,0,-0.0241079124520584,0.0438495774863901
86,50,0,-0.0107199843277245,0.114975554626659
86,51,0,-0.0287685837561697,-0.140154336190527
86,52,0,-0.00413258358474978,0.0300911382165241
86,53,0,-0.0302643447265684,0.0782032310358399
86,54,0,0.010838987114095,0.0550021842318878
86,55,0,-0.127797641710828,0.0517989348322376
86,56,0,0.0244434797756834,-0.0199602995414938
86,57,0,0.0468805492944248,0.0337283833079106
86,58,0,-0.0337782598885701,-0.0645445006260159
86,59,0,0.0307255427007083,0.0328792569349337
86,60,0,0.000643230120415502,0.0994544879846599
86,61,0,0.00986525176526956,-0.134168691390281
86,62,0,-0.0975947495862272,-0.0926312786090608
86,63,0,0.0478354577987426,0.182913222654984
86,64,0,0.000165164964668807,0.0525370029669048
86,65,0,0.0258334740000298,-0.206559735599579
86,66,-0.126947933279064,-0.0861574711456497,-0.143707229845774
86,67,0,-0.0172515353409802,0.00471553786267268
86,68,0,-0.000661027049835878,-0.138612587835232
86,69,0,0.0314843310931242,0.100985940907688
86,70,0,0.0287007230316779,0.0618081854386342
86,71,0,0.0321355804843162,0.0271849003722863
86,72,0,-0.00322643541946824,0.0783125000160406
86,73,0,-0.104945608799527,0.144976457756476
86,74,-0.129979257666928,-0.00590661829213919,0.0449417146301183
86,75,0,0.0257299724046998,0.213238807533164
86,76,0,-0.0109164521198774,-0.0153692069780997
86,77,0,-0.011844306959941,-0.103456848899878
86,78,0,0.0335926040338018,0.182378796164739
86,79,0.131188182741753,0.0349276541311426,-0.0838334029757102
86,80,0,-0.0179785318216037,-0.043755704726499
86,81,0,-0.111657146570478,-0.0597321830406426
86,82,0,0.0026756043398875,0.161724004104863
86,83,0.119335561330291,0.0318470462978607,0.0961484055041093
86,84,0,0.064068198270817,-0.0778703073642817
86,85,0.12473958978245,-0.0262538458254166,0.0850382237952987
86,86,0,1,1
86,87,0,-0.104928017002888,-0.187910580351167
86,88,0,0.0585645438144741,-0.0500851547192237
86,89,0,0.0326353359091118,-0.0282455352845095
86,90,0,0.057443797490983,0.0635414282947137
86,91,0,0.0695437173875127,0.0644411724286295
86,92,0,0.0294526398093671,0.0647662224717818
86,93,0,0.0153345746527833,-0.0125959302934178
86,94,0,9.03798397442436e-06,0.168921742896093
86,95,0,-0.0124237293907174,-0.128211552352352
86,96,0,-0.00853041244854327,-0.104249172975736
86,97,0,0.0315400156324612,0.0553693416085789
86,98,0,0.0608944242293771,-0.164744922703707
86,99,0,-0.00160595188507766,0.0506123343200392
86,100,-0.106245247166846,0.0171445195295638,0.150317132942362
87,1,0,-0.0134745535267297,0.0804229408813673
87,2,0,0.0777694393811129,0.339891823714354
87,3,0,0.062451932201271,0.103407632843119
87,4,0,0.0295789529637642,-0.069797842094629
87,5,0,0.0253313667862563,-0.0873655994828304
87,6,0,0.0055938115540188,-0.0966247654116318
87,7,0,0.0742319574514814,-0.0252637997428061
87,8,0,-0.0197803476363094,-0.175351051569305
87,9,0,0.00128634264873476,0.0489295502759466
87,10,0.138160259144063,0.0185371864752853,-0.0228667726595967
87,11,0,-0.0336635675531421,-0.0463561755416377
87,12,0.118866973868683,-0.0151750583961381,-0.209718766171338
87,13,0,-0.0560801057124568,-0.0683781188101365
87,14,0,0.0462454491850581,-0.0904995508786125
87,15,0,-0.0209539952791053,0.00890778217612425
87,16,0,-0.0120334672921432,-0.113694301219605
87,17,0,0.0491992411226829,-0.112618034526727
87,18,0,-0.0712654311065836,-0.15934924305231
87,19,0,-0.0188568558332391,0.0137126797017041
87,20,0,0.0600750626809263,0.154304987063837
87,21,0,0.0048426090196491,-0.0974114896253575
87,22,0,-0.124838763328689,-0.191805778772541
87,23,0,-0.13716114636329,-0.190731974808124
87,24,0,0.0151515878210795,-0.24572338903482
87,25,0,0.04475862365033,-0.135336247030517
87,26,0,0.0127535772185974,0.04655063828075
87,27,0,-0.052551698386235,-0.0193191948442176
87,28,0,0.00266297869251158,-0.00456227895106512
87,29,-0.12877205523317,0.0430994888630055,0.11877042979804
87,30,0,0.035654971756942,0.0396884968022992
87,31,0,0.0347827482467955,0.0629555822042867
87,32,0,0.0106036985036096,-0.0497674386728686
87,33,0,-0.0392080254359438,-0.208713416210913
87,34,0,0.00907498009840232,-0.0397779334197845
87,35,-0.118808627221828,0.0615025959516466,0.0691293487431184
87,36,0,0.000918972265328164,0.135282232769717
87,37,0,0.0651031556214334,0.12913203190698
87,38,0,0.00447272237172739,0.098697445980584
87,39,0,-0.0227942629122048,0.0314165868622201
87,40,-0.126147630795127,0.00243542877819416,0.184782466559973
87,41,0,-0.0198996462373313,0.164720373350938
87,42,0,-0.0340922722089756,-0.193153674057924
87,43,0,0.0400079694918834,-0.152249692417613
87,44,0.124677075402315,0.000296179682705038,-0.00241857457118392
87,45,0,0.0692086117274587,-0.0130715878199248
87,46,0,0.0460855332050178,0.14794745096897
87,47,0,-0.0852575913726987,0.0115558289046659
87,48,0,0.00526755236333113,0.0080664336843036
87,49,0,0.047330998446375,0.0643597057975773
87,50,0,0.0166086616514316,0.136919890132229
87,51,0,-0.058578514975021,0.0465145160986175
87,52,0,0.0196732179339953,-0.0583520729607713
87,53,0,0.00278275379626659,-0.0657137332346539
87,54,0,0.0104331216620796,-0.056864800212947
87,55,0,0.0372940699709851,-0.0502757875015993
87,56,0,-0.0182754496168219,0.0115425320153708
87,57,0,0.0339014903578128,0.0551774973841599
87,58,0,0.0257163083939712,0.0167826872455309
87,59,0,0.0184727024244761,-0.00953262448220266
87,60,0,-0.075898886698564,-0.127011947908366
87,61,0.121415541838277,0.00220359965713687,-0.0995435262417187
87,62,0,-0.00639443040426651,0.11485561504376
87,63,0.127338056603713,0.00355839251909148,0.0152254574708668
87,64,0,-0.0449719266300317,-0.0485263982079002
87,65,0,-0.0912740476880736,0.137016556546383
87,66,0,-0.00234254969629538,-0.0743358876225268
87,67,0,-0.104875141594694,0.0565875297593167
87,68,0,0.0178795270440014,0.0806975373301497
87,69,0,0.0268711636748235,-0.281524648787096
87,70,0,-0.0175538737538943,-0.108739439862169
87,71,0,-0.0260502846631083,-0.109797598838273
87,72,0,0.0458498339016834,-0.169533630526611
87,73,0,-0.0276742423423691,-0.00932471225199811
87,74,0,-0.0415004864760306,-0.0015907880950196
87,75,0,0.0485425682951665,-0.0915898727281277
87,76,0,-0.0615827509071664,-0.11903569520657
87,77,0,-0.00558516175869614,0.164609255225049
87,78,0.118451138035148,-0.0367862887543884,0.0194206880101227
87,79,0,0.0178839116580981,0.00868946195537796
87,80,0,-0.0202016917857821,-0.0727969604623224
87,81,0,0.0209501515005499,0.00990088149665541
87,82,0,0.0253492200484671,-0.128108553758987
87,83,0,-0.00301073220225209,-0.129715034609656
87,84,0,-0.0922675850361174,-0.102156091059806
87,85,0,-0.0282630552049776,0.0623174588396174
87,86,0,-0.104928017002888,-0.207669468983108
87,87,0,1,1
87,88,0,-0.0583007060385249,-0.0576554277876844
87,89,0,0.00710232065357854,-0.00529814162556142
87,90,0,-0.0301699468160154,-0.150026677149898
87,91,0,0.0336024039161378,-0.165643010059975
87,92,0,0.0300793762447475,-0.0572724071044476
87,93,0,-0.0700702617313441,-0.0126777166272738
87,94,0,0.0193840368887441,0.106209637753772
87,95,0,0.0245886428743769,-0.0489933033213502
87,96,0,0.0570596600847865,0.0620880873831176
87,97,0,0.0436360141120006,-0.00426491659664142
87,98,0,-0.155012197778845,0.00761849813003302
87,99,0,0.0114901104093078,-0.0534109904345159
87,100,0,0.0338840418929643,0.0134910252284871
88,1,0,-0.0185934092496701,-0.0168028928962711
88,2,0,-0.000103594054956811,0.200119829362736
88,3,0,-0.0583327389209801,0.0736837640048436
88,4,0,-0.0655551931366748,0.133545738819501
88,5,0,-0.0241292148621005,-0.277310297851356
88,6,-0.115823601663839,-0.0336961275093301,0.0843658957929504
88,7,0,-0.0897142375218797,0.0547232232357175
88,8,0,0.0737418210108928,0.0258747194475625
88,9,0,0.0410242502128372,-0.107700368161007
88,10,0,0.0180978282558073,-0.12692772076915
88,11,0.116394364807466,0.120055685699276,-0.265041978063838
88,12,0,0.0500507385909115,0.0341875769046104
88,13,0,0.0175631737989443,0.00237467541766541
88,14,0,0.00730465406548828,0.26052904524518
88,15,0,0.000454461918199612,-0.0801498966145814
88,16,0,0.0114621032222236,-0.0624739888497584
88,17,0,0.0235447045324647,-0.0502349617432987
88,18,0,0.0590004488791708,0.0863920876379548
88,19,0,-0.00524932483412869,-0.110737853854236
88,20,0,-0.107534360146864,-0.201678359215291
88,21,0,-0.0176697115930258,-0.0854389708680281
88,22,0,0.0886332265103369,0.137092911842532
88,23,0,0.0176436264107552,0.160616705186822
88,24,0,0.0192887922467966,0.0882250692503136
88,25,0,-0.00944174620322433,-0.0227613001618534
88,26,0,0.0696347538681916,0.0795994747161542
88,27,-0.122445942012999,0.0760378744845562,0.0989676375060252
88,28,0,0.000805644431889275,-0.0693580807931021
88,29,0,-0.122750851686551,-0.131232665447587
88,30,0,0.0616405747342127,0.314262394131384
88,31,0,0.0547506041208128,-0.00715647019730507
88,32,0,0.0544300550723414,-0.0307523847099582
88,33,0,0.0621224264131091,0.16153821574994
88,34,0,0.0634359804433212,0.138730740218736
88,35,0,-0.0397338416482627,0.217871635481086
88,36,0,0.032857013823754,0.128499915694768
88,37,0,-0.0907066188538778,-0.101585433808949
88,38,0,-0.0479114637844148,0.0176354425798073
88,39,0,0.0382760570284433,0.0909919025534913
88,40,0,-0.0117080723072193,-0.295080314047181
88,41,0,-0.00986628114242342,0.0216156576207832
88,42,0,0.0174252221341455,0.0197434341670507
88,43,0,0.0176903453379359,0.0785155080873213
88,44,0,-0.0418793608587583,-0.0725324378390055
88,45,0,-0.0717186296803049,0.0185819445776987
88,46,0,-0.0794755019632407,0.024301701826434
88,47,0,-0.0132188567615838,-0.0283036404128735
88,48,0,-0.0223214983921523,-0.101817708839156
88,49,0,-0.0740710695208013,-0.0426441090521369
88,50,0,0.0267540617040414,0.226513035037786
88,51,0.119595995231079,-0.061007757330707,-0.133060211001419
88,52,0,-0.0175822393044873,-0.0357311681348175
88,53,0,-0.0304049340359315,-0.00780634674941591
88,54,0,-0.0231492635089329,-0.210830723905346
88,55,0,0.0324170741472862,0.141834689308533
88,56,0,-0.0123295693920109,-0.0278522387534678
88,57,0.117798005682923,0.0722418386181605,0.114565462953613
88,58,0,0.00532750649784591,-0.145895789567344
88,59,0,-0.0619600947016446,-0.149174120446311
88,60,0,0.0537228867182526,-0.0856532569445653
88,61,0,0.0321143990866427,-0.0771398593764733
88,62,0,0.00433529256865217,-0.0533871581074791
88,63,0,0.0321526578402424,0.0536140689784158
88,64,0,0.0614908631311492,-0.250178398412711
88,65,0,-0.028849643802899,0.0170002816902076
88,66,0,-0.10012648530605,0.13045788507354
88,67,0,0.00160374942883489,0.0288318920805917
88,68,0,-0.0243030625818025,0.14920550965931
88,69,0,0.132360004561472,0.174536965546889
88,70,0,-0.107208432533913,-0.0949327324929143
88,71,0,0.0673567298961733,-0.104761573850223
88,72,0,-0.0323171820041362,0.125588788405686
88,73,0.122918375559185,0.0483404424202503,-0.115703992585127
88,74,0,-0.0488452599539713,0.109323022927044
88,75,0,0.0563034399222372,0.0171165259726453
88,76,0,0.0781893855132545,0.00632986698903155
88,77,0,-0.0163785838332617,-0.0105188303398841
88,78,0,-0.0722657349887992,-0.134803008642323
88,79,0,-0.0359660371470386,-0.109625021437515
88,80,0,-0.046299168524772,0.186099786056438
88,81,0,-0.0221295481560711,-0.310913288583602
88,82,0,0.02433800941992,0.0156414124087019
88,83,0,0.0744897567631852,0.194093586506861
88,84,0,0.0643321933457637,-0.0163532544530654
88,85,-0.118028834262422,-0.0538194275866748,-0.0820916215227852
88,86,0,0.058564543814474,-0.0674067417047959
88,87,0,-0.0583007060385249,-0.0702122831181104
88,88,-0.894491145852953,1,1
88,89,0,0.0023535359213151,0.0574446225271961
88,90,-0.124110530104983,-0.00793695020640617,0.0833196596190065
88,91,0,-0.0237290657760943,-0.114430089872356
88,92,0,-0.0341560431116498,-0.194195204335491
88,93,0,0.0694654971149115,-0.121309890381904
88,94,0,-0.0116511858119749,0.156490859763521
88,95,0,0.030518606459743,-0.024059058708511
88,96,0,0.00850867651575926,0.0759927746280573
88,97,0,0.0421956090556794,-0.143460352124217
88,98,0,-0.149685299588154,-0.156716602768812
88,99,0.116263949793345,-0.00518835732197064,-0.200529035262355
88,100,0.112820787317139,0.0357148766997359,-0.133181344562553
89,1,0,-0.0658521889831859,-0.0279160257713778
89,2,0,0.0176710898563031,0.109274011170138
89,3,0,0.0385592955568319,-0.155013117287076
89,4,0,-0.0431493230423855,-0.110604024871279
89,5,0,0.0145199553742659,0.0606543730535249
89,6,0,0.0684419544143364,0.152357648148418
89,7,0,0.0141560154869993,0.00497621129271503
89,8,0,0.037131109759836,0.00492851729866237
89,9,0,0.0694903250132757,0.124383985807828
89,10,0,0.0459271846281104,0.00301941142476563
89,11,0,-0.0498592237930081,0.147069602394217
89,12,0,0.00424802101374605,-0.0504021836372829
89,13,0,-0.0390091290989928,0.018089798223978
89,14,0.131203348926907,0.0581791385538084,0.0497583044749884
89,15,0,-0.00263647239719782,0.145186678307622
89,16,0,-0.0527313279285972,0.0948315720108221
89,17,0,-0.0277852847688768,0.0136798164195529
89,18,0,-0.0244303995416279,-0.12401847662228
89,19,0,-0.00980046613444074,0.0334590920193961
89,20,0,0.0207564664315484,0.309202417099899
89,21,0,0.0734582930029173,0.0670126722488121
89,22,0,0.0534935585614755,-0.103538922167968
89,23,0,0.00341931869084506,0.184679576902494
89,24,0,0.0486084124944764,0.0195509550680595
89,25,0,0.00295589124107974,-0.0148130912049442
89,26,0,-0.020426456581573,0.0145832252543486
89,27,0,-0.000692882314330333,-0.0255734639004743
89,28,0.129281670652897,-0.0124145788475805,-0.171527478400919
89,29,0,0.00529874778269306,-0.0191339728699249
89,30,-0.133395236034987,0.0212536315848476,0.133358503570504
89,31,0,0.0236908766104057,0.0465606399394329
89,32,0,0.0749426050988974,-0.0200616364320074
89,33,0,0.0170129085316285,0.0668160128044568
89,34,0,0.0694165623307056,-0.0583542562128663
89,35,0,0.0935024152013576,-0.0657236625247934
89,36,0,0.0245364711928886,-0.197215473887303
89,37,0.125444716287114,-0.174349355689207,-0.277352411667554
89,38,0,-0.0399559450989894,0.129837729180536
89,39,0,0.0832550962600803,0.0654147449418918
89,40,0,-0.0368042995813745,-0.0206188606096414
89,41,0,0.021926080039653,0.145839398129255
89,42,0,-0.0106903808763377,-0.154828460827667
89,43,0,0.0388373791043816,0.155668793271801
89,44,0,-0.0142039186573242,-0.0505641368026421
89,45,0,-0.134928050532081,0.123854056251357
89,46,0.123277400555465,-0.00960150076536008,0.164417190275938
89,47,0,-0.0147422137789151,-0.0605129218266778
89,48,0,0.0283931720120532,0.160324429090831
89,49,0,-0.0126931090510945,-0.0528746630268101
89,50,0,0.0171301646880637,-0.139735629939619
89,51,0,-0.18843289375275,-0.253026546989493
89,52,0,0.03251196035297,-0.030481092594776
89,53,0,0.062639990963035,0.167792331007268
89,54,0,-0.142831929656108,-0.0932161765907514
89,55,0,-0.0134072203361051,-0.0840047499619095
89,56,0,-0.0407073951953725,0.0709836909652178
89,57,0.124898789206671,-0.0436042843173478,0.192011311791962
89,58,0,-0.0499477698823798,-0.151231716736407
89,59,-0.126048622497346,0.0615392863935558,0.153912574526394
89,60,0,-0.0587981230548037,-0.158586403879443
89,61,0,0.0494447994391387,0.0639271772514174
89,62,0,-0.0934901594876353,0.0631075560343194
89,63,0,0.0600256076698889,-0.0829934521282852
89,64,0,0.0508392591011624,-0.0819930880182042
89,65,0,-0.0682381963833332,-0.0163204963900122
89,66,0,0.0365736484718818,-0.0081867912531541
89,67,0,0.00516551901370817,0.0457166461422634
89,68,0,0.0704000095974728,0.0145273969070102
89,69,0,0.0220800811664233,0.0519821331631605
89,70,0,0.00994832663857674,-0.097807463189112
89,71,0,0.0605247185243869,0.0305861360597968
89,72,0,0.00935394658425732,-0.0743038681441583
89,73,0,-0.0466316342933642,0.0285083785905803
89,74,-0.130400167391795,0.079716366899988,0.149584299375107
89,75,0,-0.028666973703537,-0.281677095465426
89,76,0,0.00439742923780362,-0.0226129835107943
89,77,0,-0.04536126280754,-0.0671561313686426
89,78,0,-0.0677453670455957,-0.260214185325552
89,79,-0.13161300730911,0.000698044070863056,-0.00475444796533073
89,80,0,0.117992374569013,-0.0705393043200546
89,81,0,-0.0200362098536966,0.199228302167486
89,82,0,-0.00775469798169662,0.0486027871726748
89,83,0,0.0921422442067855,0.106654248246695
89,84,0,-0.00265990262555468,-0.138733544612545
89,85,0.125143531975673,-0.163905379479785,-0.206775648968375
89,86,0,0.0326353359091118,-0.0333912333009383
89,87,0,0.00710232065357859,-0.00566741212801259
89,88,0,0.00235353592131509,0.050458892640055
89,89,0,1,1
89,90,0,0.0242988314575611,0.0953042520818599
89,91,0,0.0670738002828587,0.0348529578900552
89,92,0,-0.0441212405535167,-0.0338887316458744
89,93,0.123268688487454,-0.163412623680973,0.00840086431068541
89,94,0,-0.0904589444040555,-0.0682700914137917
89,95,0,-0.0287942023162549,-0.247105677411927
89,96,0,0.0281471967347734,-0.0427347640959393
89,97,0.118841866326993,0.0483034110928252,-0.0140894888585154
89,98,-0.122370015629218,-0.00750311702666407,-0.0820080851794937
89,99,0,0.00207714992884065,-0.182764472121262
89,100,0,0.115116092509098,0.0309395059751472
90,1,0,-0.0063123590897905,-0.0701391708766521
90,2,0,-0.0725358448476293,-0.195519319880097
90,3,0,0.055908568369105,-0.0468584453274162
90,4,0,0.0386567998189503,0.0255595661794519
90,5,-0.125368616721718,-0.0317352734929032,-0.267116550371381
90,6,0,0.141945207424397,0.302392237395845
90,7,0,-0.153349195763184,0.144527104451491
90,8,0,0.0362371462015956,0.230693605843513
90,9,0,-0.139443675735373,-0.17198472474929
90,10,0,0.030116436199145,0.081270881026837
90,11,0,-0.171408979200295,-0.0335706136171075
90,12,0,0.0382181033955322,0.0231332611518155
90,13,0,0.0412134712242626,0.0197498288119693
90,14,0,0.0168792556000295,0.15452513871617
90,15,0,0.0824016650577685,0.158234031588192
90,16,0,0.0896681964035961,0.058447291124148
90,17,0,-0.00749158642341764,0.274954803252861
90,18,0,0.0412363280723607,0.0118722041319705
90,19,0.136545284441704,0.0604212587938896,-0.122260397612782
90,20,0,0.0497900739215575,0.184502679251548
90,21,0,0.0479440014266748,0.0899591217331879
90,22,0,-0.117320041230224,-0.14198538940103
90,23,0,0.105714804009885,0.208218328992542
90,24,0,0.047393383094804,0.246152608102933
90,25,0,0.0709437674805333,0.15179038041132
90,26,-0.120993969470521,-0.043025987135562,-0.135750834798314
90,27,0,0.0318086315182327,0.232284816285234
90,28,0,0.0879155488223182,0.0126631021152576
90,29,0,-0.0743105916094505,-0.0455314456713072
90,30,0,-0.0113729957587991,0.119980217477794
90,31,0,-0.18949339827557,-0.0170701685471229
90,32,0,-0.0296888338458009,-0.0390094958038528
90,33,0,-0.0299414545308955,0.0682558199951107
90,34,0.125829997566984,-0.091009958014516,0.102051550675591
90,35,0,0.0281971068148246,0.0365311223396343
90,36,0,-0.0424761207131467,-0.284658560401424
90,37,0,0.0249972506521282,0.138014054331246
90,38,0,0.0876729694445054,0.225290689608693
90,39,0,-0.000906269457860743,0.059746007360733
90,40,0,-0.0124192034354384,0.108147350451216
90,41,0,0.0797106708400611,0.0604112010944757
90,42,0.120965652307218,0.0248953992845517,-0.196112618806945
90,43,0,0.0469571871965601,-0.146767284180755
90,44,0,0.0233927528822364,0.11035270563499
90,45,0,0.0636766799286195,0.207704874460191
90,46,0,-0.120453293369465,0.158888154371066
90,47,0,-0.0341745530179983,-0.0932185775774601
90,48,0,0.0680874732083237,0.000257450671373519
90,49,0,0.0247744161510224,0.0239978579506279
90,50,0,0.017503419294756,-0.146370688844002
90,51,0,0.0195542330945377,0.107494716962165
90,52,0,0.0156436467823713,-0.0202691081649117
90,53,0,-0.029033068611058,-0.136049869137025
90,54,0,0.111814969829829,-0.00745467988474964
90,55,0,-0.0108934205118018,-0.125209806585528
90,56,0.131236873968625,0.00393380146965607,-0.210503261556441
90,57,0,-0.0594739827211527,0.0270320240391996
90,58,0,-0.156123809442057,-0.080107605884427
90,59,0,0.0179556132658505,0.0132234775595492
90,60,0,-0.0723497764019723,-0.28696574378596
90,61,-0.129154233129805,-0.0465239152494769,0.0919989577206605
90,62,0,-0.0243463919461462,-0.0761201500653584
90,63,0,0.0355879542597024,0.394406433514891
90,64,0,0.0418890996571104,0.0769409783198389
90,65,0,0.024247767984022,0.269135393826649
90,66,0,0.0849540141211857,0.075940478829309
90,67,0,0.0573975269501835,-0.119714768990387
90,68,0,0.00295276279994454,-0.0886162562619326
90,69,0,-0.0154531989873381,0.0552758489372595
90,70,0,-0.00733944244986475,-0.153047186111476
90,71,-0.135597726902305,-0.00296581299037344,-0.15401682798843
90,72,0,0.0167086439529746,-0.0544289808386389
90,73,0,-0.128333234264322,-0.0764523217728542
90,74,0,0.0945866749776898,-0.0379055194193317
90,75,0,-0.0538780460582624,0.204806660543209
90,76,0,-0.175207045037129,0.0366272334153735
90,77,0,-0.00304994053078747,-0.121433732886256
90,78,0,-0.0024468459649138,-0.214840945881197
90,79,0,-0.0500588198878083,-0.0165135029399139
90,80,0,-0.0310657385430873,0.0995925261742478
90,81,0,-0.116409787706117,-0.294024886734646
90,82,0,-0.0720278867720377,-0.103749206432375
90,83,0,0.0162236509681572,0.208113951742368
90,84,0,-0.0169599781942347,0.0969059342537311
90,85,0,0.0460359722147375,0.0419557465533664
90,86,0,0.057443797490983,0.1032969068893
90,87,0,-0.0301699468160154,-0.220687338150182
90,88,0,-0.00793695020640623,0.100642986699225
90,89,0,0.0242988314575609,0.131056924307869
90,90,0,1,1
90,91,0,0.061585502543115,-0.0839764646804949
90,92,0,-0.0731062241175829,-0.0449132210237724
90,93,0,-0.0167397298346442,0.012519095878942
90,94,0,0.0378482734200018,0.194557237589693
90,95,0,-0.0533155859290056,-0.0575876139883333
90,96,0,-0.141078795712772,-0.195851649043929
90,97,0.125108530143262,-0.151203584371409,-0.151963171122039
90,98,0,0.0115216648927131,-0.0834244798944887
90,99,0,-0.0634721620025356,0.109012484483665
90,100,0,0.0917410904047559,-0.148118057743937
91,1,0,-0.0468907646365681,-0.0391466274493764
91,2,0.124928556639124,0.0422919378389881,-0.262233002715414
91,3,0,0.0867665372133373,0.0694788679188894
91,4,0,0.0637338410062129,0.209760713870073
91,5,0,-0.00805901964817977,0.178285875501124
91,6,0,0.11590321651192,0.181818344550867
91,7,0,0.076480604640346,-0.0639477936967726
91,8,0,0.0605188261451659,0.10973676562162
91,9,0,0.0120168797436921,0.125409308266983
91,10,0,0.0411339168467951,-0.0504567282188471
91,11,0.124455508522055,-0.086722253025505,0.0224978563082605
91,12,0,0.0438657990276028,0.00677689140957011
91,13,0,-0.0756988112845669,0.0530016844937416
91,14,0,0.0358955898326717,-0.0178377056748067
91,15,0,-0.00317961470712941,0.118128273433406
91,16,0,0.0279747009924951,0.0416959396757851
91,17,0,-0.0579610193036123,0.141146259208603
91,18,0,-0.0984519667170168,0.0624289949244715
91,19,0,0.0322039063766445,0.079919597584724
91,20,0,0.0870841292150883,0.002999463870156
91,21,0,0.0848092529563625,0.159564409940015
91,22,0,-0.153474055839505,0.00535799030377236
91,23,0,0.0173005978922136,0.0994151634805623
91,24,0,-0.0383510361484979,0.00486222441113058
91,25,0,0.0136621944611628,0.0896108289827892
91,26,0,-0.0402039847441471,0.00616611905296431
91,27,0,0.00658399266524293,-0.0433781931718394
91,28,0,0.029943947263969,-0.0560611021996764
91,29,0,-0.102929076094711,-0.0328506833266674
91,30,0,0.00338098920301165,0.113256408388503
91,31,0,-0.0887328061886178,-0.208396406994595
91,32,0,-0.0785429396782432,-0.0861347783073048
91,33,0,-0.0418274542560501,-0.0221168240951105
91,34,0,0.0269367679918907,-0.0722353609634798
91,35,0,0.0773254938471679,0.053377018857448
91,36,0,-0.233733569256366,-0.163551053947447
91,37,0,0.031447151374209,0.0823035781173028
91,38,0,0.0663078709696363,0.0722164487464224
91,39,0,0.0336935645686553,-0.177027120448029
91,40,0,-0.02811172819048,-0.0214144653348915
91,41,0,0.049569555532006,-0.0920414313366851
91,42,0,0.0203203669066894,0.071911992062014
91,43,0,0.0570028738057048,0.09694913132307
91,44,0.129534058684578,0.0765129392153991,0.139388275778
91,45,0,-0.0375207147353345,-0.197922515709204
91,46,0,0.0250834419798073,0.0322124430529223
91,47,0,-0.00106984159007427,0.0288157019606574
91,48,0.133003595964931,-0.131983499390251,-0.0644175785547633
91,49,0,0.018436296381678,-0.103591978717272
91,50,0,0.0925143863672372,-0.0521622364742591
91,51,0,-0.0603716454812273,-0.0973009162217564
91,52,0,-0.0277419356994432,0.0757122889660397
91,53,0,0.0147597022471656,-0.238965054840905
91,54,0,0.0538970099247727,0.0733682788459185
91,55,0,-0.164829316885773,-0.0805864683026866
91,56,0,-0.00161898522169497,0.00783651916099819
91,57,0,0.00264393569404594,-0.0619436185929584
91,58,0,-0.0422446255939838,-0.132881902564864
91,59,0,-0.00831105223878739,-0.0577585532916246
91,60,0,-0.000266821131932458,0.0743573788878306
91,61,0,-0.0312493253596089,0.0383527910264791
91,62,0,-0.00356466241501153,-0.069800982339383
91,63,0,-0.0425077142516272,-0.082951285002771
91,64,0,-0.0167795974301902,0.0755908961336579
91,65,0,-0.0673550174150604,-0.20713424474051
91,66,0,0.0910737125543616,0.0267189797963015
91,67,0.13687501107336,0.0378875085189749,0.0574018061776317
91,68,0.137820929417682,0.0217822167055903,-0.0387820957078194
91,69,0,0.0533977860814657,0.0337799971082846
91,70,0.118384879246155,0.00561646724534377,0.145289975007156
91,71,0,0.0188109784101331,-0.0997012297180056
91,72,0,0.011874130141102,-0.0158212967357315
91,73,0,-0.193620207514519,0.0559617915874412
91,74,0,-0.00692359908939304,0.01935209167154
91,75,0,0.0366734654562511,-0.0875975108763807
91,76,0.135553370434983,-0.072799827648759,0.110059780911779
91,77,-0.120497892547997,-0.0428918466768007,-0.254590246788091
91,78,0,-0.0504782085811091,0.0839703930210199
91,79,0,0.0816131465713336,-0.0511762064041419
91,80,0.136267452214814,0.0860395487211275,0.121945889721735
91,81,0,0.00389637919293888,0.178445055132178
91,82,0,-0.0543833950792253,-0.0693624155590721
91,83,0,0.0390589055986415,0.0696087203332253
91,84,0.123816268060051,0.0125923193746884,0.142017423641201
91,85,0,-0.00165962767875288,-0.104060735805056
91,86,0,0.0695437173875126,0.0600844292321593
91,87,0,0.0336024039161378,-0.139749480469233
91,88,0,-0.0237290657760943,-0.0792764931587436
91,89,0,0.0670738002828586,0.0274887820443194
91,90,0.131534250486876,0.061585502543115,-0.0481643550890574
91,91,0,1,1
91,92,0,0.0235099540269733,0.0734826854334853
91,93,0,0.0243364112537794,0.176034144153305
91,94,0,-0.000185583650915089,0.0248947886226312
91,95,0,-0.0141137747466261,-0.0103502750458448
91,96,0,0.0137204120361209,0.0165362167370058
91,97,0,0.0195991387385544,-0.029192069444777
91,98,0,0.0471661779001444,0.0707217195338895
91,99,0,-0.015986303193335,-0.0136563162479564
91,100,0,-0.0187925492780805,-0.0662207240907765
92,1,0,0.0462162098542082,-0.0983681748516646
92,2,0,0.116524622065804,0.00854938978784882
92,3,0,0.0239372505282787,-0.197443803264229
92,4,0,0.090002847245171,0.0535960832529061
92,5,0,0.0101212668119172,-0.0076542828619282
92,6,0,-0.0331013788421774,0.0688375493994786
92,7,0,0.0981928423876274,-0.0830581688824782
92,8,0,-0.0162397500665013,0.176144851586929
92,9,0,0.0831981977618901,0.147913691647155
92,10,0,-0.0280669220961975,-0.195302411383142
92,11,0,-0.0744333237177676,0.0369652510577957
92,12,0,-0.0544594941283281,-0.0626346351880269
92,13,0,-0.060403579920631,-0.0563909372813961
92,14,0,-0.0647854712719651,-0.175353772043931
92,15,0,-0.191019904028249,-0.07662952617766
92,16,0,-0.114893960132591,0.0307298708762317
92,17,0,-0.0191230336650504,0.139669641193922
92,18,0.125610903352325,-0.0488090786232752,-0.0774055090416522
92,19,0,-0.075240956999025,-0.0109722757481941
92,20,0,0.0268497651151327,-0.0599923274196504
92,21,0,-0.0380561545393649,0.0300876018210304
92,22,-0.115379366869848,-0.0602539000515696,0.37172191684446
92,23,0,-0.0136914276916335,0.0734687665090907
92,24,0,-0.00402510546367235,-0.0327852137983579
92,25,0,-0.21101333287471,-0.191454236355298
92,26,0,-0.0303467972859049,0.00654401820042575
92,27,0,-0.0260274331886203,-0.00246576258997366
92,28,0,-0.0687637421721739,-0.0140645755167083
92,29,0,0.053944516865232,0.112758350619633
92,30,0,-0.000216736673086613,-0.0240634099529142
92,31,0,0.02623558341641,-0.0510762685911738
92,32,0,-0.0344697757899393,-0.00189045531886804
92,33,0,-0.0137187567060029,-0.0434722260820005
92,34,0,0.129037533133285,-0.0239059853365553
92,35,0,0.0148372277595981,-0.112506090760584
92,36,0,-0.0482365998343356,-0.201636243484926
92,37,0,0.120712418506533,0.00208702682752218
92,38,0,0.0436698144355305,-0.0135963893196496
92,39,0,0.0748377868479152,0.13864098319963
92,40,-0.124416332878714,-0.0058054708516613,-0.00632498599429899
92,41,0,-0.0361553201733177,-0.143308202891055
92,42,0,-0.005156603992849,0.122045240846784
92,43,0,-0.00423215275249922,-0.0610684167938778
92,44,0,0.0568235968556272,0.09724515398442
92,45,0.120196606527846,-0.0556220167681387,0.0235454956773159
92,46,0,0.0800260439434665,0.000889810986526139
92,47,0,0.0399641942652227,0.117552394993587
92,48,0,-0.0142961778672517,0.0131558894748842
92,49,0,0.051210891773563,0.0549977418087065
92,50,0,0.0209546123374902,-0.124011665643855
92,51,0,-0.000942080753400454,0.108520897089512
92,52,0,0.0999420186685457,-0.0420817890255187
92,53,0,-0.0668354074504917,-0.186339540618471
92,54,0,-0.0231698338164473,0.0578798866835406
92,55,-0.126949548684101,-0.0162077098036327,0.0351888648635869
92,56,0,0.0115189979284028,-0.00809260611579542
92,57,0,0.0754523353359134,0.185044426144957
92,58,0,0.0606647258392354,-0.0355871622216591
92,59,0,-0.0221950744147569,0.0135451029350553
92,60,0,-0.0456304634567184,-0.134325173004034
92,61,0,0.0820059382115729,0.0976301919591903
92,62,0,0.0211954992648716,0.110816288194527
92,63,0,-0.052475572679016,0.109609457443942
92,64,-0.120026836540565,-0.216777634627637,0.0498279183644639
92,65,0,0.00417152589477347,-0.122171826412376
92,66,0,-0.00638563852002651,-0.136009006951237
92,67,0,-0.0213573938258352,0.0707553617906779
92,68,0,-0.116234522368428,-0.0708920627522786
92,69,0,0.00638622881241633,-0.0706052351283157
92,70,0,0.0397618490535655,-0.0321992782215454
92,71,0,-0.0209196217899021,0.15257513813503
92,72,0,-0.00079726150638908,-0.0973821606074987
92,73,0,0.0309154505284995,0.0232982750423722
92,74,0,-0.0607367575436572,0.220025312323528
92,75,0,-0.00458306943801232,0.0328165212704595
92,76,-0.128680059041473,0.0174352193429547,0.030511231898987
92,77,0,0.0114043733772521,0.0166387480332521
92,78,0,0.00311878336882121,0.087335404233071
92,79,0,0.0922343413842742,0.129644687941915
92,80,0,-0.00131561923717504,-0.178907276339352
92,81,0,0.000672198872859142,0.138946020563893
92,82,0,0.0281706607054183,0.0490106275098255
92,83,0,-0.0424619960071551,0.050737908192359
92,84,0,-0.00942773998813941,-0.0603881093707563
92,85,0,-0.163095322054527,-0.178661004177833
92,86,0,0.029452639809367,0.0609703074545927
92,87,0,0.0300793762447475,-0.0487858454520487
92,88,0,-0.0341560431116498,-0.135835724480367
92,89,0,-0.0441212405535167,-0.0269862464421879
92,90,0,-0.0731062241175829,-0.0260084023772416
92,91,0,0.0235099540269733,0.0741918721735495
92,92,0,1,1
92,93,0,0.0280486980232942,0.184072345693938
92,94,0,-0.00844021982912,-0.0226381656363774
92,95,0,0.0218604407928449,-0.128084447010386
92,96,0,0.0253908981487544,0.0959294741977645
92,97,0,-0.0015335976855489,-0.194142142780477
92,98,0,-0.0251231907389065,-0.0656676493555278
92,99,0,0.0564236900314779,0.0521829610622256
92,100,0,-0.140863215883646,-0.0652731254449765
93,1,0.126025632435216,0.0477508776097698,0.11687427972958
93,2,0,0.0383126470779361,0.0462059164528855
93,3,0,-0.170977381948606,-0.156945024572339
93,4,0,-0.00559468408800725,0.181303758761486
93,5,0,-0.0188133128950383,-3.89977942156366e-06
93,6,0,-0.132212476214011,0.0198564972588618
93,7,0,0.00593928872984543,-0.0360013522877075
93,8,0,0.0127197952401886,0.161783385294801
93,9,0,-0.0279694762452212,0.107922137959999
93,10,0,-0.0572522837378223,-0.11666716902217
93,11,0,0.0987010008019218,0.115172782878001
93,12,0,0.00337846995140668,0.0245793126885689
93,13,0,-0.00848344936654935,0.0515346745217889
93,14,0,-0.0303727270005878,-0.118968974389879
93,15,0,-0.00085999424191082,0.0561122884108385
93,16,0,-0.0983719060576885,-0.0198029297523862
93,17,0,-0.00385642491444917,0.17999686374883
93,18,0,-0.0149516194806882,-0.131301537664807
93,19,0,-0.0316978562356268,0.0289631957488404
93,20,0,-0.159041338959896,-0.121441307564764
93,21,0,-0.0403115532886164,-0.141426931205695
93,22,0,-0.0354025235710276,0.176015429838458
93,23,0,-0.040332339561863,0.105965988124903
93,24,0,-0.00900290012025275,-0.0386019913231168
93,25,0,-0.0610672319392975,-0.124064581792277
93,26,0,-0.0286185375000453,0.0802892320460115
93,27,0.132257415659434,0.00137673796009198,0.00992432235169418
93,28,0,-0.124751896759139,-0.124647834123216
93,29,0,-0.0144606377506055,0.0822573059095042
93,30,0,0.00369323347830111,-0.135555317301966
93,31,0.13147971639868,0.0514167260984256,-0.00814703182602801
93,32,0,-0.108604395502832,-0.147859415241579
93,33,0,0.0264273213349329,-0.162691164308294
93,34,0,0.0112079035376011,0.0362938006273111
93,35,0,-0.097525622319289,0.0916158805154137
93,36,0,-0.12976886997911,-0.159356961813638
93,37,0,0.0391293064432907,-0.0395341759046301
93,38,0,0.0405192649746927,0.0984239858040221
93,39,0,0.0673398490707298,0.109453156627753
93,40,0,0.0337178077417513,0.137800725817385
93,41,0,-0.0335580612260791,-0.0168348298970067
93,42,0,0.0255606129277693,-0.0617474957389076
93,43,0,-0.0454303071032586,-0.0126776812726565
93,44,-0.130851118689657,0.0137459161360448,-0.00325329349943211
93,45,0,-0.0495427745718951,-0.270267045609108
93,46,0,0.0442363543560391,0.092255002864305
93,47,0,0.0644638238273365,0.0682006622017122
93,48,0,-0.00850205788322764,-0.0208527825954878
93,49,0,-0.0525503103865126,0.0380622489489825
93,50,0,0.0155572108332428,0.0667792324976408
93,51,0,0.0364226896504184,0.0695204934379582
93,52,0,0.0185174416063878,0.0956091512444607
93,53,0,-0.0924265042188796,-0.193556431102681
93,54,0,0.0401745224836024,0.127259704954592
93,55,0,-0.0220803864816394,0.0193216942242977
93,56,0,-0.00821769119122936,-0.196962045687364
93,57,0,0.128758502404221,0.203601652247746
93,58,0,0.0598576458761851,-0.174834594745843
93,59,0,-0.0521912889512065,0.0389716086972768
93,60,0,0.0496743843534832,0.0593727553122205
93,61,0,0.0496455813954441,0.143380188879697
93,62,0,0.0348635367200684,0.219534702237131
93,63,0,-0.181120787197916,-0.00653117915239275
93,64,0,-0.027490277413905,0.0615297171358734
93,65,0,0.064953053613522,-0.151368184618407
93,66,0,-0.04523402226917,-0.0958569108741219
93,67,0,-0.0305131439605466,0.0583502187999437
93,68,0.139222247618023,-0.130848906690916,-0.173895045949931
93,69,0.131838098398831,0.0215566160260299,-0.0133610030755331
93,70,0,0.0236699095971437,0.035609340707581
93,71,0,0.01455805579486,-0.0936122559664113
93,72,0.14570610851043,-0.189959358389522,-0.0841597152497529
93,73,0,0.0901349330270202,0.21040428011865
93,74,0,-0.0591224032462915,-0.0144935536947473
93,75,0,0.0400528840368622,0.0322727987166592
93,76,0,0.135380120859492,0.0894240225986981
93,77,0,0.0706242564618134,0.00769174604057584
93,78,0,0.0350533592075677,0.18820424666659
93,79,0,0.047215728560428,0.205779535250795
93,80,0,-0.0443712887864477,-0.023578802231726
93,81,0,0.03083964809907,0.0841340118439543
93,82,0,0.0414213245857798,-0.0584279072411471
93,83,0,0.0530762256765411,0.00736510087699155
93,84,0,0.109063823845338,0.112578906489486
93,85,0,0.0298444052018198,0.125753853037497
93,86,0,0.0153345746527833,-0.0133569920754508
93,87,0,-0.0700702617313442,-0.0121646058393772
93,88,0.121370504229836,0.0694654971149114,-0.0955829246497009
93,89,0,-0.163412623680973,0.00753563300186158
93,90,0,-0.0167397298346441,0.00816621934255194
93,91,0,0.0243364112537794,0.20020587895906
93,92,0,0.0280486980232942,0.207346709992513
93,93,0,1,1
93,94,0,-0.00954584639763904,-0.1280208546881
93,95,0,-9.9091246758737e-05,-0.0738539097247641
93,96,0,0.00102696804956687,-0.0195305281617958
93,97,0,-0.0642926553500094,0.0168189026665115
93,98,0,0.0633000873199042,0.174281363072306
93,99,0,0.0622263696994029,0.0483327331116523
93,100,0,-0.217771886506056,-0.0851445622467163
94,1,0,-0.0662979612309077,-0.132651329538164
94,2,0,-0.0500494036671896,-0.202885268691839
94,3,0,0.0344298392785062,-0.0861108455896359
94,4,0,0.00290720927158901,-0.0424853509088305
94,5,0,0.109794277657464,-0.0617712827564686
94,6,0,0.0600755150409998,0.0178650012228725
94,7,0,-0.028344325089715,-0.0474648557768929
94,8,0,-0.069042750810467,-0.0118192465669735
94,9,-0.126034939631834,-0.00462859776178353,-0.27176933788385
94,10,0,0.0379278116823734,0.00627676468087794
94,11,0,0.0127027986778325,0.0525015467029598
94,12,0,0.0645744096955773,0.104391907324944
94,13,0,0.00619028135866154,-0.194083792937051
94,14,0,0.0139273327581491,0.0184398512916109
94,15,0,0.0056353642220398,0.0972704247914998
94,16,0,0.0783649151133953,0.0874425521056962
94,17,0,0.0785721186379937,0.258548589265812
94,18,0,0.0376280036502829,0.178880489002737
94,19,0,0.0606800394554201,-0.0564178782560955
94,20,0,-0.0106604998989212,-0.019884846534962
94,21,0,-0.00618085607803924,-0.0394544260004388
94,22,0,0.0228479588573814,-0.024093712056593
94,23,0,-0.0433641516927171,-0.000512363712171333
94,24,0,0.045270752197091,-0.00411850175301172
94,25,0,0.0048723269435792,-0.102507326670318
94,26,0,0.000515530241988514,0.0892276608860727
94,27,0,0.0723286009553613,0.231582029510571
94,28,0,-0.0544438549566966,-0.122235966987057
94,29,0,0.0152220270451677,-0.01861115881477
94,30,0,0.0189491655596417,0.175769472310535
94,31,0,0.056967728929218,0.0102773850343
94,32,0,0.0321429581362272,-0.00113649868207222
94,33,0,0.00955973807294841,0.0226140512941575
94,34,0,-0.00186385336125067,0.0749831202321427
94,35,0,0.00938153541291306,0.174019313091448
94,36,0,0.00969528972357947,0.0766441367845952
94,37,0,0.0047368399925219,-0.0245032341293089
94,38,0,-0.00359429303321529,-0.0231541952727451
94,39,0,0.0590660692813149,-0.0696756153692805
94,40,0,0.0379643986708259,0.102452324517634
94,41,0,0.00553498438672374,-0.0505040278396724
94,42,0,0.00101715211302335,0.060820951665769
94,43,0,0.0240500852968105,-0.0783536278654537
94,44,0,0.015507008275458,-0.0649080365407151
94,45,0,-0.0375806648686787,0.00680125778021255
94,46,0,-0.137727637316814,-0.122914615821105
94,47,0,0.00202273842079918,-0.111734415211187
94,48,0,-0.00668347783022659,-0.0292551938053898
94,49,0,-0.045838797001008,-0.0582714337017997
94,50,0,0.0289869544408155,0.0337062908370343
94,51,0,-0.0294183330669829,-0.12570518183435
94,52,0,0.0573958052630024,-0.0234175572305242
94,53,0,-0.0453587429354559,-0.0276735241032988
94,54,0,0.0815753330702769,-0.105431427711663
94,55,0,-0.0267791834278757,-0.0354918807259375
94,56,0,-0.161981944705424,0.0831488455615213
94,57,0,-0.0244379679777077,-0.0192419322672997
94,58,0,0.0201284535661262,-0.0380826650214122
94,59,0,-0.0322914824147349,0.101334235097087
94,60,0,0.0410129685913884,-0.113998208299549
94,61,0.122832073262873,0.0100779584718606,-0.0582385853059349
94,62,0,-0.0408894755814673,0.00572861653529711
94,63,0.128823684851918,0.0540081658499095,0.15631871032812
94,64,0,-0.0259114407626986,0.174197157631812
94,65,0,-0.077300606754753,-0.00721203611465932
94,66,0,0.0477427461655259,0.0254989593235422
94,67,0,0.00227035047915789,-0.0364422023846993
94,68,0,-0.175793620211164,-0.0260564779472085
94,69,0,0.028626337501402,0.00849946101371099
94,70,0,0.084182824939531,0.0124308312342624
94,71,0,0.0573578552792251,-0.0186240030583114
94,72,0,0.0359728797048628,-0.0306796263404046
94,73,0,0.0173386103006717,0.0376124683584937
94,74,0,-0.0532982123337992,-0.0460399002885386
94,75,0,-0.00408031209011688,0.238623604635718
94,76,0,-0.0243426147319744,0.110310244285889
94,77,0,0.0212741913214826,-0.0904390952515317
94,78,0,0.00985576048576233,-0.0724620529977195
94,79,0,-0.0287413587568462,-0.0872710032003011
94,80,0,0.045826348100779,0.0818227767696259
94,81,0,-0.0286689264263579,-0.0271879741232861
94,82,0,-0.0398655247330674,-0.0797164740797544
94,83,0,-0.0132631169552695,-0.0060367728513179
94,84,0,0.0662784467571016,-0.0217710572421574
94,85,0,0.0168415976571658,-0.000683952669067698
94,86,0,9.03798397445151e-06,0.147858976583375
94,87,0,0.019384036888744,0.0841210434681363
94,88,0,-0.0116511858119749,0.101778677552368
94,89,0,-0.0904589444040557,-0.0505486982643754
94,90,0,0.0378482734200018,0.104756068017499
94,91,0,-0.000185583650915085,0.0233707192629759
94,92,0,-0.00844021982911997,-0.0210491012718191
94,93,0,-0.00954584639763902,-0.105673099201444
94,94,0,1,1
94,95,0,0.067452397206364,-0.0014141907962116
94,96,0,-0.0374504624802321,-0.0359460522627339
94,97,0,0.0410478738571565,0.0852240785340914
94,98,0,-0.0344907561725655,-0.096017016506714
94,99,0,-0.0237450716707777,-0.0551594304628224
94,100,0,0.0492431959839649,0.151007794497638
95,1,0,-0.0991423686513225,-0.14606777771264
95,2,0,0.0253287123464627,-0.158310335130115
95,3,0,0.0143592039150893,0.251063598501491
95,4,-0.148685712426328,-0.166257697620724,0.0287637497817259
95,5,-0.133889422515954,0.0615931194141283,-0.0567055704614813
95,6,0,0.0929239869361676,0.0285079341679667
95,7,0,-0.0448891776795653,-0.0622660914495312
95,8,-0.139784881758378,0.0138250137488068,0.0113290928289612
95,9,0,0.0773395130143293,-0.0311615596477336
95,10,0,0.0129253779958397,0.100967149253179
95,11,0,0.0176934908565922,-0.0111056284639339
95,12,0,0.0545595261309449,0.146694511748875
95,13,0,-0.0115076468854961,0.215968094738866
95,14,0,0.0192541505220508,0.0106865879164631
95,15,-0.139713803780685,-0.0357155124404614,0.0153395577676713
95,16,0,-0.0429518644057521,0.0399037136324275
95,17,0,0.0453522026310554,-0.101376778179991
95,18,0,-0.0438545307606553,-0.00424926320362857
95,19,0,0.00719210876303992,0.014083148314895
95,20,0,0.017345645923193,-0.216645093509656
95,21,0,0.0658993650544226,0.0680631577718354
95,22,0,0.0370328135705587,-0.109505639416086
95,23,0,0.0427525905964498,-0.130539413272938
95,24,0,-0.00613178086268264,0.03278541700127
95,25,0,-0.0525601361239194,0.0370226232022579
95,26,0,0.016891183314424,-0.160634247615814
95,27,0,0.0815036106677929,0.13754846399399
95,28,0,-0.235566446150577,-0.265488508298027
95,29,0,0.0143446845652373,-0.134205466453281
95,30,0,-0.00717800141757625,-0.166742279663663
95,31,0,0.133874606997563,0.13890206823109
95,32,0,-0.00495070347072587,-0.000888161589559109
95,33,0,0.0025150108423846,0.176363807197733
95,34,0,0.120872122054075,0.0347887514829759
95,35,0,0.059034372574259,0.00406664074085831
95,36,0,-0.0641883830596384,-0.0245384131461557
95,37,0,0.0258048743841983,0.154397912506245
95,38,0,-0.156347983502945,-0.152228137014173
95,39,0,0.0435370057465816,-0.0650479203370435
95,40,0,0.0631712297337076,0.224157905821044
95,41,0,-0.0470379627766574,0.0522490082291233
95,42,0,-0.0470427465919334,0.0151979385017609
95,43,0,-0.0294469824708868,-0.0448094715501875
95,44,0,0.0580776475188856,0.0823666494048862
95,45,0,-0.21670336068203,-0.30845688509801
95,46,0.135937655966233,0.0398387782742312,0.0649765876374754
95,47,0,0.0334020549887173,-0.00377491424421592
95,48,0,-0.132018609496451,-0.0314858967735819
95,49,0,-0.0168818577389955,-0.166062165799392
95,50,0,0.0781999722853465,0.0275895716254596
95,51,0.139827707133193,-0.0659595914403332,0.0321385219437234
95,52,0,0.129549670909983,0.195912122666368
95,53,0,-0.0565370758015312,-0.134359670331859
95,54,0,-0.0846295645633876,0.0792077947638962
95,55,0,-0.100265146398828,-0.133867825415963
95,56,0,-0.0359795610490901,-0.129064785106681
95,57,0,-0.061305570241208,-0.183854259014253
95,58,0,0.00277901584368733,-0.00288299807905148
95,59,0,-0.0373521076714204,-0.241488589520827
95,60,-0.135850656530836,-0.0628254088564692,-0.0555976763765857
95,61,0,0.0733495017091319,-0.0674710485798561
95,62,-0.148183914573841,-0.0192337865259593,-0.155764544094092
95,63,0,0.0252764182505544,-0.0435102081855518
95,64,0,-0.0470497367917625,0.0280510374140937
95,65,0,-0.208993308255877,0.0241378435599554
95,66,0,0.0227030850264211,0.180849089866379
95,67,0,-0.0610445223324969,-0.133870859330407
95,68,0,0.0242194773873,0.152438820278795
95,69,0,0.0378557369850023,-0.0801479246867984
95,70,0,0.000157593272778616,0.202307538221519
95,71,0,0.0640746985543637,0.215990808337416
95,72,0,0.044748436413136,0.189642906412817
95,73,0,0.0356060664536238,-0.0214567447747518
95,74,0,-0.0575045300423036,-0.0691839825404356
95,75,0,0.0326780597608831,0.0530078496529469
95,76,0,0.0393765418881514,-0.02755280061462
95,77,0,0.00322335749750957,0.0588485248517216
95,78,0,-0.126555779847674,0.132357557706
95,79,0,-0.0113972518947199,-0.07979135297423
95,80,0,0.181090904021049,0.407653422055125
95,81,0,-0.0287731003558472,-0.213877873444031
95,82,0,-0.0254465540706474,-0.093870360793216
95,83,0,-0.00795846444847894,-0.12011154987862
95,84,0,0.0633722212893884,0.0618161580127739
95,85,0,-0.0229784482490909,-0.0174476190662375
95,86,0,-0.0124237293907175,-0.160356670432493
95,87,0,0.0245886428743769,-0.0554466325728837
95,88,0,0.0305186064597429,-0.0223585784836729
95,89,0,-0.0287942023162547,-0.261432722107291
95,90,0,-0.0533155859290056,-0.0443055989555391
95,91,0,-0.014113774746626,-0.0138839568654443
95,92,0,0.0218604407928449,-0.170171352865055
95,93,0,-9.90912467587292e-05,-0.0871073783566899
95,94,0,0.0674523972063641,-0.00202071812053886
95,95,0,1,1
95,96,0,0.00504058698968471,-0.0814444551006554
95,97,0,0.00634615254436356,0.101506611617423
95,98,-0.118582920342159,0.0423574036595602,0.247572505609411
95,99,0,0.020396913458763,0.0510843389751625
95,100,0,-0.0384237036617301,-0.112151915105356
96,1,0,0.0433353256711008,0.0325110228877263
96,2,0,0.0557704053490959,0.0298083198320636
96,3,0,-0.00809373222602444,0.0435350147634967
96,4,0.129149223368281,0.0108830041888753,0.34619302191196
96,5,0,0.00950082351151597,0.0173943958587728
96,6,0,-0.00934435997540713,-0.11648926922932
96,7,0,0.113131203928558,-0.045392403602721
96,8,0,0.0375529000973971,-0.0521970732494094
96,9,0,0.047471475482495,0.0248161445729862
96,10,0,-0.0238958361218984,-0.192865899219462
96,11,0,0.0029224122111225,-0.0612510487912951
96,12,0,-0.0145805690787522,-0.0675090515203282
96,13,0,-0.0629801373229178,0.00729481586512428
96,14,0.125667735688086,0.00253576264993684,-0.104819962332796
96,15,0,-0.0438448823218084,-0.235097044965345
96,16,0,-0.0575064627763864,0.0274804595714498
96,17,0,-0.106169062208322,-0.205348014877798
96,18,0,-0.174941646630762,-0.174015832488388
96,19,0,-0.0256220582071982,0.0407332709110419
96,20,0,0.0135048016963471,-0.0200047673638093
96,21,0,0.0191551177924989,-0.212093889740015
96,22,0,0.0175006676043433,0.0831243288015377
96,23,0,-0.13184327706247,-0.0861845044923102
96,24,0,0.00800201987216228,0.0380026418559281
96,25,0,-0.0257395488771189,-0.113408080580918
96,26,0,0.0385386659625596,-0.000802672577714091
96,27,0,-0.0829836805562009,-0.0795351786153107
96,28,0,-0.00720484222948316,0.0919414233460336
96,29,0,0.0482835501154242,0.0123813767709042
96,30,0,0.0280661000642224,0.113245291667221
96,31,0,0.0271072931588949,-0.0649203573745813
96,32,0,-0.0193512809349275,0.0848394288771721
96,33,0,0.00171704061070543,-0.0242270719129733
96,34,0,0.0839296957131495,0.1019928933412
96,35,0,0.0523772145288885,0.0516602813031379
96,36,0,-0.0325823282288263,0.142584032787058
96,37,0,0.0228693461587474,0.125526540256079
96,38,0,4.03988743506783e-05,-0.00254281357253216
96,39,0,0.0570484434818364,0.0398721531008736
96,40,0,-0.0115488431617186,-0.13114711281329
96,41,0,-0.146323137456764,-0.0476265349468643
96,42,0,-0.0200919230018119,0.27422138899986
96,43,0,0.0108817643107102,0.04091373123425
96,44,0,0.0297714291575352,0.05584788210082
96,45,0,-0.046606415019364,-0.0750318981663697
96,46,0,0.083879518385616,0.0236525163432836
96,47,0,0.00608884632132554,0.0234366542099884
96,48,-0.126322401604644,-0.107819141510383,-0.108156912623392
96,49,0,0.044915239676122,-0.00461066708932516
96,50,0,0.00987071991218909,-0.110296414109507
96,51,0,-0.125942846280155,-0.133188365477758
96,52,0,-0.00817137246993574,0.0495030188580866
96,53,0,-0.0163917452700554,-0.0588935769798277
96,54,0,-0.159055791330669,-0.088616031616072
96,55,0,-0.0347803807499836,-0.0932529130961607
96,56,0,-0.026077469354383,-0.0587264588410189
96,57,0,0.0071156583913908,-0.00750017861476837
96,58,0,0.0165792242802412,0.0378049271529111
96,59,0,-0.0212265269985156,-0.211381671240324
96,60,0,-0.00861683809837446,0.0380107746865707
96,61,0,0.0528972922093928,-0.105334102736335
96,62,0,0.0206021381783255,0.14257601545155
96,63,0,-0.042410579786016,-0.203129530918863
96,64,0,-0.0324029335031489,0.073730743473946
96,65,0,0.0158413566015193,0.0450058719294741
96,66,-0.121985609648288,-0.0234015180615266,0.0267950766701499
96,67,0,-0.0180463658289921,0.0217919909471252
96,68,0,0.000468239152827604,0.0657799146670275
96,69,0,0.00737896316355282,0.150082289835026
96,70,0,-0.00101101743071012,-0.0735131529250875
96,71,0,-0.0293245074841946,-0.125534025776803
96,72,0,-0.000132647302869133,-0.102518560141439
96,73,0,0.0119422292343967,-0.0310633885098507
96,74,0,-0.0324359765026637,-0.0919383308947002
96,75,0,0.0111847699924588,0.0399710300390993
96,76,0,0.0223615826243786,0.101133487005018
96,77,0,-0.00642570059751511,0.0370176331912103
96,78,0,-0.0332546634883846,0.110284076055955
96,79,0,0.0814658139017148,0.114395949744868
96,80,0,0.0174889690458893,0.0214188156108735
96,81,0,0.0415262636911783,0.121047494659197
96,82,0,0.050890218085529,0.0378862354336846
96,83,0,0.0363276088281199,-0.0646869028928015
96,84,0,0.00435931948500957,0.0170352986601257
96,85,0,-0.0445448756122945,-0.154410692782082
96,86,0,-0.00853041244854331,-0.111080743520007
96,87,0,0.0570596600847865,0.0598622481361988
96,88,0,0.00850867651575929,0.0601650312006662
96,89,0,0.0281471967347734,-0.0385180967926125
96,90,0,-0.141078795712772,-0.128369854157957
96,91,0,0.0137204120361209,0.0188974762794155
96,92,0,0.0253908981487544,0.108579642155867
96,93,0,0.00102696804956685,-0.0196246413244173
96,94,0,-0.0374504624802321,-0.043757773804217
96,95,0,0.00504058698968472,-0.0693853542722475
96,96,0,1,1
96,97,0,0.0198060164183308,-0.0149930744940199
96,98,0,0.00101882836929718,-0.1046623186727
96,99,0,0.0332648411057043,0.0106374239682075
96,100,0,-0.0811400950921463,-0.142959553705167
97,1,0,-0.0782747097859517,-0.0280015228930047
97,2,0,0.00524557290591535,-0.0939357913220325
97,3,0,0.00491270442935883,0.150674619947012
97,4,0,0.0432943501120952,-0.0455442734879982
97,5,0,-0.0130392295826605,0.114129960406754
97,6,0,-0.162790777528777,-0.155650371342676
97,7,0,0.0431223016949104,-0.030775812071691
97,8,0,0.00343381706540604,-0.172886930844221
97,9,0,0.07210640376942,-0.0830972778722521
97,10,0,0.0464080431579162,0.173438791602457
97,11,0,0.107105470768139,0.121363316704153
97,12,0,0.0229250124976267,0.13558895135335
97,13,0,-0.119968831279631,0.02255693294997
97,14,0,0.0525474148395589,0.0791488771423814
97,15,0,-0.0398987259568222,-0.208150740973654
97,16,0,0.0562120560509022,0.137314288629301
97,17,0,0.0409451108550021,0.109283011787403
97,18,0,0.0167984596618494,0.208906114219837
97,19,0.132633679922668,-0.0570457754574003,0.0430738997173598
97,20,0,-0.0710421628774499,-0.0739131425266843
97,21,0,-0.0789030061493037,-0.095217686874019
97,22,0,0.0635878821335612,-0.191563317635322
97,23,0,-0.0524736689655903,0.116270880521135
97,24,0,0.0602078538796167,0.148195269196329
97,25,0,0.0199766222009231,0.0853007369415241
97,26,0,0.046845084022986,0.0910165975615574
97,27,0,0.0574714964479856,0.0299389818932721
97,28,0.12966206766326,-0.0666702084216852,-0.0326239961730147
97,29,0,0.0587825760682298,-0.0600961533935002
97,30,0,0.0554214981544455,-0.0718229467101839
97,31,-0.129443247660578,0.144029372184901,0.29453507913489
97,32,0,0.0437651213493474,-0.124502267519611
97,33,-0.125663584801343,0.0236402198055111,0.230004427097042
97,34,0,0.0401977418634767,0.167562897593028
97,35,0,0.03248108303619,0.122856482144514
97,36,0,-0.0435237609906052,0.105560629156202
97,37,0,-0.127659505619666,-0.0303647115736772
97,38,0.131132409037127,-0.112448630489199,-0.0419727583434757
97,39,0,0.0305497859402549,-0.0307139024153842
97,40,0.130343858770427,0.0314770667663372,0.0841402425428178
97,41,0,-0.021507883046632,-0.0190632626485998
97,42,0,-0.0259372787978828,0.188571832406723
97,43,0,0.00845725417942111,-0.073445952924051
97,44,0,-0.0161086431538203,-0.106657539456399
97,45,0,-0.0596261982135536,-0.255406288411567
97,46,0,-0.0901066079355053,-0.119696112445848
97,47,0,-0.0205564968059515,-0.0159245331282712
97,48,0,-0.0460373200504376,-0.018736097718739
97,49,0,-0.201988300274473,-0.176615816122148
97,50,0,0.0399864970015029,0.0842994887123094
97,51,0,-0.0641488758822496,-0.116300216483129
97,52,0,-0.0235309837538647,0.0575230950106397
97,53,0,-0.00647705794353588,0.112107056464997
97,54,0,0.0164568533286341,-0.0632385922571265
97,55,0,0.00317363165946034,-0.0885368272421101
97,56,0,-0.126813392168818,-0.12162755126645
97,57,0,0.0797466548977331,0.198770130167877
97,58,0,0.0774698268985233,-0.0531026055970682
97,59,0,0.000482695339077269,-0.231037218091732
97,60,0,0.0760599463503841,0.0376271070965277
97,61,0,-0.00128801383322274,-0.17378054773869
97,62,-0.134778538221819,-0.00124332543113502,0.0551525545780989
97,63,0,0.0899045571628949,0.0647919857309993
97,64,0.125745235120823,0.0676026054348352,0.0118851462201887
97,65,0,-0.0302165500529168,-0.0960242752787952
97,66,0,-0.0438762559693145,0.0530593999083548
97,67,0,0.0062433662378136,0.0603958935754341
97,68,0,0.0446073387525651,0.0888713962521104
97,69,0,0.0998786736565919,-0.0124635251071768
97,70,0,0.03002844330674,0.0897669820753089
97,71,0,0.138984589630664,0.131723770728848
97,72,0,-0.00857461232083121,-0.105856161496794
97,73,0,0.107852906571658,0.230351727086178
97,74,0,-0.112608838091473,-0.0143237236607184
97,75,0,0.0925648647857822,0.22446714773837
97,76,0,0.0577582288364584,0.111414244938648
97,77,0,0.00830412326829915,0.270170978667279
97,78,0,-0.00960219346733612,-0.127998875865861
97,79,0,-0.00457154447507656,-0.114551603599574
97,80,0,-0.0754536652917273,0.0610048711736467
97,81,0,0.0699835952708974,-0.00358640903201642
97,82,0,0.0457082120667635,0.00617236541681949
97,83,0,0.00868942627423638,0.0607668231847157
97,84,0,0.0285876694475209,0.185876329199182
97,85,0,0.00523241398689796,0.0150479687727378
97,86,0,0.0315400156324612,0.0629982874926846
97,87,0,0.0436360141120005,-0.00439084906704007
97,88,0,0.0421956090556794,-0.121282170889908
97,89,0,0.0483034110928252,-0.0135603835062495
97,90,0.130813619643536,-0.151203584371409,-0.106357320590981
97,91,0,0.0195991387385543,-0.0356226120679108
97,92,0,-0.00153359768554891,-0.234643963311929
97,93,0,-0.0642926553500095,0.0180459031454917
97,94,0,0.0410478738571566,0.110779539807467
97,95,0,0.00634615254436361,0.0923408448809821
97,96,0,0.0198060164183307,-0.0160097269042584
97,97,0,1,1
97,98,0,-0.0682223549612924,0.0245688787643396
97,99,0.117198853755531,0.044580739640133,0.0822726276890472
97,100,0,0.115648734355731,0.10511396249117
98,1,0,-0.0237380996639459,0.0347796253767401
98,2,0,-0.0189080326204391,0.0718739567613484
98,3,0,0.0436265139705441,0.0965160897881276
98,4,0,0.00873031837748697,0.0848190337789854
98,5,0,-0.0032383479089996,0.0802948671048069
98,6,0,0.0419932817806768,-0.121736347768432
98,7,0,0.0603995813770507,-0.0117271167823667
98,8,0,-0.0306949644101544,0.0603012019715831
98,9,0,-0.0339135700569987,0.12188353680135
98,10,0,0.0151770284335242,0.0765148849441107
98,11,0,-0.178391505088624,-0.129848289131201
98,12,0,0.0285427314830662,0.0936551322099381
98,13,0,0.0331983040001866,-0.000269934258919707
98,14,0,-0.00933005245073941,-0.153530248790577
98,15,0,0.0399941098599002,0.0511970423509737
98,16,0,0.0558332426867011,-0.0596372640610421
98,17,0,-0.170447440236917,-0.131269257085845
98,18,0,-0.154145584484581,0.0076932984301931
98,19,0,0.0554784757318679,0.0253333666571343
98,20,0,0.0417587186937273,0.0979004250128303
98,21,0,0.0819713931940196,0.171564571452935
98,22,0,0.0168059816281472,-0.0193369463225042
98,23,0,0.126044811160416,0.0384803708661354
98,24,0,-0.107925736558017,-0.136863604287764
98,25,0,-0.0105940374346624,0.0782076646143966
98,26,0,0.0142759123840322,0.0433708870813815
98,27,0,-0.00413216265334237,-0.0343772484381627
98,28,0,-0.00465651788337813,-0.085969897176765
98,29,0.126447474380632,-0.0236739173483245,-0.0365142360585429
98,30,0,0.00522131280737768,-0.163815873767249
98,31,0.123014542888156,-0.112056554744004,-0.0671555750383548
98,32,0,-0.159468843350851,-0.0677550413629319
98,33,0,-0.0345160888345609,-0.0188337665808319
98,34,0,-0.067044627719017,0.0959348146368976
98,35,0,0.0248879928685876,0.102949806813268
98,36,0,-0.0572317232366708,0.110570800624546
98,37,-0.119565371424066,-0.00690365065766179,-0.0338854389437486
98,38,0,0.0468233538502982,-0.140622821148112
98,39,0,0.00713445550504912,0.13080410717083
98,40,0,0.0248401276743658,0.2093938033862
98,41,0,0.0150876269969346,0.0829352294597499
98,42,0,0.017832704159252,0.0688425268092015
98,43,0,-0.0335293291319524,-0.0226835159172884
98,44,0,0.0613165754455142,0.0528358158439824
98,45,0,-0.0102595535555585,-0.165724028615095
98,46,0,0.116448323761771,0.0738774539099239
98,47,0,-0.0156970716512265,-0.0824389460533863
98,48,0,0.00589198855965188,0.0964216418924129
98,49,0,0.0654336144664464,-0.0991708447664019
98,50,0,-0.0113888914708861,-0.0377198508297509
98,51,0,0.100186329149012,-0.138681445617929
98,52,0,0.0253102218471819,0.000189746029773252
98,53,0,0.0532499702754416,-0.117212815024304
98,54,0,0.00691770040403057,0.143084101651654
98,55,0,-0.150550818807189,0.00537524139295964
98,56,0,0.0767496752804717,-0.112569011826632
98,57,0,-0.159127615354528,-0.194102663732412
98,58,0,-0.0546633913204326,0.076713329480151
98,59,0,0.0137293799938166,-0.0513150098358536
98,60,0,-0.0339268277990012,-0.0131579822551908
98,61,0,-0.0676843705255917,0.13738150288845
98,62,-0.128084860123147,-0.00790508841267364,0.0285206891514339
98,63,0,-0.0412437024861768,-0.031927327765059
98,64,0,0.0221727216084909,0.0257397323592652
98,65,0,0.0491992407781681,0.126400877794052
98,66,0,0.107854512341487,0.157389564106607
98,67,0.129364564937059,0.0337075072222626,-0.0943417992127675
98,68,0,0.0266258698375332,0.0938138699291601
98,69,0,-0.1493144429443,-0.0746123040741482
98,70,0,0.0865772773252862,-0.0866784570738152
98,71,0,-0.0369268145587813,-0.263426079598134
98,72,0,-0.0218888925890217,-0.0151309319529237
98,73,0,-0.0224283325197101,0.16739389749992
98,74,0,0.139617414254226,-0.119899238107589
98,75,0,-0.060504773887265,-0.00430669267169028
98,76,0,-0.0155972195658,-0.0339845552617348
98,77,0.11388607257865,0.00375071561044556,-0.0629903415443949
98,78,0,0.00451707386842526,0.0899931329695328
98,79,0,0.0508338432538393,0.0726653209407835
98,80,0,0.123065387802973,0.0580235670906149
98,81,0,0.0716627796611465,0.0802216013876835
98,82,0,-0.0114849022446567,-0.0495819978692139
98,83,0,0.0592197214938124,-0.0813201679775927
98,84,0,0.0556850971517935,0.0109008946400167
98,85,0,0.0457412621347432,-0.0543736018348106
98,86,0,0.0608944242293771,-0.190799308330786
98,87,0,-0.155012197778845,0.00798385615814628
98,88,0,-0.149685299588153,-0.134860712762359
98,89,0,-0.00750311702666403,-0.0803412858499521
98,90,-0.124316856343025,0.0115216648927131,-0.0594330366289062
98,91,0.121420781496349,0.0471661779001445,0.087845407545242
98,92,0,-0.0251231907389064,-0.0807879168676593
98,93,0,0.0633000873199043,0.190343164507829
98,94,0,-0.0344907561725655,-0.127043023846697
98,95,0,0.0423574036595602,0.229248919550559
98,96,0,0.00101882836929714,-0.113759833882687
98,97,0.120755558865401,-0.0682223549612924,0.0250086765580516
98,98,0,1,1
98,99,0,-0.0351096229943684,-0.13766675564969
98,100,0.117104334218429,-0.154306049305685,-0.168719270769517
99,1,0,-0.0185493316678065,-0.0415423008512201
99,2,0,0.0432438921871342,-0.0908021964876633
99,3,0,-0.0416420523309679,0.058333945679462
99,4,0,0.0398551254195283,0.145314300057898
99,5,0,0.0170652989019678,-0.0493969791315261
99,6,0,-0.0620377964235501,0.0287863432241774
99,7,0,0.0649835513223917,0.0981166380493341
99,8,0,-0.00667267693982806,0.043832741965782
99,9,0,0.0388053614683211,0.00364037398061598
99,10,0,-0.00464245274916164,0.0672881606884757
99,11,0,0.0844571893022075,-0.0194146059127739
99,12,0,-0.161878253654303,-0.0836732082970462
99,13,0,-0.0494670163270131,0.0617180126860002
99,14,0,-0.0323723747077906,-0.010289337936828
99,15,0,-0.0578872184614038,-0.140298338600298
99,16,0,-0.121949530154867,0.082264033731246
99,17,0,0.00355922809742015,0.0700402465520406
99,18,0,-0.0121897410904442,0.0256245584292105
99,19,0,-0.171791061333551,-0.178720263858225
99,20,0,-0.0159053018313646,0.0717857226470561
99,21,0,-0.00178505011053516,-0.150670818095431
99,22,0,-0.053857156201014,0.00908004165818984
99,23,0,-0.0716985295770033,-0.114686842067913
99,24,0,0.0210834503504558,0.117423731826238
99,25,0,-0.0479497241774263,-0.0900199669646613
99,26,0,0.0164954070123499,-0.066181372479695
99,27,0,-0.00610127114655837,-0.164970338556672
99,28,0,-0.058887021548688,0.020315945592865
99,29,0,0.0617774430170479,0.141798633582045
99,30,0,-0.00067277269102562,-0.196726119030404
99,31,0.123022633846819,0.0812820942221581,0.109215211302736
99,32,0,0.0271800340226685,-0.0655345862142098
99,33,0,0.0608264020011771,-0.0898045319957503
99,34,0,0.0546074850682533,0.00719924074341414
99,35,0,0.0219195979174289,0.116530639836389
99,36,0,-0.0315047809466806,0.00246607446491522
99,37,0,0.0305646930886595,0.192498198003088
99,38,0,-0.0170595916549734,-0.00449095665146479
99,39,0,0.0248635124079259,-0.13275224258855
99,40,0,0.00759450233081096,-0.0622890392903349
99,41,0,-0.0726520598099291,-0.272822556583585
99,42,0,-0.00922816705223652,-0.178984046501256
99,43,0,-0.0357048671934322,0.0367251881864009
99,44,0,-0.00484786037931727,0.0419117257305055
99,45,0,-0.0540212505622475,-0.143646170096693
99,46,0,0.0405624444810188,-0.0329291457720193
99,47,0,0.0672245765770451,-0.0160306542043333
99,48,0,-0.0093065171547758,-0.151846333487791
99,49,0,-0.0150969015397059,0.0550885375948725
99,50,0,-0.0127047360373727,0.00934546500868741
99,51,0,-0.0417681813015472,0.0695149638312612
99,52,0,0.01521183142693,0.0394241172224967
99,53,0,-0.0525616141605675,0.0114350082308918
99,54,0,-0.021216667362265,0.173926177652375
99,55,0,0.0110255799008452,-0.230868477642309
99,56,0,-0.0101683657874924,-0.106146607517848
99,57,0,0.0772997594609821,0.129545003301464
99,58,0.124056139116173,0.0529778663102839,-0.0797895723359076
99,59,0,0.0186128488758843,-0.0878675911176055
99,60,0,-0.0152681829037146,0.135955059339448
99,61,-0.119231601693396,0.0314344024414871,-0.122752420303697
99,62,0,-0.0843888992087631,-0.0988296277266673
99,63,0,-0.0350891420134005,-0.0374425518928345
99,64,0,-0.0562697643785791,-0.0724509751457716
99,65,0,0.0644520164159857,0.0604256201400254
99,66,0,-0.0895576062614375,-0.288865585996739
99,67,0,-0.0024259382140683,0.0534395976737335
99,68,0,0.0204542822675452,0.000625530054536847
99,69,0,-0.00186963037236398,0.109893183392892
99,70,0,0.0115312176263994,-0.00421782160848308
99,71,-0.125180056222365,-0.0310593992892775,0.046883242442561
99,72,0,-0.0683956629425047,-0.0964153977646391
99,73,0,0.0804002579002121,0.0995985762225957
99,74,0,-0.185221194288936,-0.0861314966723264
99,75,0,0.0417000324110941,0.13642180143175
99,76,0,0.0796996599059197,0.0615223093035357
99,77,0,0.034181038122642,0.0844524500602537
99,78,0,0.000839807464614068,0.0359052605474683
99,79,0,0.0365206304763933,0.159769179099536
99,80,0,-0.0315722969603997,0.00856645461096103
99,81,0,0.0189297395942461,-0.137757974394254
99,82,0,0.0182231865603619,-0.0320942161249247
99,83,0,-0.0145607652870454,-0.0134137990050038
99,84,0,-0.00634384237370294,0.0739108814657664
99,85,0,0.017819553236305,0.020608051240327
99,86,0,-0.00160595188507768,0.0537387238015972
99,87,0,0.0114901104093078,-0.051314510836932
99,88,0,-0.00518835732197063,-0.158202714038211
99,89,0,0.00207714992884066,-0.164149704913399
99,90,0,-0.0634721620025357,0.0711994884851583
99,91,0,-0.0159863031933351,-0.0155512763567687
99,92,0,0.0564236900314779,0.0588558832666531
99,93,0,0.0622263696994029,0.048394266850013
99,94,0,-0.0237450716707777,-0.0669096274200979
99,95,0,0.020396913458763,0.0433669507501409
99,96,0,0.0332648411057043,0.0105998883214148
99,97,0,0.0445807396401331,0.0767762620538522
99,98,0,-0.0351096229943684,-0.126210445851357
99,99,0.588801238918677,1,1
99,100,0,-0.0695868802161443,0.0705834760339773
100,1,0,-0.184676890305553,-0.158754800014808
100,2,0,-0.00368314252025754,-0.232980552531659
100,3,0,0.0498208667755412,0.0914342864201667
100,4,0,-0.0110292850688441,-0.277285860992079
100,5,0,-0.0143852477460728,-0.00682927716723865
100,6,0,-0.00231083927747213,0.015263368872449
100,7,0,-0.178801339012233,-0.144492066595582
100,8,0,0.0225364885099052,0.0229755469311014
100,9,0,0.0288955416612835,0.137917550778503
100,10,0,0.0677500246939707,0.0813050274155233
100,11,0,0.0366239495568396,0.312598641444114
100,12,0,0.0743010047574946,0.0870036443981177
100,13,0,0.0474252836803376,-0.222472045907677
100,14,0,0.118757347085289,0.325196931276474
100,15,0,0.0765328602968676,0.0380202683105224
100,16,0,0.170769118193864,0.0883074137069667
100,17,0,0.12314648196681,0.207439109593335
100,18,0,0.149028668308904,0.0625024281328101
100,19,0,0.031953722002494,-0.0117064414309113
100,20,0,-0.023784968485249,-0.102267897092248
100,21,0,-0.12184312288651,-0.122226144601635
100,22,0,0.134684373218973,0.15447528822175
100,23,0,0.057000974303478,0.0351599741812661
100,24,0,0.0672841894796683,0.149606835571504
100,25,0,0.128629709692729,0.0401626167615187
100,26,0,-0.00782513707876197,0.166124028796307
100,27,0,0.0537514514358654,0.0193883566396026
100,28,0,0.0771028109963942,0.00935725280064051
100,29,0,0.0188066820956374,0.0328636292209265
100,30,0,0.0310229525271836,0.0279149170707335
100,31,0,0.0287227862265374,-0.0171790127132624
100,32,0,0.146301690871494,0.0339636540514421
100,33,0,0.00128093215583716,0.245812298027321
100,34,0,-0.0668974544257677,0.0696427632185623
100,35,0,0.0603182324956953,0.0663963799369905
100,36,0,0.163290574512035,0.427105300355253
100,37,0,-0.221724675707082,-0.320823365935726
100,38,0.132237584796502,-0.0569214763430032,-0.283092659796494
100,39,0,-0.0150557635223826,-0.0023113492560201
100,40,-0.131442388677368,-0.0376276793639586,-0.0551501442614003
100,41,0,0.0692229961681408,-0.285965543663505
100,42,0,0.0153542817481758,-0.096869021361524
100,43,0,0.0541491553827012,0.063022674591867
100,44,0,-0.154245042165246,-0.165703983702527
100,45,0,0.0543301825254818,-0.101702369802018
100,46,0,-0.261781256891176,-0.322406424250629
100,47,0,-0.00712202303733908,0.0971201902575913
100,48,0,0.00149620547220471,0.0181708810339779
100,49,0,-0.0678239405346206,-0.172541012476674
100,50,0,-0.00175540200224619,0.29627868046009
100,51,0,-0.0454271816606599,-0.0282612551858687
100,52,0,-0.0632476017138218,-0.411694597382016
100,53,0,0.109757162415468,0.167610030042185
100,54,0,0.0827085720045759,0.0348265461602885
100,55,0,0.0718090520148949,-0.0730960265391949
100,56,0,-0.0227162038329068,0.178063436445551
100,57,0.126322026548216,-0.117124881532485,-0.186939016242744
100,58,0,-0.0233421089099004,0.0201946850246457
100,59,0,0.0634410464234125,-0.0545827229355372
100,60,0,0.0622464361487675,0.310682284387933
100,61,0,-0.163829398564159,-0.144911287549428
100,62,0,0.0220000983127768,-0.0518762170943965
100,63,0,0.156081814532345,0.0795657523790127
100,64,0,0.157249123297647,0.082420169820221
100,65,0,-0.0553393464093885,-0.130221751503274
100,66,0,0.0425566898404843,-0.288045806641047
100,67,0,0.0389004650526954,0.098466170350275
100,68,0,0.098428071879335,0.121579312824652
100,69,0,0.0620231566984581,0.256801846610353
100,70,0,0.0286002735381544,0.0483984405171426
100,71,-0.132823338200981,0.0795210529026678,0.251178289747163
100,72,0.144658271071188,0.112209996383678,0.12868825049479
100,73,0,0.0212708154984994,0.0886135196214458
100,74,0,0.0732070611987976,0.107076684901882
100,75,0,0.0211836860025266,0.0761610605433593
100,76,0,-0.0647761680873714,-0.0250237264644992
100,77,0,-0.0265142399321097,-0.13117947902274
100,78,0,0.0268142394442453,-0.0803933480939757
100,79,0,-0.18325794944949,-0.192654236005773
100,80,0,-0.0563384210903996,-0.0986921496178179
100,81,0,-0.0475264810917795,0.0464695040513365
100,82,0,-0.0227884874239406,0.115488925141487
100,83,0,0.013910653393329,-0.135028893710157
100,84,0,-0.0155618331410776,0.0443144166162798
100,85,0,0.00519863774131355,0.130491947655945
100,86,0,0.0171445195295639,0.25286013226917
100,87,0,0.0338840418929643,0.0205350333708661
100,88,0,0.0357148766997359,-0.166464241822108
100,89,0,0.115116092509099,0.0440253281236314
100,90,0,0.0917410904047558,-0.153267312109218
100,91,0,-0.0187925492780805,-0.119472319558008
100,92,0,-0.140863215883646,-0.116637034099728
100,93,0,-0.217771886506057,-0.135067348493493
100,94,-0.125458753705001,0.0492431959839649,0.290207812467476
100,95,0,-0.0384237036617301,-0.150840755664628
100,96,0,-0.0811400950921462,-0.225693421816234
100,97,0,0.115648734355731,0.155407831491294
100,98,0,-0.154306049305685,-0.24505965039786
100,99,0,-0.0695868802161443,0.111826295718211
100,100,-0.861389184836298,1,1
